1,2,93
1,3,13
1,5,97
1,6,97
1,9,3
1,8,92
1,19,36
1,16,96
1,12,76
1,13,47
1,17,19
1,10,38
2,11,51
2,13,61
2,9,75
2,4,14
2,5,1
2,17,98
2,14,71
2,6,62
2,7,26
3,4,9
3,7,44
3,10,52
3,17,62
3,13,42
3,20,29
3,2,51
3,14,55
3,19,28
4,18,63
4,16,28
4,19,66
4,6,3
4,9,19
4,13,62
4,5,37
5,8,67
5,12,37
5,3,32
5,10,43
5,13,33
5,19,96
5,9,11
5,15,7
6,17,60
6,16,60
6,15,18
6,3,34
7,15,88
7,16,86
7,1,97
7,5,35
7,6,95
7,18,35
7,12,52
7,4,64
8,13,80
8,4,71
8,18,93
8,16,26
8,3,90
8,6,28
9,14,70
9,8,10
9,11,61
9,17,46
10,4,54
10,2,40
10,8,84
10,7,7
10,15,81
11,12,8
11,14,59
11,17,42
11,16,63
11,19,6
11,15,9
11,18,20
11,13,29
11,4,92
11,8,81
11,3,51
12,3,23
12,10,51
12,9,71
12,2,42
12,19,78
12,18,29
12,14,18
12,17,11
12,8,83
12,20,29
13,19,10
13,6,51
13,7,59
13,20,9
13,14,39
13,9,18
13,18,87
13,17,24
14,8,73
14,6,45
14,4,39
14,10,62
15,13,11
15,12,52
15,9,86
15,20,32
15,3,40
15,16,57
15,14,52
15,1,12
15,2,20
15,4,66
16,3,100
16,10,35
16,9,61
16,14,62
16,17,62
16,13,10
17,20,59
17,4,87
17,8,17
17,18,56
17,15,39
17,5,30
17,7,82
17,14,24
17,10,42
18,1,85
18,3,95
18,10,76
18,15,3
19,16,85
19,15,87
19,6,90
19,2,75
19,7,48
19,18,94
20,1,68
20,4,12
20,9,75
20,18,47
20,11,18
20,16,74
20,5,80
20,2,9
20,14,70
20,10,68
0,0,0
