27,30,75
8,24,15
49,53,27
8,23,68
42,50,17
15,46,99
21,49,40
33,37,29
14,29,60
11,31,26
4,17,88
28,37,61
4,13,39
37,42,71
17,44,91
21,48,54
44,45,51
17,37,47
7,48,4
8,31,52
29,30,29
13,34,88
15,30,10
33,35,24
37,46,4
2,39,47
34,46,62
39,53,84
4,35,49
2,51,19
24,40,31
47,52,60
27,52,1
7,8,57
28,31,97
0,12,40
2,31,70
9,38,50
34,43,59
3,11,97
19,29,4
16,29,99
31,34,9
14,40,62
16,23,32
4,46,89
10,43,82
1,6,69
6,42,96
12,47,51
7,51,81
50,53,52
17,42,70
16,47,31
15,21,67
33,38,69
8,15,15
2,47,60
14,32,42
25,46,25
6,33,80
31,40,62
0,43,47
12,53,24
11,51,66
26,46,93
16,50,81
5,10,35
0,39,7
29,53,14
14,26,94
6,22,66
17,18,20
13,28,1
28,41,97
31,37,24
15,43,80
21,41,6
46,49,90
0,4,39
31,51,82
24,31,65
3,43,23
4,28,72
7,19,83
5,35,81
6,32,4
19,47,27
10,23,59
22,38,24
22,43,35
13,14,38
19,46,6
12,50,72
10,12,54
18,51,47
10,17,67
19,30,77
34,53,68
16,30,80
8,48,75
19,38,59
13,32,38
3,34,66
3,32,7
10,48,1
6,20,48
11,53,68
26,31,70
23,24,54
25,29,47
17,30,61
42,45,35
0,10,57
1,47,45
18,40,10
10,25,30
3,5,19
16,41,53
0,52,24
10,22,47
8,13,4
18,25,16
38,49,99
6,39,58
17,27,91
1,8,17
12,51,18
6,10,68
31,36,47
16,53,89
8,22,75
12,25,20
17,52,2
19,45,12
11,34,33
1,53,5
9,29,87
25,43,65
14,18,30
11,13,40
6,23,74
28,44,12
4,25,25
6,51,58
26,50,25
36,45,54
8,33,62
7,13,43
2,12,89
29,48,45
19,51,5
6,12,61
8,9,49
11,21,58
5,39,12
2,36,67
23,48,72
17,38,74
0,49,81
18,39,68
3,8,98
24,33,31
13,37,64
1,26,95
14,37,14
49,52,80
6,11,88
17,51,15
8,50,31
30,46,79
26,29,81
9,11,74
6,30,76
17,49,50
20,32,59
26,53,4
15,27,63
15,44,18
1,5,25
0,35,76
0,37,64
30,47,12
7,43,79
14,47,10
11,30,44
2,24,33
11,37,57
40,46,76
11,41,92
17,32,47
51,52,3
10,38,58
36,52,48
30,38,92
14,27,16
27,46,95
14,25,78
3,45,39
34,37,46
7,49,41
5,40,71
17,28,26
8,12,59
5,18,32
40,50,98
3,41,43
2,41,65
22,29,40
22,44,44
8,16,91
19,35,33
4,45,26
0,2,20
4,31,50
41,53,99
10,49,86
7,15,96
34,40,94
8,18,48
46,50,64
19,34,13
25,28,16
5,23,44
22,37,5
1,27,99
31,52,35
10,33,67
38,40,9
13,43,79
34,39,12
4,42,76
13,21,48
1,42,2
5,22,58
19,53,37
5,21,45
13,45,20
23,30,39
14,36,24
3,17,14
24,48,69
22,35,90
23,34,50
13,41,31
0,27,31
1,25,41
3,42,52
6,27,24
17,24,40
21,31,14
30,50,7
22,24,36
34,47,57
26,37,21
18,38,72
0,13,78
10,29,52
11,28,2
17,22,26
18,22,41
14,19,28
23,26,89
7,34,10
24,44,45
13,25,97
42,52,89
7,9,86
4,41,14
39,41,45
6,48,60
17,46,62
22,48,22
23,35,32
31,41,49
49,51,87
31,53,35
24,28,62
17,40,80
4,30,63
27,35,86
33,51,15
40,52,70
19,42,79
0,45,10
41,52,82
20,46,31
7,28,25
14,42,28
28,30,92
19,52,7
23,46,51
1,30,60
47,51,21
14,17,91
0,15,14
9,18,35
8,21,89
12,24,36
38,51,73
15,28,33
27,50,97
10,39,51
2,42,23
35,49,12
14,24,59
18,49,11
9,15,45
14,51,18
25,40,27
9,24,63
7,50,17
18,43,22
9,49,54
3,24,32
47,50,2
36,46,27
1,16,49
8,30,95
23,33,57
33,34,22
2,10,47
1,13,42
11,27,65
11,47,65
16,39,7
45,52,30
32,39,58
5,48,98
5,34,94
35,36,38
35,50,99
26,43,91
16,48,40
42,51,34
13,48,52
37,39,40
0,29,3
38,45,33
2,22,72
21,25,31
3,53,35
15,39,84
18,33,24
18,30,14
6,28,78
32,52,81
35,41,78
22,28,79
28,40,97
1,36,42
11,43,63
43,47,68
6,36,77
12,28,84
8,38,86
0,0,0
