25,27,17
39,58,8
31,35,1
15,53,11
3,56,29
20,62,21
6,8,60
12,33,21
21,49,86
56,57,54
1,51,80
49,52,91
26,46,43
73,76,96
9,54,62
27,41,69
65,77,49
14,21,99
29,46,7
33,74,85
76,79,31
37,38,38
7,53,28
9,66,96
34,80,53
3,62,27
25,50,6
30,63,6
17,66,37
21,63,50
9,10,12
2,30,30
10,34,60
7,30,88
43,79,56
35,63,80
6,41,1
8,27,4
27,58,97
10,80,95
1,46,14
11,72,27
65,73,78
46,72,64
43,47,83
74,79,16
26,49,23
7,16,1
5,22,30
37,50,17
44,57,83
56,66,16
17,46,12
6,62,15
14,58,88
29,53,70
60,61,34
4,32,79
23,46,9
52,69,29
15,43,24
22,80,16
25,69,23
6,14,40
13,53,9
3,41,33
26,77,94
10,48,49
24,34,23
18,55,63
47,55,14
22,42,84
33,63,43
2,9,90
2,35,38
36,75,91
2,57,69
17,24,54
11,69,2
42,78,56
37,75,44
49,79,72
13,76,6
26,33,97
18,66,16
61,65,40
58,75,7
44,67,73
70,71,85
34,74,39
12,69,60
59,65,70
15,73,62
43,69,30
25,51,3
18,57,29
9,65,41
7,71,4
2,45,98
9,19,27
48,69,17
0,54,68
34,42,88
2,61,95
32,71,77
17,68,35
26,55,79
25,52,33
21,48,95
47,49,2
62,65,16
9,29,79
31,55,96
7,36,98
18,48,42
43,49,4
25,54,92
45,56,96
3,29,94
23,43,35
14,71,51
18,24,60
17,56,58
4,16,56
17,25,94
24,72,22
24,53,76
21,29,30
53,71,6
32,34,81
37,54,58
9,74,70
25,34,74
11,59,89
19,48,70
13,58,94
13,33,56
35,80,82
26,29,55
35,64,56
26,74,65
11,66,67
72,75,60
29,62,9
56,58,96
17,73,18
44,66,90
5,6,85
29,74,71
29,65,17
34,48,52
15,51,24
41,76,60
40,63,1
33,36,16
15,32,39
29,38,50
8,45,94
15,72,64
19,22,63
35,36,47
14,78,50
31,70,27
23,26,44
27,70,7
8,61,50
26,38,50
7,28,80
37,41,47
52,58,78
62,77,83
47,79,70
18,39,28
23,32,77
44,55,62
23,72,20
8,37,79
29,63,91
55,75,24
38,42,70
3,70,86
25,74,91
51,64,83
6,78,7
6,74,26
3,50,71
48,74,34
39,56,62
29,32,57
33,75,48
12,60,34
0,59,65
1,54,15
30,41,35
10,65,58
48,56,10
2,16,19
25,36,88
35,66,11
29,67,33
22,35,35
56,72,32
11,20,63
26,41,89
5,32,53
8,71,1
31,80,61
41,45,99
16,34,19
24,52,9
39,67,31
46,57,42
36,52,70
2,75,70
36,65,38
15,78,2
14,23,68
3,36,10
17,32,39
43,70,57
8,66,74
58,73,39
9,37,98
9,80,18
38,64,58
24,26,42
11,14,59
15,34,45
5,12,73
0,26,55
11,70,16
3,27,31
19,24,83
61,78,90
5,73,78
42,55,45
39,74,87
12,49,12
0,14,47
8,57,68
31,79,67
13,23,5
4,74,59
63,75,73
34,61,84
5,65,65
63,73,73
10,56,52
7,68,13
3,5,65
50,60,79
30,57,16
8,18,42
57,67,67
42,76,47
72,77,89
1,55,30
6,30,71
54,72,41
6,70,97
0,3,18
1,5,29
19,53,99
45,48,59
39,69,26
49,55,83
16,63,72
60,68,4
22,75,23
26,79,23
24,33,21
35,46,17
3,35,89
40,78,96
0,67,22
1,44,54
27,71,85
59,64,27
49,54,73
0,5,20
38,75,53
19,36,47
43,73,63
31,77,59
49,68,87
32,49,75
24,46,93
23,37,34
26,62,87
57,71,38
27,48,24
15,29,47
2,71,61
53,65,74
25,72,30
29,77,20
61,74,98
1,24,82
10,79,36
27,67,43
58,70,84
40,44,70
47,72,95
8,77,85
45,66,76
51,57,81
0,2,52
31,48,53
8,38,5
39,76,56
21,34,83
13,16,8
13,17,19
58,68,7
10,12,92
22,23,3
61,77,92
36,60,39
5,72,48
14,63,99
47,62,51
53,70,42
49,50,65
11,27,16
8,14,85
5,61,94
40,51,47
5,67,50
4,18,59
43,53,19
8,21,8
30,54,67
32,44,38
74,77,78
17,30,17
70,72,31
2,18,44
28,45,28
1,4,60
10,66,41
36,69,27
14,35,13
27,35,72
40,45,77
18,33,81
12,27,35
9,15,20
24,50,59
50,72,69
20,60,78
9,57,63
37,44,62
41,48,92
15,67,60
29,59,53
43,44,24
4,20,7
24,37,73
14,51,17
43,71,90
3,25,50
42,68,19
33,78,43
65,71,40
23,41,2
0,57,44
7,58,45
3,75,31
2,79,50
3,71,12
41,64,12
3,48,80
5,59,5
19,64,13
11,45,9
48,62,19
50,57,24
65,80,60
36,47,36
9,73,21
1,59,30
38,65,79
27,65,10
41,55,69
42,74,52
9,51,62
31,43,3
34,65,70
14,34,23
21,22,5
10,59,19
47,74,37
32,53,58
45,69,86
41,78,76
4,11,28
13,22,14
60,76,93
14,75,31
41,67,7
5,11,29
5,8,31
41,68,81
24,40,56
10,58,35
39,57,58
35,58,7
51,80,71
0,27,85
10,74,48
39,80,96
6,60,38
20,28,60
43,51,77
54,66,80
51,77,23
39,47,87
52,59,57
23,71,83
14,76,72
0,68,61
46,54,28
54,77,41
28,62,33
5,14,3
37,58,93
18,34,91
40,64,89
71,77,68
5,76,60
4,33,74
35,57,37
2,77,91
1,35,48
4,67,25
10,19,20
6,72,21
16,47,37
11,58,54
11,40,88
19,61,1
20,42,17
32,76,56
0,45,33
11,50,81
32,42,47
73,79,6
20,34,13
27,51,37
17,36,74
32,69,88
30,74,27
67,76,92
30,45,26
26,34,52
44,71,93
44,73,99
76,78,85
77,79,26
13,72,63
3,6,85
10,47,53
5,16,24
12,78,7
14,77,79
43,67,54
0,31,85
57,60,11
49,78,89
16,77,77
38,71,84
31,38,75
27,49,30
10,22,56
29,68,2
41,71,33
29,66,33
34,70,89
7,72,72
17,45,55
34,47,55
47,61,54
33,54,86
8,15,83
46,65,47
25,78,62
35,67,32
40,67,11
26,71,69
55,66,37
31,59,90
10,25,30
20,47,13
23,39,63
35,68,27
46,77,24
58,65,61
36,68,77
29,41,54
19,70,17
53,55,6
55,65,59
48,75,56
30,48,22
35,55,39
53,72,36
35,49,63
26,28,40
11,39,24
78,80,38
4,19,25
24,66,54
9,79,14
29,30,1
46,50,27
33,67,8
6,76,30
5,41,87
11,76,50
22,44,12
58,59,18
28,55,46
4,13,6
10,53,11
23,73,32
59,77,12
15,26,86
36,41,21
18,25,67
20,21,42
63,70,2
52,70,95
0,33,11
54,78,1
15,50,99
10,64,21
48,79,53
4,26,41
14,52,79
54,64,99
32,57,21
7,66,93
20,66,2
4,52,87
21,45,93
6,10,18
68,79,47
4,22,81
62,73,37
58,76,51
0,52,56
54,70,79
34,79,26
38,39,71
29,54,50
27,43,12
42,49,88
3,54,33
2,22,94
8,16,36
35,77,94
26,37,60
35,45,24
63,76,36
3,40,40
15,30,52
36,55,50
11,42,98
6,28,25
37,62,22
46,78,64
2,67,71
21,32,9
36,56,64
41,66,32
32,33,20
13,73,62
74,78,5
24,76,52
16,52,97
54,80,85
28,79,58
59,61,54
4,5,93
31,52,43
43,62,18
4,28,65
6,23,92
42,72,55
26,67,70
69,71,34
9,77,89
16,45,90
14,28,3
14,55,64
62,78,84
14,59,35
61,63,82
18,79,16
54,69,66
11,78,96
12,57,42
19,38,30
14,37,83
1,2,29
16,59,19
21,67,72
61,76,29
29,52,74
7,11,35
4,6,61
56,75,70
3,76,94
10,13,45
2,20,7
1,36,4
44,46,10
48,80,81
0,4,49
24,35,54
38,80,15
12,16,40
30,58,75
16,66,63
32,64,60
42,47,15
0,13,85
46,61,95
19,63,9
23,62,58
0,64,16
5,64,77
39,65,41
9,34,55
8,11,79
29,56,93
19,42,71
24,60,1
23,29,36
6,56,21
57,66,88
38,68,29
51,79,23
20,69,2
2,33,20
43,66,20
30,35,46
58,77,93
0,41,91
21,50,62
2,68,31
27,39,12
64,76,33
50,77,34
34,35,43
24,30,18
64,70,77
20,31,89
8,26,6
30,55,37
43,56,38
4,62,2
36,49,35
37,68,75
5,10,59
70,73,8
52,79,64
28,31,8
13,74,72
22,74,76
2,80,38
23,33,30
31,37,65
12,44,18
45,65,67
40,55,86
15,18,21
46,71,58
22,48,4
54,61,93
38,73,86
8,58,31
65,75,79
53,67,78
27,66,96
12,77,61
19,67,51
53,69,90
17,26,5
15,46,90
22,53,34
0,21,42
2,4,30
28,77,24
35,37,52
31,66,13
33,39,22
7,33,27
34,45,15
57,63,21
47,63,77
60,80,8
39,52,29
41,60,46
49,59,89
3,73,56
1,17,84
9,43,26
5,62,57
34,68,58
17,58,69
47,57,86
60,74,8
30,72,49
7,15,17
26,31,39
8,46,24
28,40,53
51,74,9
29,61,45
14,16,94
4,15,4
68,69,64
1,41,20
14,19,57
71,74,32
4,76,38
9,32,20
69,77,90
27,78,91
63,78,44
48,61,70
29,60,24
20,54,98
1,30,84
46,63,97
9,64,44
7,42,2
12,41,4
30,59,16
41,58,53
0,75,97
29,72,26
63,64,11
63,65,7
6,73,43
4,8,50
1,3,92
45,76,8
39,42,4
16,41,22
4,24,94
7,25,12
15,42,47
20,46,76
20,65,31
16,71,42
21,76,23
58,79,9
63,71,98
64,75,91
12,17,10
8,55,13
35,51,4
35,70,85
32,48,93
7,62,71
55,79,53
12,26,71
2,29,49
45,78,28
4,57,76
41,77,32
37,69,28
10,26,84
14,17,6
10,24,79
58,69,5
39,49,31
39,75,53
63,69,87
11,64,73
27,34,91
30,77,76
44,70,30
4,68,80
14,32,39
40,65,76
1,14,31
28,71,81
42,65,26
50,56,51
21,26,43
14,56,77
20,39,32
25,41,29
32,62,17
46,53,26
49,64,61
5,56,60
60,72,25
47,51,47
8,47,9
21,55,98
45,62,79
34,62,67
26,51,37
30,42,19
22,69,44
0,8,96
66,69,62
14,44,13
35,69,45
4,43,4
29,73,77
21,44,46
33,34,49
50,59,66
19,33,80
9,63,82
8,64,59
27,59,42
14,69,91
28,54,27
72,78,27
10,32,94
62,71,26
17,69,15
30,43,56
2,26,77
31,64,85
23,35,82
3,20,85
24,68,95
55,61,56
25,79,24
4,36,41
40,77,78
47,70,74
55,57,71
23,70,46
38,61,83
16,38,82
15,54,54
13,46,78
5,40,32
9,22,17
49,71,17
6,32,74
11,55,55
51,69,26
31,32,83
48,52,13
14,30,67
14,15,63
33,69,94
55,60,21
44,47,7
33,62,67
30,53,84
12,38,92
0,32,99
61,72,51
40,72,42
29,75,4
25,49,71
28,48,71
1,12,4
26,36,57
29,71,51
7,74,46
9,40,65
11,60,35
50,74,99
14,47,1
23,78,85
9,49,99
11,30,35
50,63,17
6,15,86
46,68,31
22,64,72
11,22,58
58,80,48
70,77,29
14,62,32
24,63,4
14,61,45
15,45,22
40,74,17
20,72,49
0,22,17
51,76,1
9,46,41
33,48,8
3,15,10
30,39,31
6,21,42
37,39,34
0,6,15
23,67,74
10,21,93
17,37,97
29,79,16
14,74,9
55,56,52
18,73,22
56,77,15
30,46,67
49,73,81
67,79,32
54,76,81
8,31,12
22,72,94
23,28,4
40,58,24
20,73,72
49,63,6
39,45,91
48,60,35
66,74,51
39,59,81
11,43,12
12,59,48
16,26,61
36,53,68
20,41,54
28,78,58
41,62,84
6,55,84
27,73,43
45,49,97
62,79,9
39,61,1
28,58,68
25,59,12
62,69,92
5,68,86
4,47,53
9,18,59
10,71,70
32,68,92
21,72,28
13,56,40
31,40,54
69,72,34
21,54,81
53,75,1
72,76,3
11,19,49
59,79,30
1,16,45
41,49,3
49,58,43
0,69,82
41,47,10
3,38,50
3,14,68
40,47,4
24,70,65
1,39,59
4,44,23
15,19,74
46,56,3
18,76,66
33,52,52
14,31,10
31,67,28
32,65,1
5,50,59
3,64,36
10,20,74
22,55,82
1,60,54
13,20,93
21,74,41
19,45,68
11,77,76
27,28,51
3,42,31
36,80,94
69,80,95
1,32,54
24,59,66
61,67,12
2,23,5
32,80,50
33,37,81
13,28,86
2,53,71
24,32,58
1,34,51
56,60,75
36,66,28
16,53,40
4,63,60
16,78,76
5,17,29
18,28,71
25,40,89
10,16,99
38,70,49
25,33,82
61,75,6
4,59,21
1,9,73
50,62,1
22,70,60
10,46,22
64,69,17
32,67,29
25,45,25
11,48,9
22,34,50
70,78,43
6,24,56
52,55,8
62,72,76
3,4,73
9,61,78
12,70,79
38,43,7
6,64,12
6,22,67
21,35,14
1,42,87
27,46,28
12,68,34
65,76,78
0,71,45
46,69,80
46,73,39
10,17,62
14,36,70
24,74,89
38,45,73
14,38,2
42,60,12
31,58,30
54,62,73
12,34,40
34,39,39
6,19,93
28,67,56
15,36,52
49,51,72
4,31,83
13,69,58
8,56,13
6,48,34
62,70,95
53,60,28
65,68,19
42,51,52
36,46,93
49,77,19
58,72,48
2,64,8
26,42,56
33,57,7
26,57,58
69,79,54
45,60,7
51,67,62
28,76,4
2,7,71
23,55,7
45,61,83
14,66,34
45,53,76
53,59,82
17,76,93
19,41,47
45,70,1
2,73,82
20,51,14
8,34,41
19,20,38
34,72,38
31,54,5
13,29,94
30,49,14
26,32,57
5,70,78
16,56,67
50,78,90
12,14,46
46,48,90
3,12,87
49,72,91
3,77,75
4,58,34
56,67,78
60,78,84
25,63,30
12,46,39
8,19,90
52,54,97
2,37,29
34,60,18
30,65,68
73,74,75
50,80,55
9,31,30
4,48,17
55,64,66
12,50,33
56,73,97
14,79,93
13,79,59
43,63,29
60,71,49
37,47,35
11,65,25
27,37,33
23,27,32
7,43,47
44,60,45
19,55,52
33,71,78
13,77,54
0,53,78
12,48,85
0,39,32
54,63,10
10,44,73
10,31,34
55,68,24
12,74,79
36,40,48
55,62,28
10,41,97
32,45,58
16,80,96
54,79,28
38,54,25
59,67,54
43,77,37
40,69,39
4,12,88
15,66,24
1,66,8
49,76,52
6,75,22
50,65,7
0,40,7
40,53,49
15,65,54
52,61,89
1,11,60
0,38,19
13,68,81
21,56,32
25,44,64
14,18,31
9,12,94
9,56,12
13,80,95
71,79,74
26,66,20
9,47,95
12,52,69
2,6,69
72,73,83
44,76,93
27,42,89
42,53,65
39,78,44
12,32,40
66,80,46
8,72,70
21,64,21
3,45,1
3,26,73
1,75,16
11,26,95
4,27,40
32,43,79
4,69,51
43,72,31
11,38,94
6,80,95
52,80,6
28,41,31
47,77,70
22,57,51
59,78,38
6,47,70
6,50,43
29,80,21
42,48,70
15,24,48
66,71,82
2,25,79
43,61,83
48,67,78
22,46,31
0,25,90
40,62,93
63,79,72
18,37,87
1,58,64
26,58,69
1,25,85
22,29,68
8,22,8
38,41,44
43,54,52
19,51,35
21,53,30
13,21,84
53,62,47
5,44,41
16,18,33
45,58,96
25,73,69
13,64,15
18,67,70
64,79,77
15,27,32
23,52,57
6,67,74
48,64,25
9,13,51
9,52,12
8,28,95
6,35,3
12,73,67
65,70,94
18,23,58
15,17,36
48,65,52
1,40,5
21,79,25
61,73,45
51,70,47
25,48,56
25,32,42
22,24,8
16,68,78
20,63,72
25,56,4
37,53,61
9,38,14
51,72,45
7,69,20
32,72,44
18,58,29
8,42,39
39,63,84
14,39,86
62,66,22
17,79,76
22,56,87
5,66,22
51,52,56
2,15,32
66,77,36
3,9,18
39,51,56
63,74,78
21,25,74
20,36,12
30,62,36
32,61,48
28,73,72
40,70,99
24,64,35
43,75,15
39,53,58
7,35,29
16,64,64
58,63,81
5,28,78
33,66,48
7,31,25
46,59,68
59,70,77
6,27,85
1,20,93
31,57,59
1,45,14
24,43,98
13,36,56
32,66,28
23,38,21
30,76,35
15,60,87
64,65,10
25,61,58
47,60,63
21,28,96
12,23,59
31,39,78
54,55,16
61,70,73
5,58,30
37,71,31
28,64,22
64,68,64
20,58,60
34,53,36
11,34,85
47,65,12
11,31,59
16,27,52
5,34,43
1,74,52
11,37,90
6,43,66
42,73,8
38,57,39
15,56,21
1,33,4
22,76,48
7,44,10
54,59,86
24,75,47
36,62,85
8,12,54
13,41,53
4,17,81
7,12,92
51,56,58
17,28,73
17,31,18
10,62,74
15,71,14
18,45,46
27,29,92
16,60,30
17,53,47
0,7,29
57,73,57
21,62,8
35,52,80
41,63,10
29,31,17
16,28,25
67,77,98
41,53,15
16,30,4
41,54,53
38,56,56
35,62,49
4,61,57
11,74,71
22,32,76
20,32,21
11,44,46
6,17,61
24,48,25
66,72,27
14,42,83
75,76,15
4,66,44
3,51,16
1,47,40
8,48,87
57,77,51
56,79,79
0,58,99
3,55,87
12,29,46
18,29,20
44,58,64
27,69,3
47,68,12
31,69,87
41,42,63
4,79,22
46,51,68
23,65,98
18,54,28
37,59,1
29,48,12
34,46,21
16,49,47
23,69,44
16,58,29
2,59,26
65,74,38
55,70,41
53,80,88
46,70,16
47,71,17
14,29,76
39,73,35
38,58,38
60,63,36
23,31,27
24,49,4
19,35,48
45,75,34
7,49,19
8,20,90
20,64,19
67,68,56
52,60,59
2,66,60
7,19,68
26,45,21
3,78,36
35,43,34
17,43,71
48,55,61
31,45,72
1,23,75
2,47,92
7,70,40
38,62,69
50,67,84
0,70,98
21,77,98
45,72,60
17,40,20
57,64,67
6,49,6
5,79,82
8,60,99
6,16,69
9,62,78
16,39,86
54,68,9
8,23,79
34,69,37
32,58,51
49,69,25
18,50,59
22,78,91
68,72,53
69,78,40
26,70,85
6,58,31
18,47,62
18,62,14
3,28,42
3,72,73
4,25,41
36,51,66
61,80,62
21,43,57
11,17,90
37,79,26
9,68,67
16,67,77
29,36,86
30,36,31
29,49,74
24,55,52
29,43,48
25,76,95
1,28,1
20,30,24
4,41,98
36,48,91
41,79,87
33,64,48
49,53,13
46,55,28
31,76,42
50,69,6
10,70,81
18,63,44
70,74,45
3,79,61
4,50,94
1,65,91
2,46,88
0,65,55
23,40,55
1,26,56
18,72,98
21,38,49
37,66,42
7,78,77
45,50,62
53,79,3
56,69,73
39,72,40
20,56,99
33,35,98
42,79,38
36,67,49
58,71,65
19,73,45
7,60,52
38,44,37
0,47,61
16,57,40
47,67,13
0,12,45
7,64,3
21,73,93
14,67,32
33,45,74
5,49,6
35,79,10
2,8,49
59,60,47
4,64,16
28,60,34
10,42,13
23,80,49
22,28,65
6,45,90
6,63,13
17,77,26
60,62,83
27,33,75
45,46,36
15,20,16
13,65,47
48,73,25
74,76,60
51,63,46
20,70,21
32,54,84
5,74,14
52,67,66
13,18,81
65,79,3
25,29,45
42,58,37
33,44,8
44,51,87
2,63,33
8,76,36
48,49,2
8,73,80
38,40,87
21,46,48
46,64,54
37,76,63
7,13,60
0,43,69
42,80,76
41,46,75
28,69,67
33,38,77
35,39,80
28,52,15
14,48,50
41,65,52
53,58,61
6,42,58
27,63,51
8,30,77
20,35,77
40,66,38
12,66,93
20,76,96
69,70,72
5,7,52
12,61,47
22,49,63
32,77,49
12,22,73
22,31,52
52,62,99
45,73,20
28,35,94
42,44,11
33,70,8
7,21,2
16,69,63
13,27,52
48,59,88
18,53,17
9,25,79
18,38,37
2,65,85
9,33,5
28,53,67
24,31,42
19,66,28
10,43,12
11,35,21
37,80,20
14,40,12
9,16,54
20,33,70
3,69,78
4,65,33
5,20,12
37,55,56
46,74,64
6,71,72
6,79,35
5,19,89
8,17,85
16,33,49
30,71,66
15,35,22
5,46,58
15,23,28
47,73,89
25,67,63
12,19,64
14,43,99
49,66,3
30,32,97
5,75,88
35,54,24
18,36,78
14,25,59
2,19,7
32,36,49
29,45,82
40,68,43
21,66,63
6,18,3
48,54,43
48,76,66
5,57,13
0,37,49
60,75,95
13,67,77
71,78,89
13,34,45
13,26,93
12,47,53
32,51,37
36,59,35
19,76,34
69,74,71
5,27,34
19,29,67
20,38,66
5,52,93
6,44,45
41,80,29
0,76,1
27,52,94
18,40,76
32,55,42
4,37,93
36,78,71
2,78,47
36,43,33
45,79,28
23,51,48
59,75,86
52,53,87
20,44,91
5,47,42
52,72,28
5,48,58
30,70,50
33,55,64
46,60,4
52,64,19
2,58,50
24,36,20
3,21,42
15,64,71
18,44,63
71,72,76
38,78,54
30,66,32
25,55,61
54,74,29
68,80,6
74,80,11
15,55,51
67,70,68
18,41,87
26,69,79
2,54,45
31,62,27
36,74,51
31,71,33
5,30,90
40,56,30
6,39,62
53,66,78
3,57,42
15,77,79
16,50,18
9,78,52
16,54,94
41,43,11
13,61,61
25,62,82
26,35,79
9,58,73
35,47,25
19,65,5
3,11,3
36,71,52
16,43,45
37,52,26
31,36,7
54,56,60
9,50,92
9,23,27
0,73,64
13,15,30
9,55,18
43,52,95
8,33,58
32,79,92
17,18,40
63,67,19
15,21,76
6,25,90
3,44,84
19,44,9
46,75,2
11,80,62
16,19,77
1,37,95
14,54,63
24,62,40
20,59,78
53,68,46
55,77,54
67,69,55
36,61,82
12,35,79
41,74,68
1,43,90
55,69,11
35,71,17
12,75,86
9,60,85
34,64,6
40,48,22
0,78,65
18,65,97
11,18,12
28,65,21
1,72,64
43,50,69
28,38,98
54,58,80
10,72,94
61,69,49
37,65,67
13,63,45
25,31,1
49,60,5
49,57,85
25,39,44
72,80,7
33,77,41
15,80,56
58,78,66
17,52,79
5,55,94
12,20,53
42,77,26
0,9,61
12,37,3
57,59,30
0,44,72
7,54,14
15,74,13
44,50,55
34,43,35
11,56,53
12,80,91
10,52,96
37,67,5
29,37,85
0,30,31
18,43,89
5,35,20
11,29,75
47,54,26
34,73,63
8,51,51
26,60,20
33,76,25
14,57,17
29,50,56
20,24,88
10,60,10
32,46,21
7,8,60
56,80,18
63,80,82
52,68,32
76,80,6
8,44,96
42,52,79
5,45,65
9,20,44
26,76,48
34,44,98
7,38,49
53,64,18
9,24,31
22,27,72
56,63,74
6,51,61
4,54,41
63,72,89
51,78,10
31,72,48
17,42,30
18,51,9
7,34,76
15,28,63
72,74,25
5,15,65
0,50,34
23,50,53
55,71,87
19,79,59
7,63,53
71,75,58
29,69,32
12,55,61
6,36,75
15,59,38
24,39,38
2,55,80
36,38,51
3,49,47
30,47,29
6,40,68
24,41,99
4,29,20
3,34,32
10,57,16
0,1,66
26,27,19
2,51,92
37,43,15
60,79,34
1,49,41
35,75,15
3,63,18
26,72,82
19,75,60
44,77,6
22,71,13
45,59,47
8,29,41
66,79,89
66,68,59
20,75,18
27,61,3
11,23,47
16,25,6
34,38,13
13,45,27
31,49,32
0,29,3
19,47,30
7,48,35
73,75,82
42,59,19
9,44,54
68,73,22
21,30,45
48,68,1
45,51,44
17,39,23
50,54,86
36,37,63
8,53,48
16,65,17
62,63,89
7,59,55
56,61,31
4,35,72
16,23,35
12,18,90
16,21,80
1,48,38
10,40,28
37,64,40
17,48,1
29,57,29
18,46,99
4,80,94
44,75,71
27,40,54
9,21,48
40,43,18
7,56,36
5,21,79
54,65,94
45,68,9
10,45,90
57,68,57
6,69,25
20,57,97
31,47,48
23,42,27
5,29,51
10,76,16
34,49,9
15,38,39
5,77,8
13,57,91
34,58,22
13,25,99
42,54,70
59,76,69
12,43,48
0,35,36
8,32,95
32,60,48
37,70,70
0,18,13
32,41,91
10,61,4
4,60,81
28,50,64
2,28,84
1,8,9
16,22,69
39,41,26
11,52,38
41,61,24
50,55,45
21,71,30
13,32,42
27,45,92
15,40,64
23,30,43
31,61,81
34,36,93
36,58,94
14,20,88
22,47,38
6,65,63
48,77,61
26,52,57
29,51,56
1,19,85
50,73,32
18,68,11
48,71,64
30,80,4
32,47,93
11,63,2
45,64,60
3,10,68
64,74,12
11,73,12
22,36,69
66,73,87
30,51,49
10,15,87
6,66,68
20,43,98
17,21,22
23,53,56
29,33,42
31,63,29
3,31,54
7,51,13
60,77,44
28,43,61
33,46,68
54,67,32
2,43,5
13,35,38
78,79,62
19,74,69
13,50,71
8,68,17
1,56,51
53,74,76
46,80,98
4,73,36
26,64,38
28,51,84
57,78,69
44,59,47
6,52,42
20,77,74
44,68,99
13,49,18
29,39,72
22,38,23
36,39,10
21,69,82
7,57,33
14,72,95
14,80,77
17,34,55
37,51,18
35,78,38
70,76,21
41,51,67
10,49,84
25,57,19
12,51,9
28,72,12
19,40,8
56,74,53
25,66,44
4,56,49
18,30,33
4,23,66
16,37,10
5,51,94
9,75,82
4,34,34
34,55,81
62,76,88
73,80,52
18,75,81
22,59,78
21,39,48
52,76,89
55,78,28
20,49,65
10,23,32
0,77,99
34,52,79
10,33,47
25,26,93
28,33,1
53,61,13
0,0,0
