22,27,10
6,30,59
28,32,8
17,19,55
27,29,99
13,17,19
2,29,48
3,13,81
13,31,7
14,31,81
5,23,38
14,20,60
23,30,89
1,8,49
14,26,14
0,19,34
5,19,69
6,12,80
0,18,95
14,27,32
2,18,60
18,21,34
12,24,95
8,9,34
11,19,26
5,14,82
22,25,97
13,23,80
27,30,30
0,21,96
0,16,1
9,11,17
6,28,30
7,29,33
3,20,80
26,32,66
24,27,18
5,15,96
5,18,25
8,27,85
22,32,46
15,29,79
6,32,35
8,11,76
23,24,7
14,23,49
2,10,56
24,26,30
25,26,82
3,29,75
2,14,44
3,15,33
3,19,69
9,18,20
12,16,87
9,28,2
3,26,22
28,30,13
2,25,5
3,9,45
22,30,83
15,27,22
30,32,86
10,25,17
26,30,33
12,15,26
7,11,12
12,22,38
2,26,53
12,23,41
19,21,36
4,29,65
10,23,58
22,28,77
2,31,8
19,28,4
4,15,31
0,10,18
17,32,73
7,28,43
13,28,82
5,20,41
7,13,17
19,29,72
7,14,94
9,16,35
8,18,70
8,25,26
16,28,61
4,28,24
5,13,31
18,26,27
3,24,5
7,9,11
5,7,41
0,11,54
14,24,77
5,11,76
17,23,43
10,31,28
2,8,55
7,23,51
9,13,66
7,32,9
5,8,46
0,32,89
6,10,27
6,19,8
17,30,81
11,14,33
10,11,72
18,23,31
19,22,91
1,7,92
16,23,67
6,23,81
5,17,85
19,20,18
10,27,73
11,26,95
10,24,3
24,28,84
5,32,63
11,23,14
25,31,25
1,27,6
25,28,94
17,28,25
1,9,96
3,17,36
7,26,21
1,24,3
18,31,52
13,16,72
16,18,73
1,25,42
23,26,51
3,4,13
21,28,87
4,11,18
5,22,75
10,22,67
15,32,13
16,21,79
6,11,47
0,27,20
7,10,41
13,27,96
4,16,11
5,27,89
2,9,27
27,31,30
19,31,20
6,7,37
10,28,8
0,30,62
0,12,38
4,10,26
20,28,64
0,4,2
4,26,82
12,26,16
7,21,95
4,5,18
13,19,7
9,23,9
6,13,97
21,29,44
24,29,54
11,24,31
15,17,15
14,29,53
0,22,43
8,29,13
16,19,95
7,20,46
28,29,18
2,19,42
18,32,6
25,27,42
15,31,92
9,25,72
21,32,37
15,25,51
27,32,84
6,24,19
10,14,35
1,15,42
16,20,77
8,20,88
14,25,9
15,19,77
2,23,3
16,24,9
17,27,6
12,30,11
7,18,73
5,10,44
21,26,16
29,30,65
12,17,7
0,14,90
20,29,11
2,20,24
4,25,96
31,32,1
2,24,51
11,31,82
0,17,18
25,32,45
1,19,5
3,18,4
15,18,53
3,11,12
8,32,55
1,21,32
14,17,5
1,32,3
13,14,23
9,24,83
4,9,95
29,31,90
19,30,93
0,28,46
3,32,25
29,32,83
12,21,64
20,31,86
6,25,58
11,17,31
12,29,58
10,26,98
21,23,43
2,21,96
6,27,88
13,30,38
13,32,5
10,20,5
7,12,26
1,2,76
9,12,23
7,31,58
17,26,2
19,26,12
9,32,37
15,28,58
18,28,2
11,28,95
19,32,19
23,28,91
1,20,92
9,17,64
13,21,60
10,29,57
5,6,97
19,27,18
0,31,88
4,23,38
4,18,88
11,18,16
1,10,21
6,31,72
12,28,48
4,6,87
8,22,2
11,12,63
16,27,27
1,4,10
5,16,29
2,12,84
16,31,39
1,3,40
5,28,50
7,30,51
12,25,46
14,16,44
2,6,66
7,15,98
20,21,91
1,23,9
7,19,60
6,29,9
8,10,10
25,29,27
6,21,58
5,9,16
14,15,51
9,22,34
2,28,36
20,22,76
3,30,2
2,17,3
8,15,53
2,7,47
18,30,77
11,27,73
15,21,41
19,24,81
11,32,1
24,32,13
0,0,0
