13,14,66
1,22,31
17,27,43
8,14,80
10,54,14
25,35,71
55,56,89
8,27,55
23,37,93
34,51,15
7,42,31
36,38,75
36,37,50
25,44,13
50,55,62
9,58,70
35,59,2
25,50,19
43,48,56
23,25,13
26,56,62
42,46,18
14,40,55
26,59,24
51,55,97
4,53,82
29,49,97
37,57,86
21,42,17
9,44,66
15,19,87
14,31,99
0,10,89
0,54,81
6,12,1
1,26,41
40,47,48
22,41,38
4,52,9
9,55,68
50,51,52
7,54,66
18,43,30
20,55,70
8,57,29
1,54,64
20,57,1
4,7,49
13,30,35
32,37,29
11,36,27
18,41,19
17,55,46
1,20,44
16,27,4
6,13,86
5,25,78
35,46,3
33,58,16
29,48,15
10,50,41
16,33,43
21,26,79
11,41,43
25,40,43
13,32,96
4,31,26
38,43,92
4,30,90
5,37,22
15,23,50
34,44,75
20,49,63
49,57,93
37,44,51
48,59,64
20,36,5
21,39,64
10,57,21
8,20,88
42,53,81
33,43,51
21,59,56
39,53,35
15,25,62
31,43,83
0,16,46
30,52,93
19,50,17
8,43,99
3,59,35
9,19,32
28,51,62
0,44,43
0,22,25
50,58,98
30,39,42
12,51,23
5,7,19
9,36,29
38,58,60
52,58,57
12,17,83
12,52,82
9,25,46
2,52,99
17,43,16
33,47,49
20,32,59
20,21,46
20,25,4
24,37,17
2,30,17
6,32,80
10,44,84
10,34,9
24,26,54
38,53,41
7,40,25
26,31,23
18,50,21
6,10,82
38,57,47
0,15,78
16,52,70
37,39,94
10,21,44
19,58,56
19,46,99
13,53,90
22,51,17
21,36,10
19,23,86
45,58,40
23,45,24
39,43,78
7,36,82
26,55,71
44,50,57
19,49,58
24,54,30
18,47,10
12,36,65
33,34,61
16,20,53
2,40,87
21,45,75
27,56,93
3,56,79
9,17,21
22,29,49
4,49,5
22,58,27
13,43,11
38,44,90
16,30,78
2,26,86
44,54,10
40,44,97
27,45,39
30,33,78
1,16,16
11,59,25
29,36,58
35,38,69
23,27,86
6,48,15
13,26,22
17,28,38
15,21,80
14,39,27
6,8,84
34,42,26
17,50,11
4,51,36
31,34,44
1,29,39
5,34,32
14,55,69
30,53,11
9,42,28
30,55,26
0,43,18
25,34,67
5,46,93
9,33,78
33,40,53
4,59,84
14,50,30
40,54,49
7,29,80
1,52,2
22,25,90
3,37,15
48,55,23
13,37,10
18,49,3
16,41,79
31,55,14
0,24,53
36,45,26
51,57,35
13,46,18
39,49,71
13,19,93
11,57,91
26,33,54
53,57,12
10,53,87
18,42,97
18,56,56
31,40,24
4,47,7
32,40,92
13,45,79
6,19,39
24,52,6
19,43,19
19,24,86
52,57,90
26,29,90
3,8,6
25,51,32
17,53,1
8,38,36
20,31,3
7,14,9
40,52,59
46,49,30
25,55,29
0,0,0
