0,7,39
1,3,16
1,13,96
9,12,48
14,16,93
13,14,75
1,15,68
3,11,82
8,10,63
6,13,74
12,13,77
2,5,90
3,6,1
5,10,93
4,9,61
3,14,86
5,11,82
7,12,86
1,2,8
4,5,91
11,12,56
10,12,64
7,16,11
6,16,83
2,13,13
1,9,40
4,7,13
2,10,18
6,11,11
3,10,82
4,11,16
1,7,8
12,14,95
11,14,69
12,16,81
2,11,31
5,6,80
5,8,33
1,11,66
1,4,30
5,16,44
0,8,91
10,13,97
8,11,80
9,13,4
6,10,60
1,14,37
11,16,14
3,12,69
5,12,33
3,5,26
7,8,44
0,16,85
8,14,70
6,12,71
0,9,65
13,15,98
10,14,42
2,16,55
8,12,58
0,3,17
6,9,9
9,16,13
3,8,71
3,16,37
9,14,15
12,15,68
0,15,22
4,12,70
3,9,61
4,15,17
2,7,4
0,1,26
4,8,24
11,15,44
1,10,29
0,10,82
5,14,56
14,15,62
1,5,76
7,13,71
7,11,95
1,8,53
13,16,81
1,12,78
3,15,71
5,7,93
2,14,48
5,15,79
9,15,84
9,10,95
7,9,56
8,15,4
6,8,80
8,13,24
9,11,34
6,14,39
2,8,4
10,16,8
3,7,45
7,14,88
2,12,41
1,16,80
2,6,62
4,10,50
0,5,58
7,10,73
4,6,43
4,14,55
0,0,0
