6,10,76
3,19,53
20,21,96
10,21,85
4,5,32
3,13,61
14,17,65
5,19,5
0,23,61
11,14,24
18,21,73
6,9,66
12,16,1
2,17,9
3,16,51
7,9,45
6,18,4
21,24,63
13,21,23
0,21,32
15,18,79
16,17,55
11,15,61
2,24,10
13,14,79
6,19,21
2,12,55
14,16,51
9,13,18
0,2,43
3,12,9
11,19,99
12,14,29
11,20,71
11,21,87
4,18,12
1,7,2
21,22,83
23,24,3
10,22,60
7,24,53
15,20,74
10,20,52
14,22,5
10,14,99
18,23,6
1,2,25
4,19,61
15,17,26
14,19,5
0,14,82
12,18,9
1,8,91
11,13,81
7,17,90
14,15,99
11,23,79
3,6,24
1,5,7
1,4,3
4,21,26
0,16,52
0,13,55
4,17,86
20,23,75
18,22,68
19,21,86
16,20,82
5,6,74
9,12,43
18,24,58
6,11,48
9,11,27
13,22,66
0,5,39
9,22,67
7,21,9
16,18,75
13,16,99
2,19,53
0,15,25
0,18,9
6,23,50
19,22,6
12,21,39
7,11,84
12,13,54
3,21,70
3,7,39
17,24,84
14,21,48
8,21,80
3,17,15
7,15,8
5,16,24
7,14,5
17,18,85
3,9,19
3,23,37
19,20,70
13,18,62
0,7,11
5,21,68
13,17,27
5,13,22
9,19,30
2,11,13
6,14,32
7,13,3
1,17,94
12,23,7
16,21,19
8,11,5
2,20,2
0,17,70
9,14,69
2,6,21
14,20,84
16,22,12
12,20,69
5,17,1
1,19,6
6,24,61
17,22,15
2,5,14
5,23,10
8,24,48
9,18,31
5,18,66
10,24,34
10,16,98
21,23,47
6,13,15
8,9,20
1,24,3
2,7,69
2,8,24
7,23,59
9,15,54
7,16,91
10,15,54
12,22,41
8,12,26
5,24,5
8,22,45
3,14,37
15,21,67
0,22,67
4,16,73
1,22,90
3,4,8
4,15,45
0,19,88
14,18,78
0,8,68
1,9,13
13,23,75
7,10,72
3,11,94
0,1,61
1,3,24
10,13,17
22,23,76
1,11,72
7,18,77
4,8,66
14,24,26
0,11,42
15,19,82
8,20,6
8,23,41
6,16,49
12,19,46
9,20,55
5,11,89
1,18,71
1,15,42
4,13,86
12,17,48
5,10,38
17,21,93
4,9,74
1,13,11
15,24,41
9,17,99
18,20,88
4,24,58
3,5,21
7,19,90
5,8,60
15,16,30
2,14,41
3,18,7
8,19,77
2,16,73
11,12,86
0,6,33
15,23,34
0,24,17
17,19,79
18,19,52
5,15,40
6,22,9
14,23,67
9,23,89
6,21,61
7,20,20
15,22,81
2,18,90
4,12,46
6,12,1
3,20,3
11,22,47
4,23,94
13,19,47
4,20,73
16,24,66
5,20,42
1,6,60
10,19,70
3,22,55
4,6,18
9,10,22
6,7,61
17,20,15
8,10,81
13,15,7
1,12,6
11,16,15
0,12,49
2,4,71
11,24,51
0,20,46
0,3,25
8,13,51
2,23,35
2,10,5
8,18,80
1,21,17
22,24,28
19,24,17
2,13,83
3,8,72
5,9,50
1,16,94
1,20,47
5,14,96
1,14,39
0,4,33
16,19,70
3,10,45
6,8,94
11,17,53
5,7,12
11,18,51
17,23,15
4,22,69
2,22,91
10,12,99
8,14,93
0,10,64
10,17,77
2,15,48
8,17,44
6,17,6
9,24,19
9,16,6
7,22,99
10,23,74
4,7,43
1,10,70
10,11,78
0,9,43
19,23,82
6,20,94
20,24,41
12,24,68
3,15,38
2,21,63
7,8,45
5,22,93
13,20,56
13,24,80
4,14,31
12,15,1
10,18,36
0,0,0
