45,80,64
50,79,71
1,86,49
33,97,20
71,82,24
0,55,3
19,27,76
54,81,69
65,92,7
30,91,86
1,62,83
18,50,83
2,85,70
3,25,75
67,79,20
72,81,33
11,95,27
41,78,66
1,72,67
19,35,11
26,95,92
2,24,99
38,66,94
49,76,56
30,70,71
45,93,15
21,30,96
13,49,2
1,39,31
21,42,90
31,44,10
7,23,30
55,71,24
15,86,69
19,86,94
41,57,49
33,85,57
18,33,22
84,96,55
33,67,27
38,46,38
26,45,76
62,70,76
65,72,63
25,37,68
55,72,23
72,80,11
14,69,23
3,49,55
11,42,83
10,96,11
17,47,9
64,81,17
28,59,4
27,70,66
45,69,15
14,76,93
15,80,46
50,91,11
35,48,51
3,89,20
18,88,9
3,7,32
67,71,64
71,80,26
16,36,24
74,98,83
38,98,36
76,97,24
60,75,90
40,67,97
17,53,65
26,33,94
27,93,8
43,55,44
12,17,74
34,51,35
39,94,69
39,71,37
15,69,55
28,52,50
60,82,5
46,92,13
24,70,25
12,55,10
68,91,23
28,41,13
70,84,47
8,70,22
36,78,53
28,71,80
11,94,15
39,83,74
26,44,85
35,76,59
46,72,56
32,91,50
21,54,4
6,14,76
55,94,39
34,97,85
54,68,39
12,93,22
19,22,99
7,16,6
2,47,79
8,13,55
33,47,62
0,21,59
18,85,40
43,96,49
52,92,6
76,86,78
11,74,92
5,41,26
13,74,6
67,86,48
10,85,94
0,15,27
22,85,89
5,51,73
0,91,17
16,21,36
54,84,45
12,21,53
59,92,75
14,56,41
33,76,69
42,53,39
32,88,37
7,66,59
16,61,15
27,55,89
27,45,66
50,57,64
37,82,54
55,70,54
14,90,23
95,96,77
32,52,26
22,31,54
2,29,43
22,63,68
31,85,40
64,66,47
47,78,69
20,40,76
45,84,10
50,58,24
14,89,19
12,22,14
6,55,9
44,73,91
45,87,81
14,23,46
3,42,23
35,67,38
78,86,6
73,86,27
55,67,75
57,89,73
7,65,13
61,82,79
38,94,83
63,79,82
88,90,63
27,69,32
14,57,48
32,78,11
4,25,59
18,48,56
6,27,38
30,88,6
42,75,55
27,81,51
28,79,40
38,76,88
9,95,85
43,60,53
1,88,8
28,89,70
19,88,69
9,51,71
15,78,84
0,41,2
63,90,41
6,15,49
55,87,94
36,59,17
57,94,40
47,82,78
34,84,94
46,84,19
53,69,78
33,60,96
14,61,54
49,89,85
21,48,7
44,85,40
8,25,84
7,53,19
38,40,60
49,84,32
8,37,33
8,18,86
20,43,43
10,32,71
25,52,11
7,77,5
1,93,26
14,37,74
44,52,9
27,50,39
63,76,54
70,88,50
72,96,32
30,64,95
60,94,46
35,36,37
13,54,43
65,95,81
16,72,89
83,97,18
2,78,33
94,95,6
28,35,51
19,38,49
6,49,10
75,87,30
8,71,85
49,58,43
24,87,51
68,97,51
7,82,82
1,79,30
6,47,35
3,95,8
9,73,54
3,8,72
17,33,24
45,57,19
13,30,80
22,74,86
70,89,50
54,82,42
57,63,60
4,80,98
39,80,92
32,90,18
37,65,25
23,79,77
38,90,94
34,53,27
96,98,94
57,95,78
3,82,66
27,31,73
51,52,79
2,41,91
52,81,86
43,90,78
46,93,59
40,51,66
13,80,40
39,95,76
86,92,69
38,67,8
51,53,7
60,85,17
42,66,75
28,93,96
31,97,53
20,90,95
31,61,45
64,87,91
38,63,34
16,40,14
8,62,1
54,87,56
0,50,63
35,75,97
21,55,69
64,85,85
7,85,98
1,55,62
2,21,29
59,90,1
26,28,98
15,87,43
46,68,4
16,19,81
80,97,47
38,57,47
36,68,76
14,33,55
19,82,88
55,83,57
1,59,54
4,12,77
64,78,88
82,97,53
1,43,24
47,74,53
4,52,82
10,24,93
6,32,25
56,64,12
76,77,87
23,69,47
12,33,68
11,91,39
72,93,6
26,66,40
22,70,11
54,59,41
69,75,85
53,55,89
10,71,10
29,60,15
42,84,49
42,72,80
0,11,18
28,50,48
83,96,56
36,50,63
23,32,78
5,82,2
9,30,11
58,65,36
49,96,66
7,93,57
18,55,52
2,12,51
41,96,9
67,77,31
10,34,98
28,53,7
13,52,5
16,87,62
30,82,47
26,78,9
17,83,4
69,84,25
9,76,28
67,91,91
1,75,4
11,39,82
40,60,22
40,76,90
45,53,45
17,87,2
20,82,74
20,52,36
63,84,81
24,94,43
5,34,26
14,51,73
66,91,98
14,47,89
31,64,92
6,87,55
22,34,28
2,10,14
41,59,78
31,87,84
29,47,52
34,77,27
33,53,70
7,37,74
37,72,48
25,58,89
37,92,40
21,94,53
2,7,12
34,42,65
4,26,75
40,45,71
13,15,36
30,93,12
47,59,68
78,94,56
43,52,15
63,80,30
12,87,52
12,58,5
26,34,44
87,93,65
46,78,11
6,25,10
40,95,12
52,65,90
27,53,53
71,79,10
48,97,69
18,46,41
78,93,3
25,55,64
2,53,72
24,75,16
3,32,3
66,83,39
50,73,6
39,42,78
64,95,35
11,30,93
65,84,28
5,70,29
47,72,84
46,87,27
52,68,42
18,64,31
7,29,63
3,12,23
75,80,70
41,44,94
26,54,5
33,56,9
63,95,71
14,25,23
14,50,62
19,98,16
23,68,32
61,81,99
8,76,68
46,49,4
9,31,78
42,91,40
6,20,43
62,76,85
47,89,78
16,59,27
36,53,48
3,34,25
13,46,54
10,84,2
35,37,79
54,98,8
9,80,48
31,90,90
39,48,31
24,69,70
21,98,24
91,93,79
67,76,51
45,90,3
35,93,42
24,52,9
16,74,26
6,38,99
35,95,32
4,14,88
24,54,67
18,74,4
50,56,54
91,98,12
67,89,94
21,90,9
12,36,99
50,88,52
61,94,42
65,83,58
67,84,2
2,93,96
16,76,95
46,74,34
25,91,53
44,83,3
89,96,37
27,40,96
41,97,42
57,80,16
69,77,74
6,91,56
11,55,34
57,83,3
66,94,79
37,90,83
18,30,49
26,98,77
87,92,87
9,74,42
65,68,60
41,84,23
84,86,14
85,98,92
37,45,48
33,71,27
9,42,68
33,58,96
25,64,10
29,33,48
27,73,8
45,64,47
22,50,55
18,95,51
9,27,27
31,83,77
78,90,49
4,61,86
29,54,20
15,91,94
59,70,66
32,35,95
46,77,54
13,75,87
56,72,44
3,54,94
22,78,56
13,91,35
0,32,57
36,90,64
68,71,71
23,29,13
9,33,5
22,26,57
17,59,85
32,36,40
27,52,31
10,58,7
17,19,92
87,91,58
2,79,71
19,76,13
1,63,16
78,84,8
21,74,77
9,40,59
1,54,11
50,89,36
4,62,50
11,41,13
24,44,20
19,58,31
4,88,62
91,94,82
24,36,19
59,82,5
42,63,68
2,43,74
6,12,3
52,76,57
8,97,32
23,96,2
4,81,21
86,87,50
0,12,7
1,48,31
21,46,4
76,90,31
61,87,19
82,95,78
6,58,87
18,67,35
24,89,36
20,71,71
1,17,38
1,97,29
30,75,20
21,26,39
10,64,10
46,70,24
44,57,56
2,55,26
48,59,33
20,86,49
89,91,96
40,89,15
17,81,66
39,77,60
84,90,52
11,84,61
68,87,87
43,62,96
70,96,45
37,43,80
50,77,44
53,73,84
0,23,28
53,85,77
76,96,8
27,84,22
22,94,69
30,39,71
51,70,51
24,41,31
30,85,70
60,93,81
10,83,36
30,66,79
21,77,90
38,91,98
61,79,10
20,79,9
5,74,16
44,87,37
30,58,56
24,90,1
3,94,89
60,63,85
54,56,92
68,70,51
0,66,12
38,59,53
0,81,74
24,45,91
1,45,49
34,45,2
88,89,96
36,41,33
25,26,69
30,89,81
2,65,31
55,63,38
16,60,50
47,76,85
13,92,13
30,95,91
69,91,1
27,43,33
24,91,90
34,43,33
15,75,68
34,60,28
53,54,43
4,46,6
3,81,42
43,61,14
3,45,4
13,98,97
5,94,79
44,58,1
58,94,29
39,96,24
43,89,37
36,86,89
32,63,58
39,60,33
51,81,86
0,4,40
27,74,82
36,46,84
33,34,48
14,41,28
24,63,88
49,92,43
12,65,38
49,78,11
18,59,34
21,47,90
62,88,70
30,47,33
72,85,12
32,55,94
20,95,17
60,86,98
64,80,62
11,59,71
10,17,41
53,61,96
67,72,37
39,49,95
20,77,38
67,74,35
37,87,32
18,79,51
38,42,30
78,97,89
73,84,90
34,65,78
18,49,78
76,88,49
41,94,27
44,92,72
13,40,78
5,56,36
0,74,91
46,86,74
43,64,20
30,56,85
3,4,49
14,66,16
16,98,63
36,57,27
46,88,49
37,70,17
39,56,18
76,93,5
29,81,22
2,59,82
81,95,53
2,45,37
34,70,53
27,95,23
52,79,57
8,21,22
0,42,66
8,22,74
8,77,99
22,69,58
30,57,23
62,82,54
37,79,63
15,24,49
50,93,82
38,81,29
44,54,18
56,70,11
28,69,13
65,89,68
20,74,63
29,65,6
50,90,65
8,72,5
62,83,95
24,60,44
1,21,69
47,77,1
48,95,79
28,39,29
9,21,77
15,94,20
5,28,87
74,89,91
55,91,16
21,33,21
72,87,46
44,98,98
39,69,77
64,89,48
2,39,49
23,71,68
10,31,26
83,95,13
40,82,69
20,54,49
10,39,99
48,98,89
60,69,4
32,40,20
38,52,33
9,23,76
14,77,67
28,29,95
83,91,87
67,69,16
26,49,61
17,43,3
40,70,30
84,88,12
26,42,44
63,86,81
61,86,13
42,96,57
8,32,88
17,97,98
50,52,72
62,80,75
65,98,97
15,79,85
16,85,37
9,13,90
43,71,79
12,74,15
1,66,24
32,85,63
31,60,10
50,63,25
17,74,77
54,77,33
82,98,48
42,49,34
15,70,24
5,68,1
38,64,46
3,50,28
51,61,65
30,74,54
11,65,96
58,89,72
10,13,56
56,67,76
35,77,32
34,59,20
25,96,65
9,38,74
61,91,5
28,76,10
77,91,76
10,29,72
17,79,85
16,24,85
68,89,8
43,68,27
20,37,81
18,92,35
7,15,27
19,36,74
53,96,24
69,78,45
14,31,86
33,96,72
35,89,21
61,90,25
24,96,70
90,95,49
48,82,35
16,84,31
25,85,35
2,20,79
7,64,49
40,48,66
14,21,27
21,27,75
66,89,8
2,4,47
8,65,83
36,38,86
19,32,93
21,69,78
34,36,37
12,96,18
35,90,24
12,53,54
79,84,8
81,86,84
14,49,62
25,79,81
11,67,89
32,86,26
58,73,88
49,70,81
16,90,88
22,38,77
25,98,40
64,86,42
23,61,79
11,18,11
23,60,65
29,32,42
3,35,56
23,83,3
50,72,39
24,42,68
69,73,88
7,27,20
30,36,74
15,44,72
47,49,5
9,26,30
5,9,90
58,80,13
52,54,51
78,85,82
49,64,75
20,66,68
37,68,30
72,82,46
69,89,46
8,15,61
15,31,80
24,92,74
31,78,82
67,96,38
30,83,35
16,54,36
12,86,28
63,64,12
11,15,35
73,96,69
48,72,20
19,47,77
35,60,77
48,89,76
0,97,97
11,73,22
18,68,38
28,60,69
2,73,13
71,87,18
85,86,39
80,93,12
33,68,12
16,33,24
39,98,15
43,81,48
10,33,19
61,70,25
16,39,8
67,75,92
10,25,49
6,66,38
34,75,7
1,56,11
27,97,11
58,72,34
1,69,96
42,67,81
16,71,6
61,63,97
77,81,23
9,56,74
7,17,91
38,68,90
28,96,78
6,72,53
7,62,59
15,55,38
45,78,38
2,72,47
47,75,62
21,64,80
59,66,98
10,76,75
2,32,70
45,59,50
18,61,27
0,30,16
12,29,11
16,18,26
88,93,58
71,73,21
28,56,61
15,17,80
4,22,98
36,47,89
16,65,64
13,81,67
28,73,34
29,76,52
1,38,66
9,93,47
64,83,33
23,75,58
83,86,39
29,91,85
44,74,30
46,89,80
16,45,22
55,64,77
48,52,8
20,75,27
16,23,96
41,66,11
22,93,69
58,78,35
8,82,10
29,53,40
6,22,43
42,51,76
30,87,76
37,89,98
35,87,59
58,75,64
25,68,4
18,20,35
19,89,44
29,75,88
36,66,45
37,55,44
5,42,28
49,86,44
26,91,99
89,95,17
2,89,47
48,70,45
43,70,71
13,72,8
78,91,35
28,55,39
18,54,42
20,97,45
44,47,33
12,63,63
29,73,14
1,26,23
34,41,90
1,4,4
43,76,69
18,27,19
18,77,85
4,38,84
11,83,77
81,88,41
25,95,38
1,16,34
29,56,70
27,86,11
20,73,37
31,66,58
82,88,32
54,73,47
16,30,91
13,48,68
33,82,87
63,82,59
0,71,23
56,71,2
1,70,93
31,46,84
59,61,80
29,57,43
15,49,15
22,49,95
44,97,22
63,93,14
42,43,75
17,26,8
2,51,5
34,66,63
10,43,88
0,87,81
41,54,8
22,30,44
51,54,63
12,51,98
24,31,88
28,88,43
22,96,1
1,90,42
62,63,14
45,68,92
21,57,49
17,73,96
4,68,66
44,56,45
23,94,34
61,73,65
69,92,37
76,83,4
9,60,63
11,71,95
51,67,33
35,91,49
2,56,24
37,54,75
63,94,51
31,32,89
3,67,51
6,19,86
66,81,3
23,33,32
47,85,55
27,32,25
44,84,38
55,77,19
11,88,20
8,95,41
6,31,65
81,83,89
39,43,95
13,25,67
8,61,87
0,10,48
67,81,49
45,96,55
21,38,33
15,45,50
5,43,2
36,61,29
6,93,55
69,71,40
2,30,41
0,48,42
9,46,9
18,45,87
23,36,34
18,19,95
20,56,97
60,83,52
4,48,3
41,49,30
24,93,54
68,85,80
60,77,43
20,64,4
5,57,97
2,82,31
7,26,47
14,18,87
51,68,88
33,78,22
11,62,62
35,47,80
1,85,51
55,66,15
5,20,35
2,90,13
62,90,99
12,61,23
6,95,13
33,93,62
49,59,80
52,66,89
10,38,85
22,73,55
52,86,42
63,98,8
66,82,70
61,89,48
56,65,25
1,60,22
44,72,88
57,93,25
80,94,66
39,79,6
15,39,82
18,78,70
18,36,74
17,20,82
14,84,47
4,90,44
27,68,86
19,65,26
17,38,39
74,92,80
62,66,35
3,59,53
62,92,82
34,64,7
10,86,80
8,90,35
21,61,95
7,61,30
5,11,54
3,46,35
43,58,15
5,90,63
7,20,48
86,95,89
29,66,81
80,92,92
6,42,35
31,55,55
6,17,97
5,26,79
7,79,16
9,81,86
5,33,70
31,89,80
2,49,88
5,95,23
3,18,34
40,66,60
16,41,59
43,74,33
73,77,3
32,75,91
60,73,56
96,97,24
41,88,58
80,96,46
37,73,59
51,98,3
49,53,51
70,94,28
21,93,82
8,11,57
70,75,90
62,91,46
10,92,64
46,81,76
2,87,31
16,77,21
10,63,33
13,64,98
5,78,30
53,94,22
34,57,76
46,71,41
27,91,49
4,9,71
6,90,44
24,82,36
12,94,84
22,77,84
8,17,74
44,46,52
37,57,67
52,56,49
71,78,46
9,15,65
35,72,31
62,98,8
43,48,14
0,85,38
27,42,75
7,44,49
3,33,98
18,26,81
27,90,28
5,25,74
3,48,72
52,63,88
30,42,15
23,88,4
44,51,50
3,80,2
48,56,93
79,89,72
11,58,95
36,87,69
37,63,86
32,47,62
0,59,46
35,82,58
45,49,23
20,61,85
25,71,19
42,74,65
29,94,38
25,70,3
11,61,82
41,53,36
32,94,72
15,18,60
24,80,67
64,70,83
4,44,26
39,63,43
38,43,12
9,63,18
36,71,22
53,82,34
40,78,11
2,83,95
62,78,65
27,72,56
59,72,99
7,89,40
6,54,51
12,89,40
24,85,56
0,34,53
16,49,19
71,88,95
59,91,62
39,82,27
83,90,9
33,72,89
33,57,34
31,84,52
12,20,52
8,53,15
13,95,58
35,71,76
20,59,57
50,80,84
46,64,55
1,8,75
2,92,56
58,66,70
12,19,68
31,96,75
35,49,41
79,83,46
59,64,19
70,85,91
30,43,24
27,66,99
58,98,85
8,27,26
32,87,20
60,89,26
38,82,58
42,65,2
31,62,2
35,96,83
17,21,99
31,70,61
36,48,89
7,31,48
29,78,68
60,91,96
11,16,58
40,69,41
50,98,82
5,6,30
24,39,25
7,57,36
0,61,6
76,85,31
3,73,88
26,35,34
8,28,73
30,45,47
24,48,77
45,81,62
25,46,58
4,70,42
13,55,67
22,87,52
6,24,58
49,79,26
43,51,5
85,93,37
69,88,34
7,76,34
48,51,23
21,91,96
46,58,6
69,72,78
35,38,46
10,97,15
10,14,32
9,91,15
15,89,76
49,68,66
9,11,85
15,73,86
7,35,79
53,90,94
8,9,89
10,12,86
40,98,61
21,79,30
85,96,47
35,65,45
60,80,95
6,78,90
92,95,83
77,84,1
50,92,98
7,80,46
49,83,85
71,72,27
86,97,15
44,96,9
59,79,53
28,66,3
13,78,11
13,56,6
1,27,15
7,90,31
26,77,79
77,86,54
30,90,48
33,52,42
29,63,9
2,27,19
11,52,21
29,49,64
3,44,40
54,83,94
20,92,32
7,22,66
21,75,15
42,71,26
51,96,98
80,88,57
22,37,89
48,73,78
11,86,16
75,86,32
72,76,23
57,85,75
23,70,39
65,94,80
19,78,83
57,84,60
12,39,46
15,83,13
50,68,22
56,91,40
53,70,86
12,23,50
40,65,34
47,51,72
2,81,22
6,21,66
46,61,42
4,84,41
35,69,17
31,38,25
17,63,4
20,57,88
22,54,90
36,97,76
40,73,81
21,72,13
34,39,33
19,96,1
12,32,86
25,93,31
29,51,14
44,67,61
6,89,73
0,39,10
34,93,11
46,60,48
40,90,79
15,21,78
62,79,61
39,67,92
30,52,35
7,78,41
47,92,29
42,60,45
50,82,19
7,14,44
60,74,97
55,85,14
21,86,4
12,46,4
69,93,81
61,77,36
10,46,45
6,80,58
61,66,18
33,61,22
40,84,67
65,66,69
4,89,4
44,64,17
12,81,8
18,28,11
29,46,55
29,40,36
44,49,24
80,89,64
3,56,17
31,86,60
24,72,66
31,33,40
8,88,67
41,52,34
1,81,59
37,56,30
11,85,49
1,11,17
29,71,86
6,68,70
5,19,25
40,68,65
52,58,9
17,54,42
42,97,90
47,48,66
15,84,19
1,80,55
33,69,23
37,53,71
15,19,11
26,89,36
30,31,95
19,72,15
26,96,33
60,88,74
27,71,20
14,96,98
30,46,33
66,96,12
15,20,33
0,44,13
79,87,48
36,65,1
20,60,18
15,53,7
24,73,88
31,73,37
9,35,93
26,94,89
21,97,34
5,7,99
23,85,66
30,84,21
13,77,41
63,74,43
7,67,30
57,82,85
31,76,17
15,51,51
51,83,96
36,84,39
22,27,47
11,66,49
29,58,17
64,68,84
48,53,55
53,60,65
61,88,7
34,90,23
5,48,22
25,39,39
41,83,72
9,96,91
11,82,56
16,51,94
54,95,88
9,86,94
3,19,79
17,95,24
32,60,20
29,69,57
60,98,65
37,49,9
9,84,69
64,65,15
42,90,65
29,77,20
7,24,99
14,79,2
84,95,46
19,21,28
38,77,24
46,95,10
66,68,65
42,48,1
71,83,86
53,66,5
0,76,21
29,39,75
1,5,5
20,42,69
44,76,97
11,72,2
30,71,38
13,32,2
32,79,96
23,48,17
28,48,16
10,16,23
32,44,68
62,94,93
62,89,29
22,82,11
14,68,68
21,89,67
7,73,14
53,79,27
1,58,39
58,97,8
54,88,10
94,98,94
15,81,50
44,45,76
77,96,89
62,95,73
51,64,80
5,14,30
14,63,48
32,96,79
68,90,98
19,93,41
83,93,87
66,75,11
74,84,66
46,48,72
24,71,2
14,67,82
16,52,89
54,85,73
13,63,42
22,58,9
21,52,5
19,63,10
53,68,84
4,36,42
5,21,75
34,73,24
48,90,6
0,53,95
14,73,77
6,18,22
15,42,26
11,21,21
0,88,83
26,87,35
71,77,83
61,72,83
55,79,46
38,60,34
81,92,18
51,90,42
56,77,69
52,55,47
10,59,48
22,48,21
55,62,60
4,50,3
51,76,24
36,64,31
45,91,29
89,98,20
37,60,24
60,65,70
10,27,70
49,55,49
50,76,58
34,92,25
23,42,48
2,48,91
34,71,30
1,6,59
18,37,18
54,93,83
72,88,28
29,61,33
32,98,2
20,84,20
71,89,6
51,71,14
66,85,47
36,49,1
30,44,29
18,40,90
39,73,79
8,16,19
28,82,24
20,80,34
19,50,79
29,80,39
22,95,82
23,26,75
26,90,54
22,53,65
16,17,4
29,42,60
34,80,17
36,92,70
42,87,44
28,86,45
37,46,25
66,74,75
10,56,75
27,83,57
16,91,43
5,69,11
28,75,88
26,92,95
3,62,52
0,33,95
1,82,27
1,31,52
29,59,58
35,98,39
8,10,14
8,57,73
25,33,47
21,50,88
67,92,30
39,53,35
91,96,86
14,30,7
8,66,6
75,95,77
28,42,9
14,82,45
7,58,21
2,28,68
20,94,90
22,98,67
35,86,73
54,79,3
19,69,24
63,97,74
73,88,83
33,66,21
1,37,94
40,63,38
34,40,49
10,53,22
25,92,68
61,97,47
40,79,39
54,76,78
53,92,4
22,57,5
60,72,21
0,1,2
21,25,62
0,8,79
16,20,16
7,8,37
25,62,78
39,40,56
37,62,63
59,94,58
67,80,52
4,23,41
2,61,75
47,69,76
10,20,5
43,75,35
31,98,33
77,92,43
77,85,17
39,85,99
4,57,42
29,67,41
15,47,10
17,30,70
19,87,52
35,78,94
71,85,49
3,11,38
9,19,59
28,81,28
9,32,7
8,23,93
12,43,83
17,39,79
36,73,92
20,26,64
12,24,57
41,89,71
15,58,10
38,49,18
47,80,78
6,35,46
35,55,80
36,39,36
36,56,71
21,80,98
28,68,43
6,57,73
46,73,94
48,96,37
6,48,75
20,38,80
58,64,56
75,90,91
26,29,45
54,90,85
51,84,97
11,97,73
3,24,42
22,29,56
20,68,41
25,50,53
8,24,37
0,35,64
4,65,67
59,62,4
65,79,47
5,59,45
58,67,68
23,95,20
4,66,21
62,85,80
10,77,62
18,47,94
16,46,85
10,55,28
11,51,59
14,53,72
4,20,3
21,71,49
9,79,67
6,67,33
63,92,88
5,89,27
25,44,21
5,87,64
20,27,90
47,73,43
66,70,78
35,62,76
21,70,21
1,83,64
61,96,46
0,37,92
88,95,83
15,59,76
0,65,61
2,42,18
0,49,62
44,60,1
19,74,33
64,84,77
42,54,44
8,98,42
6,9,53
68,84,81
80,90,67
5,15,77
58,59,38
19,23,38
73,89,41
24,67,50
24,78,50
75,88,13
52,85,63
3,74,88
10,19,20
33,41,58
20,34,30
27,59,56
32,34,47
13,22,31
20,32,40
68,95,4
48,63,52
17,69,12
7,10,19
32,59,62
13,86,89
15,52,43
22,68,9
43,98,64
62,81,46
11,78,56
8,59,85
23,30,90
29,92,85
4,79,39
73,91,13
19,28,68
66,93,94
27,38,68
39,45,4
89,94,17
9,92,59
3,26,94
12,26,50
56,93,66
2,97,34
16,35,5
6,45,47
12,30,77
11,13,65
60,84,24
42,55,7
4,28,18
38,93,50
3,72,25
11,31,63
17,82,54
26,71,92
82,96,42
42,92,63
25,38,28
52,73,57
24,79,12
6,44,53
67,88,6
17,36,23
2,75,53
32,51,89
58,61,38
46,80,74
6,13,86
3,13,77
24,40,69
18,58,92
34,72,15
24,28,23
43,46,90
66,84,68
40,80,31
34,38,4
20,53,87
79,81,20
23,41,72
34,55,56
39,78,76
20,49,23
51,88,30
26,40,72
3,17,35
74,78,46
53,91,20
36,60,22
15,34,91
70,72,46
52,74,19
2,23,34
30,51,51
16,27,66
53,80,5
47,96,91
17,50,53
29,30,36
35,74,14
49,73,66
22,33,58
29,82,38
3,66,35
15,33,62
56,97,96
73,81,49
72,75,40
23,93,33
63,69,9
19,92,46
73,82,3
46,47,5
23,45,97
13,42,25
34,67,78
35,85,56
80,83,37
70,78,99
16,92,69
48,77,84
64,75,72
46,94,80
7,42,18
21,62,71
28,33,63
27,80,31
30,81,99
34,61,51
5,53,43
42,52,99
10,69,2
35,64,2
42,77,64
50,60,9
26,73,44
7,12,87
74,87,40
54,89,1
72,79,25
7,25,85
4,72,88
8,44,61
9,20,43
6,29,7
19,53,98
47,58,63
58,84,10
15,62,49
8,56,41
65,91,89
93,98,84
12,49,5
4,6,30
18,41,95
24,26,33
13,34,66
38,47,89
7,33,27
13,62,18
19,62,12
5,47,49
22,42,50
3,28,54
26,70,56
57,74,93
31,52,8
21,84,61
17,48,56
5,66,24
38,84,35
45,77,74
4,51,2
8,74,47
31,47,93
3,14,93
2,71,68
1,32,21
48,62,51
46,67,49
24,38,69
25,32,48
2,74,85
17,68,98
9,45,4
10,89,13
2,33,19
44,53,19
11,45,82
50,85,7
56,76,96
7,81,37
1,35,43
73,78,52
48,67,49
13,68,28
1,46,10
71,81,17
19,75,26
50,75,67
34,48,88
33,89,43
9,97,85
30,76,60
47,56,45
1,29,95
17,40,37
22,71,88
5,84,97
0,26,58
37,50,69
54,57,52
39,86,52
27,63,89
31,36,69
40,55,13
65,80,6
3,70,90
61,75,46
7,34,60
34,98,68
33,39,17
18,29,19
31,34,22
24,77,73
23,51,33
5,16,11
66,88,3
66,87,25
18,96,14
3,39,95
82,86,27
2,31,25
60,62,20
49,66,36
10,48,81
19,59,63
3,55,83
56,92,86
71,74,39
5,86,3
11,48,67
4,98,14
4,56,19
13,67,2
1,76,2
53,83,67
40,74,69
65,87,52
23,46,65
7,63,64
50,55,39
9,72,46
15,98,94
36,72,68
19,42,17
8,49,34
79,90,19
24,64,2
63,87,52
20,23,17
59,81,45
23,82,1
35,46,45
18,87,25
85,91,80
38,44,41
50,86,71
55,93,31
35,59,35
30,63,8
13,28,47
52,57,29
9,69,41
17,18,40
25,90,98
42,83,54
11,57,95
29,97,96
7,11,6
54,94,30
17,27,47
49,54,56
38,65,45
25,75,64
55,92,50
61,80,44
51,55,34
64,69,67
74,81,28
27,85,17
55,86,26
68,73,56
13,94,82
61,92,58
11,22,8
53,64,90
3,36,5
14,80,60
87,95,22
32,82,6
9,58,29
78,89,74
64,88,81
47,71,28
32,48,27
39,97,6
6,86,79
4,96,21
0,67,22
29,96,29
57,81,60
65,69,18
58,76,1
22,84,91
4,41,84
28,32,27
34,63,71
48,66,12
8,63,89
27,39,69
3,84,36
12,98,2
40,57,70
3,90,14
36,89,46
66,79,40
18,80,37
93,95,44
76,92,26
14,45,31
59,77,61
43,82,15
11,40,1
20,93,72
15,76,10
30,68,86
45,63,17
55,84,84
10,11,94
40,46,93
25,69,51
46,63,28
37,75,86
11,12,72
72,78,85
56,88,24
30,80,42
43,57,62
36,52,26
19,57,60
2,9,59
3,37,97
17,66,54
17,78,51
0,27,22
90,94,98
10,21,27
6,84,55
43,66,56
7,69,2
28,40,89
31,40,82
50,84,79
51,94,59
21,51,8
34,56,53
33,42,25
48,93,59
57,61,77
63,85,70
2,8,51
20,51,80
68,94,62
25,80,92
4,77,32
44,89,96
13,47,82
44,61,66
0,36,16
16,42,75
37,81,13
42,62,44
35,97,60
27,79,50
36,45,89
16,53,12
26,56,18
18,57,40
52,91,48
61,65,30
56,62,18
4,16,30
15,64,71
23,35,4
39,88,51
38,58,33
72,84,72
62,73,36
6,33,3
36,76,78
29,45,10
91,92,34
15,71,6
8,83,15
25,86,15
20,58,32
54,60,63
29,55,61
63,96,21
57,60,90
9,41,37
45,54,43
30,41,70
33,79,58
26,50,71
28,85,46
79,93,53
1,91,62
35,79,72
13,76,91
54,78,1
9,52,62
38,51,53
16,57,30
37,93,77
5,73,4
23,72,11
29,43,73
37,67,85
52,90,83
29,35,35
6,98,46
13,51,39
10,36,23
39,72,16
50,71,69
87,90,18
64,93,36
4,40,15
14,92,93
2,86,37
39,91,98
75,93,48
0,6,49
32,69,54
17,93,70
43,47,69
9,22,85
29,87,60
5,27,63
57,90,44
48,81,82
18,81,30
33,40,93
50,78,27
13,96,55
50,74,86
8,12,84
33,51,87
37,88,17
9,57,77
24,25,91
1,7,85
9,53,33
55,80,55
3,57,74
25,30,56
1,94,65
24,35,62
5,72,57
21,24,52
27,57,12
29,62,6
0,98,43
49,90,62
0,13,43
14,95,30
65,77,77
45,70,59
48,94,52
10,73,25
17,56,4
14,28,30
78,79,46
22,40,27
49,52,74
69,70,17
19,94,25
39,89,33
71,96,69
38,88,90
18,25,68
2,67,19
55,95,38
48,65,70
0,64,51
0,75,38
43,86,57
15,29,34
12,60,69
48,87,70
12,85,91
32,83,5
40,72,6
1,28,73
48,83,30
49,82,30
53,59,17
22,47,98
43,80,10
39,90,49
48,78,68
23,89,71
19,68,12
35,63,45
19,66,17
18,34,35
15,50,91
75,83,26
8,46,31
74,96,36
2,13,10
19,95,48
58,95,41
31,51,22
3,21,98
1,95,62
6,40,89
2,68,5
43,94,30
18,84,16
25,27,35
27,96,32
24,43,75
45,83,25
18,65,57
12,90,68
16,56,15
47,94,56
54,67,59
5,91,58
27,49,49
44,82,41
22,89,44
36,54,8
21,28,50
8,73,35
48,71,4
20,72,90
5,46,45
18,86,99
14,75,86
55,56,35
41,92,22
11,79,78
17,72,8
69,90,6
33,44,46
16,82,97
45,85,32
8,40,41
18,56,91
20,25,13
28,62,33
41,55,45
32,66,54
55,69,59
24,76,31
13,82,9
9,82,93
31,88,72
69,74,20
28,98,68
68,83,36
70,90,94
19,60,59
56,73,34
80,86,61
7,91,24
30,60,58
6,92,12
61,68,83
24,47,58
22,45,49
12,41,26
27,60,46
47,57,46
65,93,91
5,52,98
24,88,21
27,75,98
41,46,3
1,98,29
15,93,48
0,5,31
67,94,36
17,28,4
31,59,42
25,34,48
66,98,4
11,96,65
17,51,83
58,90,41
13,20,30
25,51,66
66,90,50
52,95,87
82,85,6
53,89,71
0,80,41
2,6,53
27,61,38
12,77,98
0,40,72
17,46,79
67,90,99
8,35,94
39,70,33
9,70,44
3,75,23
30,86,32
38,73,13
19,83,86
53,58,36
15,95,82
47,79,98
23,58,83
64,96,27
90,92,3
6,59,68
38,56,33
53,56,19
74,88,11
63,89,78
45,62,41
22,81,42
20,36,38
9,62,21
5,81,14
14,81,9
31,63,81
4,78,95
18,90,57
71,86,24
63,78,59
12,16,39
1,51,23
15,88,77
8,69,66
47,90,6
90,98,11
22,80,93
10,41,91
2,94,75
63,70,67
75,76,17
17,37,63
40,94,32
59,76,66
7,86,4
14,48,71
3,63,54
47,63,71
22,51,12
30,35,15
9,89,71
87,98,70
91,97,21
7,59,37
26,30,57
73,93,15
47,61,91
14,98,14
36,93,49
4,87,39
24,59,8
12,44,96
77,93,37
24,57,16
30,49,26
77,80,48
49,61,37
34,68,2
28,80,31
23,84,53
24,32,4
0,84,68
9,68,27
52,77,2
58,91,11
7,40,89
2,16,61
4,37,65
25,94,33
8,79,73
12,62,74
21,65,80
12,69,59
28,44,67
1,42,22
33,83,31
0,95,23
11,92,89
60,64,37
37,78,86
15,77,94
2,38,85
18,73,82
4,64,66
47,60,23
57,77,82
90,96,85
23,47,56
22,75,92
11,77,65
40,42,64
58,60,77
6,34,26
13,50,79
3,61,16
30,69,20
68,75,37
8,43,19
43,73,37
42,68,18
32,92,52
27,82,25
52,88,51
33,90,59
52,71,24
56,63,81
46,57,69
43,67,62
25,78,55
25,67,15
5,45,85
59,98,36
15,32,1
43,87,43
29,48,59
34,62,97
7,49,88
26,65,98
22,88,48
47,68,60
28,58,43
0,52,78
7,95,85
67,68,84
0,73,1
42,98,89
8,34,64
32,95,95
11,26,85
8,94,38
6,10,93
46,66,55
53,81,50
46,62,46
69,94,26
78,92,9
89,93,18
68,80,7
45,55,27
6,79,19
33,65,27
60,95,42
35,39,83
63,72,5
22,24,45
11,19,53
15,72,39
15,46,26
25,73,68
69,86,68
64,82,83
52,75,81
44,95,76
4,94,49
29,44,51
7,70,36
40,96,31
26,82,71
37,44,39
10,66,52
43,84,7
4,17,23
5,71,44
10,51,15
36,43,86
23,53,15
83,88,30
72,90,45
48,57,79
19,55,84
31,53,46
12,14,97
14,17,89
16,62,56
76,87,33
22,23,51
12,37,6
28,37,9
5,92,98
29,52,81
1,30,74
25,65,5
82,90,85
49,81,22
9,18,74
25,42,39
53,77,99
26,75,37
19,56,95
44,62,12
24,34,22
21,66,32
51,66,41
23,55,10
0,94,53
4,47,73
27,88,67
16,25,68
81,87,50
6,81,94
19,20,12
9,61,93
70,74,42
41,75,90
79,98,27
4,42,68
47,88,90
14,62,97
9,59,67
49,69,61
24,98,97
3,16,30
7,9,78
2,77,51
10,15,98
1,10,39
21,67,10
49,77,4
13,31,58
5,79,30
5,77,86
87,94,18
41,69,59
19,84,3
73,76,75
24,66,56
60,66,95
59,78,39
22,35,58
32,93,28
17,96,92
41,56,70
3,96,62
26,63,18
39,54,94
89,90,46
5,10,13
24,55,49
0,82,26
38,95,45
4,76,46
43,83,40
19,44,53
68,81,9
16,75,92
32,41,22
63,75,32
6,26,62
71,98,67
3,29,48
29,72,21
28,63,60
69,81,62
23,54,5
10,82,7
45,97,4
42,69,30
73,97,61
36,42,41
17,23,90
46,51,55
36,82,84
38,89,30
70,80,68
17,25,39
47,55,36
44,86,1
14,58,64
84,85,14
62,97,61
58,63,3
29,34,71
7,87,55
31,67,59
19,97,32
10,18,75
57,78,53
79,95,96
5,93,81
23,56,22
14,65,52
11,44,12
14,71,33
46,53,52
1,84,49
59,73,53
16,26,81
15,48,63
15,57,74
52,96,15
17,80,91
32,80,68
39,61,28
38,53,31
42,76,55
31,79,41
10,54,44
37,58,3
39,87,30
27,46,66
30,77,3
2,64,98
22,90,29
13,73,88
77,94,93
36,74,47
44,94,59
65,74,98
34,89,89
12,40,38
54,55,98
4,7,20
53,67,69
39,58,75
31,41,42
5,61,19
0,79,91
74,93,88
21,23,94
25,88,64
45,95,11
37,71,27
8,30,70
7,75,10
1,33,11
43,56,32
16,73,86
80,81,58
26,93,11
30,96,61
30,62,75
13,88,19
43,97,23
20,96,99
3,31,82
0,56,5
46,56,48
43,85,37
1,34,33
36,77,28
14,74,76
1,3,40
51,82,17
4,33,86
20,55,3
35,50,47
19,40,64
0,86,98
25,29,53
27,62,63
13,19,84
19,29,29
6,74,74
4,31,30
2,96,18
47,91,13
54,58,87
12,47,73
5,36,72
33,55,90
48,92,69
7,84,11
31,54,1
2,62,48
41,43,56
9,94,42
23,31,92
32,84,35
42,85,88
12,76,33
21,81,47
35,52,49
12,88,17
35,92,28
3,91,32
59,83,91
16,83,55
44,70,58
7,74,67
2,58,53
7,48,1
80,82,87
35,40,22
8,75,59
4,59,50
20,33,85
80,91,59
62,86,74
32,64,42
8,47,13
28,30,42
45,67,23
27,35,94
46,52,52
52,87,54
14,27,61
29,41,93
22,86,24
3,60,47
0,68,19
42,50,73
56,89,72
21,87,38
8,86,7
1,87,89
57,86,80
14,85,64
52,94,54
15,66,55
84,94,55
66,97,18
71,84,9
5,22,61
10,98,2
14,87,63
26,62,21
7,28,17
7,71,70
57,96,5
33,73,88
9,65,67
81,93,13
14,97,97
15,26,7
20,28,4
58,86,61
27,48,91
39,74,15
38,70,4
25,53,10
66,67,26
25,72,57
31,81,62
45,72,48
53,65,34
5,98,93
21,44,20
32,39,44
29,89,98
0,31,9
20,50,83
0,29,80
52,53,70
68,92,37
40,71,54
52,59,64
7,94,60
41,73,9
21,92,97
41,77,2
3,47,94
6,88,50
56,95,13
56,90,26
7,97,73
6,11,96
59,93,14
15,37,21
22,52,45
30,32,97
41,58,25
36,40,38
28,47,76
39,66,26
10,87,40
36,69,44
32,89,2
50,66,31
17,85,39
47,53,83
39,92,46
9,24,87
4,15,68
15,97,25
38,86,7
51,56,46
15,63,20
50,51,69
3,79,23
17,70,28
8,81,76
69,82,68
60,71,18
26,80,87
20,44,48
75,89,53
58,88,49
10,62,28
21,39,13
0,2,97
41,85,97
20,22,10
7,55,82
61,69,83
14,52,59
4,10,99
23,73,58
38,83,42
36,98,6
8,19,4
86,91,79
62,93,17
12,50,50
0,0,0
