28,37,21
22,48,59
4,33,49
52,64,4
35,55,7
23,26,75
20,49,24
19,39,93
13,53,53
16,65,51
32,62,97
14,18,97
2,34,54
47,65,95
39,60,7
17,21,49
49,56,63
32,44,19
22,25,92
3,4,55
10,36,3
26,61,9
39,54,25
15,20,84
55,67,45
18,59,23
3,63,42
30,64,30
26,41,97
24,46,79
7,32,70
26,64,29
25,41,75
11,39,19
47,48,28
18,57,44
0,8,60
30,38,54
29,37,99
6,57,36
46,65,38
0,29,68
52,61,19
18,61,4
9,27,34
24,40,64
35,65,60
17,44,73
1,8,18
51,62,79
1,27,4
23,32,62
21,49,82
30,43,3
7,31,23
8,9,22
3,33,20
19,26,81
22,31,57
31,40,84
36,39,94
16,53,13
20,30,41
16,35,22
8,54,33
26,38,13
33,59,43
27,67,10
18,27,25
4,6,53
25,42,86
20,43,91
6,51,44
61,62,8
5,25,13
40,54,12
11,61,71
0,49,18
9,66,18
6,15,92
39,47,34
25,50,44
11,37,93
49,67,67
0,14,73
3,35,20
17,26,88
3,22,34
15,31,25
2,26,97
4,58,57
29,67,6
37,49,2
19,36,13
5,17,74
6,45,74
22,23,22
31,54,13
42,45,24
20,66,17
42,61,56
10,24,62
32,49,37
10,64,50
13,45,54
35,63,21
2,65,41
6,21,45
36,47,16
13,65,78
1,38,2
3,27,25
10,16,56
24,43,63
50,51,47
46,50,15
28,34,41
54,64,83
9,24,78
9,32,39
24,51,24
44,54,94
38,62,8
42,57,15
8,52,63
20,33,69
8,55,16
48,52,59
52,63,36
52,54,88
41,55,10
5,61,19
11,53,19
29,51,8
12,26,5
29,33,40
1,29,12
10,15,44
17,48,96
18,29,91
55,64,67
6,53,31
14,41,77
20,62,64
17,55,46
17,59,62
9,21,14
32,33,89
21,23,42
12,16,89
45,57,86
38,61,26
13,16,31
49,57,90
20,50,30
1,20,15
8,35,28
13,43,72
14,55,42
32,52,46
11,59,84
7,26,79
9,48,31
16,67,91
65,66,63
9,25,99
3,12,83
13,39,89
3,47,25
23,58,47
57,58,37
21,46,10
20,24,54
6,37,80
10,44,93
10,62,22
5,37,43
37,65,91
28,49,90
4,23,15
3,44,90
3,16,64
15,33,75
9,44,47
45,50,60
3,23,11
39,49,33
52,66,35
19,21,27
20,23,64
24,61,94
57,59,85
7,43,13
25,32,75
2,59,16
17,23,96
53,67,31
54,66,82
56,67,27
11,15,25
47,61,84
7,50,86
30,34,48
4,40,57
21,39,38
5,42,57
17,57,68
48,64,12
38,58,11
29,32,84
18,60,72
43,50,28
21,24,25
22,58,35
31,52,46
2,4,30
39,41,69
6,22,90
4,52,87
1,60,40
22,61,95
13,30,1
22,46,41
15,61,25
37,47,82
8,46,86
26,39,12
33,60,73
43,62,92
40,60,56
1,62,64
37,67,74
29,40,15
36,58,38
14,24,48
4,44,26
38,40,76
42,47,94
59,64,71
25,57,63
23,43,29
25,55,95
10,60,7
29,36,55
17,32,24
18,54,98
30,61,13
7,39,92
22,56,57
31,63,42
46,51,7
5,18,26
30,56,29
19,46,41
39,52,38
36,60,63
35,37,28
39,57,16
17,39,43
1,67,81
28,54,22
6,33,61
42,52,27
4,49,7
32,56,37
8,65,75
41,59,12
12,64,85
13,54,63
8,45,23
27,31,1
27,38,65
30,42,62
40,62,42
5,53,46
5,12,87
4,59,10
21,26,66
23,49,72
43,67,72
8,33,13
5,20,1
11,62,41
2,60,65
27,47,63
9,41,12
50,66,29
56,63,55
2,56,91
21,44,41
19,60,91
18,31,39
8,30,40
3,34,11
9,50,21
9,31,41
5,6,60
43,51,20
27,50,99
15,35,33
10,12,2
14,57,41
29,62,7
5,66,42
37,41,30
8,18,38
20,64,39
4,38,19
28,58,89
5,38,39
10,17,23
25,28,93
28,44,89
60,63,3
24,67,62
19,42,98
38,49,2
15,56,66
34,47,81
34,37,53
21,59,58
3,13,49
9,49,73
25,51,24
53,55,63
13,66,70
14,29,5
4,15,81
10,33,35
46,53,24
1,7,7
9,17,80
41,65,70
21,32,86
35,60,79
10,51,48
30,53,23
41,45,88
30,66,89
36,41,68
42,59,1
27,55,66
10,39,78
47,49,92
16,30,26
17,27,67
15,27,56
39,46,2
6,50,90
26,62,76
0,12,30
42,44,92
0,63,77
19,29,93
14,22,41
36,64,83
36,45,58
38,60,50
2,16,67
15,55,74
17,52,62
17,25,10
20,42,82
9,33,69
26,47,28
33,35,22
0,0,0
