30,32,6
18,46,76
16,53,3
43,49,16
8,56,44
20,41,16
10,19,13
22,31,46
27,58,24
6,53,45
40,55,73
15,19,63
14,54,84
27,51,59
23,32,72
10,55,83
33,50,62
38,47,44
2,44,28
37,51,59
6,10,88
32,39,29
9,52,28
21,33,89
19,28,26
27,29,78
4,31,38
8,22,13
4,59,66
12,17,60
16,46,94
14,40,52
29,30,21
22,57,39
36,51,64
14,19,11
4,36,67
8,13,65
18,23,7
11,26,22
41,55,49
26,28,18
3,12,55
42,50,78
3,34,50
27,49,8
50,55,88
39,43,80
14,22,3
19,58,23
58,59,82
17,33,76
28,50,21
9,34,73
3,55,90
40,46,94
36,39,77
43,54,98
18,47,55
8,39,25
17,54,2
35,46,18
2,17,34
6,30,8
16,19,89
8,49,80
13,58,51
25,45,27
20,46,97
28,53,50
57,58,88
36,38,70
3,16,29
33,44,48
20,38,89
49,57,49
1,2,40
3,45,38
7,9,63
11,19,21
4,25,81
7,55,1
11,43,34
4,12,67
20,37,66
3,4,12
31,43,13
5,43,28
5,33,24
18,25,5
1,57,12
4,52,8
30,35,44
38,40,94
6,24,46
43,57,85
30,55,49
15,36,35
28,43,60
6,35,68
7,17,76
10,38,49
16,33,3
40,43,18
23,48,24
11,27,59
51,53,51
13,36,69
19,54,89
17,59,6
32,45,7
2,8,95
28,29,47
11,56,16
45,56,72
38,44,96
11,13,17
47,59,94
1,31,12
7,56,6
33,52,12
18,19,78
0,25,69
16,50,93
8,32,46
6,34,38
7,52,51
16,27,33
22,47,27
0,26,68
27,46,56
25,48,57
0,41,8
20,34,79
1,28,16
40,57,87
0,4,60
28,34,26
26,52,36
30,46,24
37,49,97
6,36,49
4,50,12
50,52,12
16,54,81
1,12,70
7,53,89
5,21,82
9,58,3
12,29,21
9,20,46
0,52,53
0,23,72
5,35,81
9,32,33
15,35,46
31,44,92
16,59,24
17,22,95
7,49,51
3,19,20
15,34,9
4,46,10
1,33,33
2,6,47
8,59,45
41,54,52
15,31,16
1,8,68
6,18,15
18,21,28
29,58,18
33,34,8
19,50,58
17,37,49
15,37,79
11,50,78
33,39,83
10,37,85
11,22,6
7,19,28
8,28,75
10,29,64
25,52,83
0,22,42
38,49,34
25,53,89
42,53,35
9,21,58
16,37,88
12,52,90
52,53,78
31,33,8
19,25,48
15,38,77
0,55,88
44,58,42
33,57,56
10,50,1
23,52,31
27,47,52
16,39,77
32,54,30
4,26,34
2,45,52
27,57,44
33,41,68
43,52,78
8,47,5
34,41,27
18,58,27
54,58,29
18,48,8
29,45,69
29,49,70
17,18,87
2,18,49
30,42,30
18,54,9
22,33,58
11,38,69
0,37,22
11,49,26
2,36,34
25,39,9
26,31,3
27,38,54
21,55,49
5,30,50
26,44,15
39,41,96
2,23,1
0,17,75
34,46,18
13,38,92
0,24,41
14,21,90
31,50,88
6,29,28
16,45,64
19,55,38
16,31,97
14,42,78
12,41,54
0,50,67
23,42,63
13,45,5
18,32,50
28,39,89
4,55,40
0,3,25
6,43,6
12,24,51
24,50,30
2,50,65
51,54,40
25,54,4
7,27,39
21,22,63
15,17,98
19,52,26
24,25,78
2,29,70
49,50,18
3,18,75
41,56,83
6,42,28
22,54,22
10,36,39
1,53,28
31,56,38
24,29,26
23,54,18
33,59,70
18,59,43
35,42,99
50,58,48
13,41,59
14,37,93
8,36,39
24,43,85
11,58,18
22,24,56
10,52,10
2,32,94
48,57,93
33,54,21
5,58,98
36,55,41
12,30,92
11,21,80
39,48,38
11,41,78
19,43,50
19,36,30
50,59,70
2,43,68
28,56,99
39,45,24
41,43,92
6,27,86
27,40,72
43,56,61
30,51,96
7,47,81
27,32,1
31,41,58
8,25,2
27,54,84
8,9,78
3,40,41
26,53,32
27,48,4
25,46,54
15,41,2
7,39,62
9,45,85
1,26,96
6,16,1
7,31,91
4,37,65
19,34,91
15,21,62
4,41,17
40,44,47
18,50,47
8,20,41
11,37,13
8,35,21
19,29,27
45,55,10
16,55,6
8,19,11
39,49,58
30,38,12
24,55,99
2,42,64
11,36,85
6,48,68
25,43,24
13,47,70
0,34,66
8,44,1
0,28,66
2,49,47
4,22,78
4,51,30
5,48,66
28,49,61
21,42,5
16,52,21
30,39,8
20,26,68
29,52,35
36,50,20
12,20,91
7,20,35
29,57,27
7,35,50
10,56,65
9,57,84
34,48,62
26,54,41
29,55,46
23,41,25
10,26,56
47,53,98
47,51,38
27,50,64
11,16,10
35,56,32
24,46,58
26,58,12
10,18,39
3,8,45
37,44,43
23,28,90
48,50,87
1,52,25
6,22,72
4,15,29
8,24,17
8,15,98
14,55,70
6,12,17
3,36,73
13,52,65
4,8,38
18,35,67
18,37,32
32,57,70
37,42,96
24,36,10
40,52,81
1,40,81
42,47,23
22,44,93
13,29,54
31,53,80
48,55,55
27,45,95
23,50,49
14,33,13
29,31,25
0,57,79
5,11,42
13,48,19
25,38,19
10,33,45
12,13,26
30,52,71
45,54,79
20,52,97
5,47,40
20,28,79
34,51,2
21,54,17
29,56,65
0,38,98
25,51,79
13,32,21
22,59,5
8,52,34
10,49,32
9,38,37
9,23,11
10,44,35
16,56,91
7,22,93
7,36,92
7,28,9
6,31,55
11,20,77
35,59,93
3,9,86
10,22,63
6,57,67
20,36,10
46,47,81
26,47,73
18,41,1
11,31,20
45,49,38
1,13,54
6,20,66
16,32,47
23,58,3
27,44,11
14,36,54
15,55,96
2,55,35
14,20,53
6,50,40
5,44,58
32,36,95
42,46,70
25,42,4
43,47,8
32,35,79
19,35,81
35,43,33
16,44,34
5,7,4
34,50,74
3,56,8
35,51,20
2,12,11
44,56,71
5,54,45
31,40,77
33,49,88
18,45,98
12,42,70
16,57,65
8,42,34
47,57,24
46,53,62
40,48,52
55,59,81
7,34,16
44,46,12
3,29,6
12,39,85
11,46,15
4,48,31
12,21,3
3,22,69
27,33,21
24,34,68
5,56,59
28,59,69
40,58,72
23,24,40
17,50,6
20,40,68
20,23,75
39,44,20
1,5,71
29,48,26
35,49,40
50,51,53
15,45,8
10,14,53
3,37,38
20,31,5
18,38,54
20,47,49
45,51,16
11,33,92
0,20,14
13,23,86
0,5,1
14,45,60
30,31,50
44,57,85
6,49,77
45,47,4
1,11,3
23,27,41
28,44,25
3,33,63
8,23,64
22,26,80
2,57,71
53,59,92
15,47,93
12,15,82
10,30,10
21,44,27
14,44,18
40,56,79
24,56,68
20,22,73
14,28,32
10,39,15
36,47,95
21,35,21
47,49,7
23,43,90
4,21,64
13,33,67
23,34,11
38,59,40
27,31,3
4,6,92
1,48,14
23,51,77
21,36,23
5,45,13
0,16,35
12,22,41
15,51,23
14,38,40
17,39,96
52,55,59
38,42,60
18,51,12
44,53,15
15,56,55
5,39,37
14,23,35
53,58,13
8,12,57
14,26,99
8,54,92
35,40,89
13,26,11
35,36,90
10,13,63
19,56,4
44,54,97
11,42,51
34,52,27
35,50,70
17,51,89
42,45,4
33,38,5
33,47,7
24,57,57
24,41,41
16,34,17
22,58,75
16,18,61
31,39,47
22,48,46
47,56,21
2,48,53
5,13,53
29,40,35
26,40,48
4,58,51
15,50,62
9,33,42
12,16,86
0,43,98
32,53,79
1,17,3
36,37,33
32,50,6
13,18,46
24,28,39
3,24,98
4,44,49
10,47,82
7,38,26
10,24,56
29,39,7
14,30,10
13,19,93
38,56,8
46,57,13
1,47,76
29,37,61
52,59,15
19,49,24
28,42,41
14,18,77
7,37,74
37,46,71
13,51,7
14,56,66
49,51,3
35,38,10
55,56,71
11,47,16
12,35,12
48,52,69
41,53,74
17,24,9
13,57,77
34,58,77
23,31,41
20,42,4
9,18,47
38,58,9
13,28,2
4,32,31
0,19,6
14,41,22
21,31,29
12,32,76
18,33,16
10,46,63
13,31,74
18,56,77
6,21,86
28,35,27
9,25,80
11,44,75
8,10,55
33,56,64
45,58,84
43,51,92
39,47,37
16,28,89
8,50,18
40,59,90
36,48,30
10,28,92
5,52,95
9,59,28
0,49,72
31,47,4
9,54,1
10,58,36
10,41,93
16,20,35
52,58,55
50,54,98
26,45,6
13,27,27
35,54,6
11,55,13
53,54,36
24,26,7
11,28,95
37,38,47
29,38,1
25,44,42
23,30,66
18,26,50
20,58,71
42,58,40
10,51,25
0,35,40
24,54,20
15,53,96
41,50,68
4,47,17
14,17,1
22,30,78
13,56,82
17,56,54
2,19,5
7,12,12
4,43,39
2,3,16
3,43,3
29,41,25
10,34,73
10,42,8
26,37,76
2,24,89
41,46,90
46,50,55
22,56,85
29,43,16
24,31,22
2,46,62
32,33,57
1,23,13
32,43,87
12,44,52
23,55,20
4,54,34
28,51,24
0,2,4
42,43,29
2,4,49
7,8,21
50,56,6
19,30,97
2,25,23
8,46,47
17,35,36
18,39,27
2,28,64
31,34,71
6,19,29
22,50,30
21,40,40
9,17,25
20,51,1
24,39,16
24,40,99
13,24,73
3,51,83
16,40,35
26,27,89
56,58,86
3,10,1
1,51,84
3,41,49
8,45,38
14,48,54
33,48,9
12,37,93
35,45,19
39,52,76
26,57,92
53,56,13
5,14,31
25,29,23
0,30,28
7,57,11
57,59,57
31,48,84
27,28,63
36,46,27
34,37,92
56,59,36
34,36,84
3,58,12
10,35,81
39,46,97
0,0,0
