6,14,40
20,38,82
4,18,90
21,47,34
7,28,1
36,38,65
31,50,35
4,49,9
46,47,8
15,45,8
14,15,87
38,47,12
0,11,21
34,50,13
28,50,23
16,33,56
26,51,94
15,53,37
5,37,64
29,35,58
39,45,8
24,44,15
0,9,52
16,21,10
37,38,38
25,40,25
21,37,76
16,41,44
11,45,59
20,24,14
33,37,77
25,43,94
5,31,3
6,7,22
24,34,57
27,37,10
14,17,46
47,52,79
8,46,33
5,50,96
10,28,56
8,32,65
7,12,71
29,31,30
34,41,80
16,27,62
9,11,19
29,46,60
29,49,78
42,48,14
32,46,45
30,35,48
9,22,48
30,41,35
6,44,87
25,38,43
19,37,54
16,26,37
21,23,8
42,43,48
12,32,63
18,51,24
27,39,53
35,46,28
13,39,18
15,18,55
2,34,37
32,44,96
7,14,26
12,47,61
48,49,35
10,15,49
18,24,96
14,23,86
10,40,91
4,51,59
5,30,33
2,26,76
4,40,8
6,40,57
1,16,60
14,22,16
14,20,63
50,52,91
12,22,86
14,33,5
18,19,74
0,27,73
1,33,29
34,45,94
18,26,20
17,22,99
4,48,92
12,21,86
8,39,40
8,38,96
12,53,9
18,41,80
7,35,45
8,42,8
24,42,48
2,10,42
5,33,81
42,50,36
41,50,87
43,52,26
32,34,47
21,30,93
26,31,64
4,20,82
3,37,87
4,41,37
34,39,57
7,38,31
38,49,81
9,19,12
20,46,67
18,43,77
6,27,82
5,15,67
28,49,77
3,21,88
5,45,37
36,42,61
38,42,7
25,35,67
32,40,21
23,37,63
16,36,94
14,49,36
22,53,12
38,43,63
36,45,76
31,33,93
7,27,1
33,39,26
13,42,54
9,20,1
17,28,22
20,23,94
6,51,29
21,33,65
3,50,17
6,11,51
22,23,84
4,46,94
4,14,20
2,47,35
5,41,53
3,7,68
17,23,56
0,22,90
0,51,38
5,22,74
2,51,43
16,23,22
36,37,22
8,22,97
2,31,47
21,49,54
12,19,94
33,40,3
23,24,52
45,49,35
16,38,61
22,27,81
2,20,81
15,52,55
35,38,72
7,31,9
15,50,85
4,16,92
15,44,35
22,42,19
17,33,80
19,31,11
30,36,70
39,50,88
17,44,6
2,49,58
32,51,63
45,53,47
24,48,14
36,40,23
28,46,37
1,21,8
40,44,20
38,52,65
32,35,19
21,51,85
40,48,38
22,35,15
8,24,44
6,23,22
9,34,36
28,29,81
21,53,49
6,48,28
4,5,41
39,42,65
9,15,81
19,36,7
24,31,47
1,13,67
12,28,47
15,32,55
1,38,54
0,16,22
6,18,24
2,53,49
4,47,79
10,53,63
21,34,15
0,8,7
13,30,82
1,18,10
37,50,55
18,37,73
17,53,77
17,43,69
36,41,78
41,48,85
10,33,24
20,21,20
9,38,15
2,50,17
18,45,31
1,23,56
9,51,99
0,14,9
31,40,41
9,40,34
6,53,9
8,47,94
1,22,30
5,47,12
19,32,32
11,30,6
17,26,43
13,53,24
19,27,51
34,40,95
0,50,10
2,7,43
36,51,55
16,34,38
19,22,40
26,48,22
21,50,54
14,46,91
34,51,21
16,32,17
27,42,73
4,29,50
3,5,16
2,45,11
33,47,77
11,12,82
32,49,82
18,42,39
28,48,5
17,32,40
12,30,40
4,27,55
19,28,71
0,0,0
