2,30,3
5,22,13
2,18,60
6,9,45
5,31,8
23,31,81
8,14,22
6,8,99
3,7,15
18,27,90
3,5,70
10,23,56
12,21,69
30,32,85
11,25,16
10,30,75
6,26,58
25,28,23
2,14,6
1,30,27
9,19,94
6,29,37
10,13,97
9,18,61
10,12,41
6,13,46
22,25,70
15,24,6
4,31,67
19,26,66
14,32,36
12,32,96
13,21,98
6,25,5
12,15,77
7,28,56
0,17,38
0,3,53
21,31,52
21,24,32
25,30,93
5,6,88
22,24,8
13,32,1
23,28,87
0,9,42
5,30,14
1,9,58
5,24,87
12,18,77
9,17,5
2,13,27
22,28,77
10,17,15
27,30,92
19,29,86
7,26,36
9,28,38
11,28,25
11,20,1
17,20,76
0,2,44
3,8,65
2,10,27
6,15,84
1,25,14
4,6,47
8,11,7
3,14,28
5,29,66
18,26,40
15,17,50
1,24,1
8,32,68
21,22,66
0,5,55
12,22,25
4,20,90
16,25,37
7,25,24
18,21,61
15,31,46
7,24,57
6,14,7
4,12,82
8,30,44
2,8,50
1,6,99
5,16,5
5,13,45
3,6,63
15,30,95
4,24,62
28,29,12
3,18,69
9,26,16
9,13,21
17,28,32
1,19,41
6,18,80
15,23,98
9,21,13
21,26,72
18,19,71
0,28,18
5,8,18
1,7,67
7,22,92
6,31,12
22,27,65
12,20,96
9,22,93
12,24,28
5,9,70
7,12,19
18,30,75
20,23,59
7,18,6
14,22,21
11,21,86
4,32,85
18,28,30
12,27,12
20,24,66
17,21,60
16,23,86
6,7,86
2,32,63
12,26,7
3,30,23
4,30,85
7,20,30
7,27,79
0,11,77
17,23,7
4,19,83
15,26,95
17,29,16
1,2,54
12,13,77
9,15,56
1,18,76
0,7,80
3,22,5
8,27,1
0,0,0
