44,76,26
4,15,47
20,57,3
12,35,31
12,69,78
64,67,35
38,51,3
0,57,63
33,66,52
32,77,90
47,65,84
15,37,24
64,69,52
53,68,61
7,70,88
23,27,89
23,76,93
21,36,99
26,61,33
62,70,68
14,32,31
1,71,52
16,59,58
18,47,52
50,73,45
48,62,44
37,52,20
10,19,82
9,75,7
5,43,98
3,43,47
6,60,90
2,62,80
25,43,26
54,66,61
26,41,88
22,38,20
10,47,83
1,33,80
9,42,54
37,46,67
50,75,56
48,53,52
20,25,8
11,28,36
15,34,1
15,39,44
33,61,3
15,58,3
0,3,21
35,42,13
32,49,57
47,60,91
16,63,44
12,44,17
22,53,14
6,58,86
50,57,4
2,74,59
35,68,38
15,70,53
0,53,81
52,66,41
19,23,4
2,60,99
40,58,60
6,25,49
5,73,94
65,72,67
26,70,37
10,65,41
34,45,10
0,42,77
6,71,43
23,56,38
5,60,73
16,55,1
34,64,58
7,55,54
10,49,85
12,18,90
12,14,61
18,36,83
47,70,36
27,70,25
0,46,40
21,47,31
22,37,74
47,57,63
8,54,65
53,56,29
33,44,2
31,69,69
3,28,74
26,54,77
10,50,45
12,73,40
26,45,37
11,65,7
51,71,5
57,65,93
29,71,60
73,76,16
59,66,87
12,50,87
21,29,39
29,60,75
9,41,40
13,71,64
5,9,76
17,22,15
34,36,70
19,52,1
31,44,6
45,66,24
35,63,79
36,55,57
12,71,24
60,76,17
30,49,94
65,75,71
18,64,57
31,33,82
11,24,25
33,74,61
23,77,9
39,49,67
14,58,33
48,50,18
13,34,94
26,34,48
0,77,6
68,76,88
19,41,75
15,20,86
29,73,61
7,22,97
14,34,75
28,45,93
13,68,72
22,64,18
55,71,54
34,43,11
60,71,19
40,59,57
13,70,51
0,48,51
2,25,64
1,2,42
7,40,26
51,70,21
39,58,16
22,24,83
4,56,26
13,64,79
55,57,19
0,49,84
36,75,81
41,42,34
5,37,21
8,40,74
11,51,18
42,73,1
31,58,2
64,70,16
19,20,54
5,63,70
10,52,76
30,47,78
30,62,15
34,67,83
36,50,69
6,22,82
54,75,87
25,60,61
10,24,43
21,34,8
37,41,19
68,69,85
7,36,8
42,70,87
12,68,71
7,73,16
20,76,23
45,47,64
62,72,2
1,75,87
8,56,41
11,27,5
11,12,38
16,44,48
49,61,22
59,68,56
3,58,62
33,47,17
17,29,82
56,77,98
1,64,50
65,74,12
40,76,80
14,53,42
56,57,49
21,61,60
20,28,34
37,60,46
38,68,5
9,37,56
28,48,23
4,11,74
28,33,27
27,66,75
34,75,92
40,41,26
1,3,67
9,52,55
45,55,48
3,77,45
50,51,58
22,51,69
19,40,93
54,71,97
46,58,66
23,38,91
7,48,10
50,70,60
58,72,10
37,62,96
29,37,58
66,77,36
59,65,1
8,59,12
4,21,7
3,48,43
3,45,86
18,51,84
4,64,28
10,34,34
6,50,47
6,67,57
18,19,21
4,18,11
1,66,90
3,7,99
19,37,34
46,61,92
55,60,10
32,52,45
5,49,51
27,32,34
28,60,33
8,15,84
24,31,91
1,74,68
36,42,51
0,27,22
14,50,15
54,68,46
20,48,8
3,69,81
24,68,92
34,73,60
26,42,77
39,72,40
18,39,47
51,60,69
6,64,20
66,69,18
27,68,38
29,55,13
37,63,93
5,48,70
28,41,56
6,56,36
10,31,36
7,19,19
2,61,3
64,66,64
35,48,64
36,37,30
7,60,18
3,50,75
17,71,84
24,71,9
7,56,51
0,43,3
15,18,37
15,52,36
44,66,2
24,47,22
0,7,15
52,54,1
52,68,98
48,63,54
11,52,2
15,24,34
13,15,59
15,27,33
14,66,48
35,61,92
29,46,15
55,68,81
38,54,6
33,52,86
42,58,4
2,73,18
61,64,61
32,47,33
14,73,23
26,51,32
16,48,66
27,43,64
73,74,15
7,42,14
31,45,63
17,30,7
4,31,56
5,36,9
12,41,1
6,39,68
2,9,3
49,66,77
51,74,58
29,51,41
4,53,57
62,73,90
40,71,67
7,67,23
24,70,24
15,44,47
31,57,54
63,67,12
39,46,52
7,57,17
8,60,1
28,43,79
55,64,12
63,76,4
19,77,43
18,72,44
0,24,1
24,53,57
57,67,57
49,62,92
47,49,82
7,49,45
41,74,58
0,35,71
36,67,25
9,18,56
10,68,3
24,34,77
22,72,45
1,59,67
5,14,8
40,57,27
68,75,66
69,74,86
55,56,97
5,27,27
59,61,64
16,75,72
61,72,10
41,72,16
19,57,56
6,62,45
8,44,77
27,69,79
25,50,76
21,58,73
50,77,68
32,72,88
3,75,28
9,54,50
11,67,15
37,39,56
58,66,72
41,69,33
0,6,88
1,53,75
38,67,6
14,54,10
5,40,67
42,68,54
35,37,64
13,17,91
6,72,81
3,44,46
3,61,71
2,54,71
38,53,38
27,77,41
42,69,84
10,74,19
53,65,18
37,54,63
12,26,6
21,65,46
33,40,68
43,66,64
8,63,59
34,65,71
23,31,19
11,32,4
51,66,73
23,49,85
17,31,41
19,25,85
26,50,73
0,40,43
28,34,9
9,15,89
10,43,4
0,11,97
44,51,62
5,51,49
63,66,36
59,63,3
47,69,66
26,62,1
8,29,79
31,60,51
66,74,14
21,23,75
49,60,21
62,69,56
39,76,34
57,60,53
43,74,90
14,41,51
22,23,70
12,28,10
43,77,21
5,28,97
62,64,65
8,50,37
19,58,94
42,55,50
4,30,72
60,69,99
42,48,34
40,74,63
11,18,78
14,45,54
19,49,86
42,62,89
43,68,99
1,44,84
15,74,25
9,33,62
43,44,73
67,77,64
17,18,44
14,70,51
32,50,37
3,72,33
47,71,47
1,55,2
34,55,74
51,76,45
40,64,15
29,36,44
13,33,14
24,55,3
36,69,90
57,71,59
28,29,4
16,42,21
14,44,78
46,59,15
50,67,21
47,58,28
9,74,25
26,49,85
19,59,65
68,73,48
45,69,41
11,73,20
27,54,93
65,67,22
25,40,5
5,76,14
6,30,17
3,54,11
19,69,65
20,47,7
2,56,22
29,65,76
16,24,38
40,61,92
4,24,64
4,39,92
7,17,13
4,59,27
23,24,12
43,56,8
33,62,73
21,69,29
5,55,93
6,53,18
6,17,68
65,73,86
28,77,61
17,76,20
9,38,80
19,56,79
59,76,22
45,68,21
34,52,70
7,45,99
60,67,61
46,65,73
39,47,78
1,25,53
23,34,73
36,52,2
56,58,72
15,73,64
13,46,42
10,12,94
21,52,55
11,75,25
43,61,62
4,23,38
21,64,24
13,20,19
8,76,39
15,77,80
0,15,41
4,63,86
3,46,43
20,65,40
18,48,83
27,65,22
14,43,51
23,35,32
10,45,32
6,19,48
54,57,53
24,51,27
43,70,23
69,77,66
43,71,75
17,36,23
36,63,99
30,71,75
18,42,42
22,26,69
22,43,62
34,39,18
12,61,43
17,33,44
17,63,64
45,72,14
28,66,3
43,60,65
0,50,86
4,70,48
7,50,45
1,27,23
23,52,2
2,28,63
6,76,85
64,72,97
7,12,78
1,15,83
10,40,9
61,68,74
21,72,64
23,26,59
9,31,95
27,50,26
1,51,29
49,55,71
1,46,69
6,24,38
38,40,14
18,60,39
2,16,73
38,61,88
61,77,88
8,28,46
31,47,87
43,58,71
53,67,82
1,6,21
21,37,54
2,57,70
15,60,70
28,38,89
17,61,55
27,56,9
31,66,63
54,73,25
10,22,40
57,63,54
1,23,58
25,64,32
12,57,82
65,69,75
40,53,32
3,38,71
40,70,90
61,62,64
34,37,96
19,54,71
1,18,58
49,76,93
29,43,7
10,76,68
24,72,75
7,53,55
48,60,58
19,34,24
2,5,93
20,77,29
14,56,12
15,46,10
25,77,45
14,25,97
43,51,84
45,50,99
22,47,37
30,53,63
18,34,55
10,75,89
60,75,44
47,75,72
24,46,40
33,53,11
30,65,85
6,47,18
8,17,79
33,57,29
0,1,94
18,30,57
7,8,98
17,47,49
2,17,18
11,39,86
34,35,17
35,66,89
24,26,85
2,50,31
61,74,68
57,74,45
64,75,32
38,55,84
64,65,11
5,20,66
22,30,8
67,68,42
38,75,81
60,62,22
1,8,98
39,71,34
0,29,20
1,28,63
50,52,22
53,55,58
10,41,20
57,70,88
39,48,78
42,50,78
8,57,77
40,56,95
14,74,17
58,67,71
62,71,89
37,58,37
10,71,25
45,49,30
0,18,77
30,67,44
17,49,3
8,72,58
18,58,41
8,37,36
23,65,45
17,56,37
13,38,11
52,61,5
20,58,5
26,53,45
17,26,77
1,54,56
47,62,5
5,18,71
0,33,14
20,72,23
13,57,20
8,64,30
9,13,64
0,34,78
51,72,58
12,13,78
21,35,48
2,52,51
31,50,3
62,65,86
6,38,16
50,69,11
10,44,8
31,49,98
23,69,98
12,75,22
33,50,57
29,32,22
41,67,68
11,41,72
42,54,95
49,54,12
22,65,44
50,65,59
23,28,4
21,57,81
24,37,30
53,54,66
41,66,98
18,65,62
13,69,12
9,25,25
24,39,72
6,48,58
26,56,53
18,33,57
31,68,38
13,22,98
33,68,85
11,55,16
1,34,37
28,63,48
6,36,33
29,74,71
28,56,51
5,71,83
0,51,47
16,32,6
47,64,24
70,72,82
16,64,88
24,27,22
2,45,24
17,60,77
42,67,6
61,73,69
19,63,48
32,44,13
10,37,86
17,73,63
2,34,90
33,45,61
18,43,1
21,50,63
14,30,64
33,41,14
5,57,98
37,56,41
56,69,41
42,60,22
33,48,55
14,62,60
26,60,85
23,47,88
43,47,27
48,58,91
24,65,33
28,52,86
58,75,42
20,56,71
11,34,3
45,61,80
16,20,81
55,58,27
3,11,56
41,70,70
13,60,74
10,21,40
41,58,87
30,44,62
21,22,83
25,76,38
5,29,66
26,48,24
10,36,8
38,49,14
28,30,58
19,35,58
41,61,55
52,53,1
41,59,25
65,77,54
50,56,62
1,24,28
17,25,98
11,70,34
30,69,43
10,42,24
5,58,54
18,31,96
38,73,6
2,71,77
7,24,42
10,53,37
46,53,16
36,66,71
6,73,99
4,61,49
70,74,17
27,73,73
19,39,80
35,49,54
28,39,47
0,65,94
28,37,49
41,75,39
39,69,53
71,74,3
40,42,27
23,29,68
68,72,93
4,5,59
38,64,42
35,38,85
7,39,6
71,76,23
3,74,85
8,48,4
28,76,6
15,16,47
13,14,3
66,76,64
45,62,70
25,57,23
39,53,86
18,57,65
70,76,20
22,59,57
28,50,17
5,8,70
3,16,38
4,45,25
38,57,25
13,40,21
32,76,96
53,63,98
35,46,25
12,60,19
71,75,20
22,27,35
18,63,10
7,76,67
32,68,35
54,60,33
25,35,84
31,71,45
22,69,6
58,59,89
16,23,93
56,70,16
18,73,42
34,63,16
6,7,77
12,31,56
4,75,73
3,56,51
29,35,48
5,67,11
38,56,20
3,31,49
13,75,63
4,25,17
20,39,72
12,33,7
49,67,72
11,71,54
4,43,58
10,28,12
1,57,9
2,15,7
55,59,8
56,60,95
0,59,48
3,17,84
10,14,47
30,57,79
8,26,16
2,42,82
34,56,77
38,45,54
4,60,99
45,65,90
6,70,97
10,70,15
37,40,32
2,59,80
21,68,30
19,38,40
0,56,42
1,32,70
2,21,47
13,26,4
25,37,74
29,31,45
66,70,34
28,71,11
20,67,84
45,60,55
16,18,56
0,76,97
19,71,66
36,47,61
36,73,97
10,32,13
17,41,74
45,54,12
1,65,23
52,76,64
26,33,46
5,24,98
6,37,36
16,29,86
13,74,56
20,61,16
23,50,61
48,56,47
2,41,31
46,56,41
39,77,12
0,14,87
21,75,27
8,22,82
8,16,94
8,41,85
3,26,92
1,47,59
14,64,23
17,27,98
4,66,29
25,55,36
21,66,17
27,38,84
44,63,27
10,48,87
52,73,98
58,70,54
29,61,41
37,57,7
10,60,32
26,31,65
52,60,72
8,68,13
4,42,9
16,61,43
37,77,16
13,28,63
38,74,99
7,43,61
3,25,25
11,21,16
35,44,11
24,30,12
8,19,57
12,67,12
7,13,90
12,62,26
3,52,78
55,75,94
27,31,52
52,67,31
67,76,66
60,73,8
2,14,43
10,27,72
53,61,30
48,54,34
2,46,32
4,33,78
0,54,42
35,56,73
1,36,26
5,19,67
29,75,43
7,68,18
14,29,44
5,62,18
14,15,47
24,43,28
16,43,80
19,72,62
22,41,57
41,44,69
14,23,7
48,76,75
44,48,14
46,48,26
14,18,61
7,72,54
25,71,49
15,71,9
22,33,79
25,61,98
30,64,28
61,70,60
26,67,77
29,49,64
12,20,78
18,67,33
3,70,45
72,75,14
63,74,46
68,70,14
5,10,66
8,34,34
19,30,74
59,74,17
48,71,98
20,54,19
28,67,14
55,67,11
45,46,33
47,73,52
30,73,25
15,56,53
4,35,83
30,76,65
41,64,22
36,74,85
5,31,74
11,72,54
18,32,95
2,66,84
41,53,36
9,67,78
31,41,19
12,25,65
54,77,74
55,66,59
13,51,7
30,59,27
52,77,49
31,55,31
39,68,41
28,31,5
19,53,85
40,44,13
63,77,88
11,49,61
1,35,11
41,73,53
59,70,16
18,70,28
16,54,91
12,59,18
33,36,73
16,65,27
37,53,98
46,50,32
43,49,46
46,55,43
2,32,4
1,43,7
7,15,29
3,20,73
6,45,2
32,62,21
23,60,19
60,66,47
15,45,48
59,71,78
48,65,90
10,35,28
35,73,12
37,61,62
69,76,8
3,47,96
21,56,30
2,31,39
30,32,74
70,77,14
1,73,38
12,19,35
8,51,76
48,55,82
37,76,59
44,47,32
25,75,75
32,56,15
41,43,18
1,61,69
27,44,60
21,26,10
41,63,27
33,65,71
0,5,18
0,22,4
12,37,29
53,77,91
29,52,70
22,45,97
42,53,22
38,41,4
23,57,47
68,71,37
55,62,87
8,53,66
33,56,52
13,67,93
14,21,16
14,61,20
6,75,58
40,75,89
10,59,50
25,30,33
16,73,63
2,23,37
24,44,63
10,13,96
28,46,7
56,72,66
9,36,20
18,20,10
13,49,88
52,69,78
14,22,31
22,31,16
15,17,96
16,35,56
17,40,71
51,54,95
3,35,53
31,39,6
17,23,34
55,72,91
14,52,59
2,29,63
6,20,93
46,51,41
17,72,8
33,70,28
46,57,86
57,58,57
16,72,39
32,67,35
33,60,52
8,69,30
39,73,17
22,32,14
32,45,17
4,20,81
25,29,45
4,29,67
11,25,50
29,54,48
10,54,91
44,71,81
12,64,74
40,47,42
34,76,70
5,56,23
30,66,39
42,49,47
25,74,99
25,38,44
1,7,63
9,21,35
46,70,41
66,75,35
32,33,88
22,36,60
23,61,47
19,60,46
14,55,12
27,40,40
13,41,66
8,43,81
21,42,41
25,32,78
31,52,86
14,75,12
9,48,63
63,73,67
1,60,10
3,71,54
30,46,23
0,8,59
5,54,36
17,35,76
14,68,82
40,69,50
13,16,78
51,68,12
34,60,16
35,39,40
19,42,25
5,42,7
1,22,8
30,43,87
7,71,5
14,67,1
3,22,7
7,34,56
25,45,4
5,69,54
72,76,92
32,65,96
4,51,63
10,64,11
28,58,54
6,49,75
6,15,27
24,57,2
57,69,41
56,65,34
18,77,5
13,24,11
37,45,93
15,30,15
18,68,45
31,76,90
57,59,22
9,76,97
31,35,45
27,39,51
38,70,5
19,44,39
19,55,19
4,69,38
21,49,29
16,40,22
12,39,47
4,14,8
9,27,51
4,77,20
66,68,25
52,71,64
8,67,13
4,44,78
38,58,24
2,76,30
14,28,77
10,58,21
11,17,67
46,60,95
39,63,50
55,77,57
39,61,11
30,50,6
44,72,49
31,59,29
36,62,58
27,28,41
29,34,22
52,55,60
8,24,47
12,43,40
5,21,49
8,32,73
8,11,92
0,36,96
26,40,62
12,29,90
20,69,99
4,28,43
34,40,61
10,66,94
11,33,60
65,66,3
33,34,85
63,75,24
16,58,26
47,50,97
18,22,37
32,71,73
37,51,5
32,48,15
26,68,24
20,43,25
2,22,19
51,52,16
2,65,80
3,29,24
44,77,3
20,64,85
23,64,1
30,34,76
7,31,32
1,41,72
3,14,43
11,59,23
32,57,33
3,12,72
48,70,99
57,75,39
19,50,63
50,62,17
29,50,51
50,55,55
29,59,12
29,67,83
13,31,91
7,77,67
23,54,89
3,6,38
32,61,79
27,48,63
20,49,35
52,75,10
58,64,49
67,69,68
29,68,45
6,40,90
25,58,56
16,41,45
12,27,83
26,55,95
43,45,72
33,72,30
8,14,14
10,15,29
15,33,44
21,54,15
15,61,17
34,61,14
25,66,24
33,75,53
41,65,51
27,71,82
3,9,53
6,13,55
41,71,91
25,44,85
50,60,27
5,35,15
6,74,44
30,75,63
1,11,85
13,29,92
46,62,17
19,29,32
49,63,94
24,52,13
18,46,51
23,68,84
1,69,7
4,34,11
33,42,47
14,31,40
37,47,94
26,71,19
17,75,25
17,77,4
41,77,54
20,35,48
16,51,98
1,49,63
25,51,67
3,30,37
34,71,2
5,41,98
27,52,43
12,72,29
3,65,89
30,77,21
2,37,96
47,68,16
4,57,71
46,54,90
8,42,94
22,40,51
41,48,26
57,61,49
57,66,33
1,50,16
5,6,12
30,72,69
53,62,19
43,76,14
33,35,93
11,64,29
7,10,42
3,32,22
26,39,78
8,70,41
17,57,91
19,36,32
47,54,25
60,70,85
12,16,86
31,42,64
32,75,13
24,58,53
19,24,84
22,68,20
13,59,98
60,72,16
23,74,88
1,10,48
17,50,29
37,42,26
34,53,72
36,59,39
30,58,30
44,67,26
54,65,34
39,60,44
17,24,16
8,45,52
53,73,24
3,4,12
34,50,45
36,58,38
40,54,70
9,19,90
59,64,23
57,62,50
33,39,70
1,13,52
17,59,46
47,51,7
44,73,36
39,64,73
38,71,12
45,76,29
51,64,46
26,59,40
23,32,11
53,57,40
10,46,70
37,67,51
69,72,86
3,37,76
0,72,93
30,38,61
0,26,92
29,69,27
2,3,68
26,32,48
52,56,85
6,18,18
3,64,59
41,60,98
49,53,91
9,53,81
10,26,31
4,46,9
56,67,23
26,38,92
27,63,26
21,43,79
43,75,7
20,42,94
13,72,45
49,70,37
41,55,7
27,61,16
46,52,98
5,7,53
15,42,21
17,52,54
32,60,56
75,76,98
14,47,72
4,40,18
3,76,10
29,56,4
34,54,19
38,39,97
24,35,91
17,65,68
32,43,85
2,55,51
0,23,49
6,35,89
31,53,28
32,37,32
36,54,81
4,22,10
9,12,14
48,74,27
66,71,46
7,9,56
51,77,46
57,68,14
1,5,85
62,63,14
0,31,11
3,34,5
65,68,32
22,44,6
22,34,52
12,54,52
34,68,5
21,74,46
0,13,82
3,10,98
5,32,12
16,77,91
33,63,91
45,58,19
15,76,31
4,74,65
10,69,55
30,37,49
12,52,87
15,48,22
27,76,10
4,17,25
41,47,20
17,37,13
5,52,61
16,52,11
34,41,71
4,65,21
52,57,74
25,73,77
26,46,8
15,69,26
49,72,18
72,73,64
41,52,29
6,23,73
58,61,37
20,45,80
50,59,55
63,70,4
0,71,98
31,43,97
49,69,89
23,48,22
8,73,8
15,22,18
13,50,53
26,77,41
39,70,1
16,62,10
44,62,44
50,76,44
35,69,49
58,74,23
28,47,97
8,77,6
17,28,79
14,60,50
15,72,44
57,64,19
18,69,28
24,33,28
74,75,95
16,37,54
20,30,59
25,41,13
4,19,42
22,42,58
10,16,50
22,52,88
11,74,57
2,26,71
8,9,60
15,21,26
1,58,76
7,44,52
45,53,56
5,50,24
24,60,32
2,64,83
36,49,79
0,20,84
23,53,65
15,64,25
16,25,78
20,26,2
52,58,13
53,71,59
37,69,14
31,46,42
37,75,74
28,32,99
0,38,22
10,72,48
39,75,32
24,45,57
35,67,37
24,25,66
50,72,16
5,34,55
53,60,13
37,72,11
34,42,53
28,73,25
15,38,16
10,57,11
3,68,43
2,77,24
18,49,6
15,25,69
31,38,36
31,32,53
12,36,27
40,73,93
16,76,48
37,59,4
14,35,56
30,40,4
10,55,23
35,43,89
7,74,9
16,19,40
36,72,8
22,39,66
13,47,47
15,54,39
6,68,42
20,40,85
55,74,41
39,41,11
5,68,4
32,34,30
9,17,38
39,66,21
40,55,11
34,49,37
42,72,42
37,73,56
5,65,91
45,52,20
25,47,19
12,76,27
29,39,12
3,36,96
15,43,7
44,68,52
44,74,34
17,51,90
48,51,64
48,68,38
26,27,60
43,50,29
56,59,10
41,46,76
13,58,80
12,34,24
4,73,39
16,69,94
20,27,85
19,76,13
1,38,2
29,72,18
31,77,20
40,72,60
54,58,84
59,73,38
44,69,57
21,33,12
17,66,62
52,72,19
29,62,28
21,76,47
36,71,64
17,74,93
46,75,97
20,51,18
12,66,85
9,47,6
30,63,24
16,71,78
13,18,83
59,77,39
12,21,97
21,62,7
2,58,87
1,20,46
51,69,59
35,74,57
11,63,58
25,54,84
18,53,60
30,45,90
2,72,3
3,63,71
63,65,60
62,66,45
42,64,74
4,54,7
22,74,74
2,67,59
59,72,59
59,67,96
2,43,68
36,61,64
0,70,27
35,77,45
0,21,91
38,50,51
54,56,5
5,72,98
3,24,51
11,54,30
9,46,8
58,71,55
23,45,13
43,46,60
11,23,5
11,56,25
51,61,39
40,51,29
39,40,25
45,64,45
2,33,89
14,46,64
15,49,25
41,45,6
29,77,72
30,54,45
24,42,88
25,72,44
13,66,48
8,47,55
56,76,29
9,50,47
15,55,94
2,11,72
28,59,41
12,56,7
6,61,24
21,53,89
21,44,78
4,12,15
2,39,69
17,43,30
0,64,48
14,76,68
40,50,23
60,63,77
48,75,28
30,74,7
1,45,79
32,59,34
52,62,29
29,63,53
16,22,19
54,76,48
4,62,98
56,62,5
55,76,9
12,77,28
12,49,56
50,66,88
8,27,42
47,66,72
11,57,18
18,61,10
3,39,30
38,59,15
21,63,73
2,12,77
21,55,44
15,29,76
34,62,5
58,62,52
57,77,18
20,23,75
38,63,20
51,58,14
45,71,25
23,36,42
12,32,66
9,60,29
29,76,9
61,67,82
22,66,9
42,57,92
14,49,42
45,74,61
8,58,86
25,67,29
20,70,62
16,46,33
4,16,43
22,48,59
22,63,5
69,71,16
27,29,88
24,49,51
5,38,32
6,51,50
2,44,26
20,41,74
15,65,99
4,52,36
48,57,64
56,71,23
17,48,65
0,44,14
2,4,43
37,49,36
0,55,8
12,74,57
14,19,51
28,72,26
22,71,4
11,47,55
11,36,27
7,75,68
21,24,63
42,66,10
19,27,75
25,59,54
27,37,90
52,65,31
23,44,59
24,50,15
6,14,96
26,29,65
14,39,13
18,55,75
26,37,26
46,66,80
30,31,64
48,77,87
45,51,90
42,76,40
13,63,87
33,59,97
8,65,30
44,61,12
1,70,22
10,56,88
30,41,35
19,45,73
1,12,20
23,43,64
49,51,35
37,50,21
27,35,33
11,58,5
22,49,55
19,66,62
51,73,69
25,68,79
20,46,68
2,53,24
29,48,18
23,40,79
36,76,50
39,74,70
44,58,60
51,57,42
26,66,24
10,30,98
7,66,8
13,32,10
6,12,5
17,68,22
9,68,30
4,9,22
9,45,31
19,48,37
35,64,81
12,65,33
30,52,16
49,50,56
13,35,37
6,29,58
9,32,36
30,51,44
19,21,46
0,37,90
39,56,5
15,63,67
5,74,31
13,25,92
2,51,71
17,70,43
7,65,95
45,63,3
36,38,69
44,46,29
28,53,59
10,51,5
19,70,25
33,54,86
37,74,47
8,21,13
46,74,52
32,74,76
20,21,37
27,67,36
20,53,69
3,60,8
27,42,97
17,69,53
64,77,56
2,10,35
0,73,57
31,72,41
9,28,41
16,56,75
37,43,43
13,42,13
25,33,97
46,77,94
19,22,96
46,64,25
14,20,41
22,29,40
42,45,88
60,64,69
16,33,98
67,72,84
18,59,38
47,63,15
13,48,23
11,61,55
32,41,38
36,70,89
4,7,11
63,71,22
29,33,68
13,52,37
23,63,2
33,73,71
0,30,18
27,33,12
42,44,26
61,66,82
3,19,41
21,51,36
25,28,52
8,62,20
8,46,7
4,32,6
54,55,40
49,65,51
72,74,32
11,22,58
36,60,34
12,55,22
10,33,65
11,37,74
3,23,56
7,11,88
17,62,22
74,76,71
31,63,32
50,74,33
16,45,55
27,57,98
43,62,61
32,70,67
25,27,52
2,68,26
0,61,91
19,33,62
11,40,89
24,56,27
2,48,21
4,36,62
7,26,95
24,29,39
49,74,36
16,49,51
49,59,47
70,73,26
26,72,60
45,77,27
8,55,12
32,53,45
19,26,77
13,30,89
34,46,18
43,52,76
23,55,25
16,34,52
13,54,89
7,38,67
21,40,54
17,58,32
34,77,83
6,28,8
14,51,73
29,58,65
9,16,52
11,14,62
55,63,16
6,52,97
1,39,16
44,64,70
57,72,83
58,76,1
20,32,38
3,40,80
28,65,67
25,26,19
9,72,12
23,42,75
15,53,25
2,69,41
18,29,69
25,46,12
54,62,84
1,21,23
49,71,89
33,46,5
1,26,69
0,45,40
14,26,26
44,57,62
30,68,56
62,76,87
9,55,43
20,50,49
38,47,51
10,17,86
5,39,49
0,63,94
33,55,33
49,56,73
58,73,60
48,73,27
38,76,56
45,48,30
7,30,79
30,36,21
43,63,81
34,72,4
24,66,76
5,53,94
20,75,12
9,66,58
50,68,97
48,67,6
31,56,67
8,61,26
31,48,52
54,72,71
6,41,13
3,66,70
6,9,55
24,41,13
20,74,77
23,75,50
4,47,79
40,52,12
15,35,84
17,32,93
32,73,41
8,20,59
61,71,21
62,77,25
44,52,92
19,73,6
42,65,79
62,68,48
31,37,1
27,46,76
24,74,40
35,71,19
23,30,87
29,38,33
45,56,54
9,30,78
29,44,65
51,59,49
2,24,83
59,69,52
22,62,28
1,63,34
17,45,62
59,75,60
0,16,29
17,20,42
31,34,12
12,42,98
17,42,55
28,69,23
0,10,62
27,51,47
14,72,94
19,64,4
46,76,29
53,76,65
31,36,24
18,74,16
54,59,89
28,44,61
24,40,82
26,65,5
42,47,98
39,51,63
9,70,71
19,61,58
3,5,8
21,70,8
6,63,28
15,68,44
54,70,42
6,33,92
37,48,60
53,66,65
40,62,44
35,40,50
64,71,64
21,31,3
34,57,56
32,66,88
8,23,16
3,27,6
49,52,38
28,74,24
25,48,1
28,61,50
38,77,35
56,61,20
31,64,14
69,75,5
14,69,19
21,46,39
1,48,20
64,73,15
19,51,55
10,29,62
48,66,71
40,77,20
3,67,52
0,68,13
9,77,69
9,24,52
7,21,25
28,35,12
20,59,24
68,74,5
65,71,94
59,60,39
15,19,33
27,53,24
9,11,50
33,51,51
27,47,86
8,74,45
9,40,81
8,12,98
45,75,10
13,39,27
25,39,68
43,67,23
50,64,63
53,72,38
8,75,59
32,55,71
50,53,34
22,76,82
14,16,74
33,58,66
45,70,81
44,45,54
9,23,7
13,65,14
16,36,46
18,54,30
16,60,56
1,62,90
50,61,84
2,19,35
31,75,16
32,39,54
12,24,52
7,54,93
23,41,92
5,77,9
18,28,17
23,66,26
12,48,24
11,68,70
45,67,46
25,36,59
7,47,94
12,70,86
9,35,13
23,70,48
0,25,92
24,64,6
41,56,93
9,69,32
29,57,37
4,71,44
33,37,48
36,56,31
10,73,36
63,72,2
6,16,62
66,67,89
43,64,2
10,20,71
9,14,21
53,59,68
19,31,55
9,26,35
69,73,87
55,69,2
44,49,43
28,42,23
17,64,54
30,60,29
31,40,36
46,47,87
14,33,51
3,8,68
41,51,30
70,71,27
5,61,94
20,22,13
14,27,31
6,65,47
20,60,67
21,32,91
73,77,88
21,30,85
28,70,7
29,47,70
8,38,73
30,48,74
1,77,1
25,62,4
1,67,24
47,72,85
16,50,20
18,76,38
4,27,65
44,70,96
14,71,7
26,76,26
12,45,28
21,67,74
14,38,13
26,58,1
49,75,52
17,21,77
22,28,79
11,60,95
61,69,25
29,45,64
27,75,29
39,54,54
38,69,69
40,65,58
41,50,32
7,59,84
7,16,69
20,37,28
22,75,60
6,59,98
15,51,12
32,69,62
48,59,40
31,70,25
13,73,46
2,38,73
9,10,11
7,63,44
22,58,72
56,68,95
36,65,46
45,57,28
51,56,99
6,42,33
5,47,1
9,62,77
62,67,54
12,22,97
61,63,82
23,51,99
20,62,26
45,59,21
21,59,10
10,18,56
35,70,68
33,76,62
53,58,48
24,54,82
6,32,1
30,56,18
0,12,20
30,42,22
1,76,60
38,44,3
28,57,90
0,0,0
