5,39,51
47,52,62
2,43,35
34,39,92
12,33,27
6,37,54
27,49,63
22,43,88
8,21,81
14,37,45
27,31,12
5,31,31
7,41,14
31,42,45
5,14,15
40,48,68
6,33,8
5,16,49
19,27,47
22,29,76
8,49,58
1,47,16
4,37,55
15,17,94
18,44,57
35,49,43
36,43,99
9,31,29
6,30,15
12,28,3
15,45,12
9,36,83
2,46,1
12,36,47
4,23,23
46,48,72
24,25,65
12,21,37
4,28,50
46,50,24
35,38,30
17,25,48
31,40,54
8,44,68
14,51,1
2,17,58
33,47,21
4,11,84
0,5,2
9,28,99
29,47,17
0,39,49
3,39,16
42,45,83
11,40,31
30,49,50
19,36,16
42,43,72
29,43,99
29,35,1
31,36,17
21,45,6
8,16,65
18,19,94
33,37,98
11,18,54
14,33,85
27,48,97
5,24,24
1,8,36
0,31,35
15,37,80
3,51,46
9,11,76
14,41,81
45,48,81
6,27,28
31,43,25
30,48,9
2,24,6
18,28,4
16,41,72
6,26,39
33,35,88
27,32,13
6,52,63
27,50,83
30,34,23
22,46,32
4,8,59
15,39,92
1,18,77
9,51,87
39,52,68
1,16,44
5,21,15
17,36,6
10,34,92
39,51,95
49,50,40
16,46,45
21,36,81
2,51,79
10,40,56
36,51,18
33,42,36
30,35,14
28,51,70
5,34,89
17,48,88
27,41,84
11,36,8
11,32,22
30,39,14
21,22,70
11,45,70
29,40,65
13,14,37
9,47,10
1,2,2
9,41,12
15,44,1
10,23,77
37,40,71
18,39,32
14,39,67
37,51,9
37,50,38
5,28,61
9,30,56
8,31,92
10,50,97
4,34,94
26,45,32
20,33,9
34,50,35
32,40,3
15,51,44
19,26,61
16,37,65
2,34,67
37,49,8
17,18,64
4,44,21
20,46,19
17,47,39
0,4,91
0,12,55
7,39,95
12,34,63
8,38,3
25,45,61
14,29,22
11,50,85
38,45,91
30,46,64
23,48,29
5,9,51
1,28,71
18,52,38
35,48,55
13,23,16
21,38,81
0,30,63
32,47,21
16,49,61
40,44,83
7,43,87
19,23,60
22,37,90
19,20,22
1,29,19
12,52,57
10,13,34
35,37,51
2,8,25
2,20,65
39,50,67
31,41,34
2,7,61
2,29,61
6,41,79
28,44,79
0,50,94
10,21,87
6,13,10
30,36,56
20,30,42
3,28,25
28,47,44
32,49,13
17,41,72
6,21,83
31,44,14
42,49,19
10,51,68
39,48,37
25,42,8
2,23,61
26,34,56
45,47,7
38,43,35
42,46,30
2,4,95
27,42,79
39,42,1
0,49,12
24,50,23
7,40,39
4,24,82
14,42,76
19,29,21
0,35,43
32,39,55
3,5,25
33,45,18
6,7,51
20,47,43
2,12,67
27,37,17
2,9,54
3,49,73
6,51,85
41,50,31
32,52,79
34,49,83
28,42,71
31,51,58
2,49,26
37,47,44
31,39,22
3,22,19
13,20,85
2,31,37
44,45,16
39,41,73
23,47,91
13,47,63
32,37,88
3,38,13
22,25,55
16,47,20
15,30,91
9,29,27
25,46,6
15,26,90
18,45,27
24,52,48
5,44,55
38,46,21
41,49,50
8,12,29
29,46,19
42,47,10
21,40,97
34,38,65
16,38,49
2,45,78
2,47,30
25,38,97
4,49,91
31,34,32
7,16,74
29,37,13
18,33,66
6,31,32
12,32,98
24,31,62
8,20,73
24,36,17
12,51,48
26,43,15
21,44,25
12,45,42
11,26,37
45,51,81
34,44,90
4,7,75
1,41,93
41,51,58
18,29,56
1,27,41
3,12,92
22,51,25
29,51,75
13,39,37
33,48,37
5,48,34
13,37,75
8,47,56
20,21,53
34,46,80
12,50,21
24,49,15
9,42,2
30,38,73
34,48,51
18,22,66
1,24,56
18,48,32
23,26,22
19,43,17
26,40,3
16,42,49
8,14,4
17,44,12
27,33,56
12,14,14
1,20,30
13,50,70
26,35,44
11,52,53
23,36,32
4,52,58
1,9,6
9,50,64
14,45,15
10,24,3
28,43,23
27,28,66
29,42,77
9,18,16
15,22,78
4,19,69
25,26,70
22,26,10
37,46,32
4,36,17
28,41,40
26,39,9
11,27,9
27,45,40
26,50,46
11,31,65
25,47,97
6,15,30
8,15,58
11,14,66
4,47,21
1,15,65
4,12,10
25,49,3
5,15,31
26,36,29
4,14,29
4,30,45
19,40,73
4,50,90
14,26,36
8,51,35
34,47,35
18,20,39
13,42,85
16,44,97
13,48,69
0,44,8
4,20,57
21,25,78
4,43,36
23,28,14
24,27,83
0,6,15
40,46,76
35,45,44
28,49,60
20,25,80
23,29,55
11,44,23
7,32,53
5,27,58
5,20,40
0,51,49
14,24,26
1,46,8
11,49,62
6,45,40
15,19,29
20,28,19
20,22,44
15,29,95
16,22,36
30,33,90
38,41,83
9,19,75
5,25,19
23,25,86
1,33,42
31,50,74
1,32,23
10,35,75
12,26,43
15,48,86
2,40,44
24,29,1
2,36,83
13,19,7
32,34,15
17,42,9
10,30,77
29,45,89
8,37,59
14,23,55
22,34,10
29,38,70
6,24,34
35,47,89
1,19,80
1,12,94
11,13,78
8,22,79
2,19,99
31,33,95
39,47,4
13,34,39
16,52,17
30,43,92
15,49,73
30,45,84
20,27,54
31,52,16
35,50,47
13,35,96
11,16,16
6,16,75
1,35,85
7,15,90
4,29,88
1,31,5
40,42,55
15,40,70
16,18,83
3,42,64
11,35,19
27,29,56
1,52,40
27,30,76
12,13,28
34,45,28
4,48,32
43,44,25
44,51,56
38,39,90
17,38,55
8,33,80
19,39,28
43,51,60
8,36,15
26,41,62
37,38,3
9,40,40
24,33,45
4,16,17
37,44,79
11,12,17
7,23,31
24,42,80
41,42,43
5,38,68
30,51,40
27,38,9
17,24,50
6,40,3
28,36,4
1,34,91
22,31,98
3,52,69
36,38,28
24,32,34
13,21,37
8,32,69
16,43,57
10,11,43
21,41,5
19,25,15
39,44,30
0,41,23
28,31,96
12,15,25
23,24,97
15,36,92
7,49,72
26,46,31
24,28,94
20,29,59
0,37,17
16,39,99
15,52,32
39,45,15
2,50,2
10,33,31
9,27,93
3,9,36
18,35,33
7,33,14
16,17,6
15,32,50
10,16,10
20,32,13
25,34,10
48,52,84
11,42,31
25,52,83
36,47,94
16,24,97
42,50,84
1,38,40
26,32,63
16,27,37
13,33,33
41,45,46
6,28,31
7,20,17
6,29,49
19,42,52
14,44,90
13,41,14
30,37,60
22,49,70
13,26,73
31,32,28
21,51,44
38,44,24
26,37,65
29,31,33
44,46,44
38,50,4
7,19,75
30,50,46
15,24,35
5,42,54
10,17,30
13,40,53
25,50,37
13,24,52
14,34,6
28,45,48
28,32,31
1,49,34
23,31,76
14,38,79
2,6,47
9,13,85
23,27,42
0,22,54
25,41,26
42,44,8
24,46,57
14,16,58
11,43,72
36,42,23
17,33,79
22,30,82
38,42,36
9,21,29
23,51,30
43,47,89
12,48,3
7,24,7
12,31,8
1,17,53
14,15,42
21,37,75
37,43,93
29,34,77
23,46,70
21,35,2
43,46,72
20,23,17
5,13,35
39,46,32
7,9,6
0,3,18
0,42,24
0,19,47
18,47,77
3,31,95
26,28,84
2,10,21
49,51,36
5,37,26
10,25,78
17,46,56
14,25,27
4,10,61
1,14,15
40,45,54
2,42,77
24,45,78
10,28,17
12,41,3
9,46,6
37,42,15
43,45,96
29,44,47
5,10,22
0,16,17
29,50,28
19,46,95
9,25,71
18,32,62
9,45,54
14,49,25
21,31,16
14,40,30
13,43,32
11,20,65
14,18,92
46,52,63
3,41,94
37,48,21
25,48,33
8,23,54
8,45,20
5,43,96
17,45,4
28,37,93
3,46,18
19,22,19
23,43,63
8,52,79
20,36,38
6,35,74
8,13,60
40,41,10
5,22,98
11,37,89
5,30,86
17,28,68
25,39,56
5,36,79
6,49,71
10,12,35
32,46,42
16,48,76
23,33,20
18,25,6
3,13,23
29,36,16
0,20,55
36,45,29
0,25,6
13,18,55
3,45,90
9,22,75
2,48,40
21,49,58
10,38,4
44,52,82
24,26,51
20,51,61
10,46,87
33,40,63
15,18,75
14,30,35
0,10,15
28,48,62
32,41,89
13,46,9
43,50,37
27,39,22
8,34,77
17,21,57
11,23,29
21,47,32
29,32,57
12,47,12
31,47,29
1,43,66
3,29,60
35,51,96
18,37,4
26,33,67
42,48,93
23,30,64
14,20,79
7,34,67
9,23,99
2,25,43
0,2,65
19,34,60
7,35,80
25,44,93
3,27,36
9,35,35
33,51,80
3,8,13
8,27,67
18,27,74
36,46,49
27,40,10
20,44,66
34,35,60
19,30,96
27,44,53
29,52,25
41,43,11
5,7,28
0,46,4
15,23,67
11,47,64
10,44,93
31,46,98
29,33,42
29,41,27
4,32,77
18,49,78
17,22,73
0,29,85
28,29,90
25,31,25
8,43,8
19,33,24
20,34,16
4,27,78
14,21,6
4,21,54
3,33,6
37,39,47
6,23,14
36,37,45
3,23,63
18,41,50
20,43,82
22,45,53
29,39,4
21,30,31
26,47,88
11,21,98
43,48,74
10,41,7
6,11,50
2,28,51
22,41,20
36,52,35
11,46,13
14,52,39
16,51,44
19,41,65
7,52,19
6,12,16
21,34,79
12,35,94
21,52,60
22,47,34
16,35,80
20,35,72
12,18,4
8,9,80
11,34,96
3,17,39
17,37,45
48,50,75
7,50,77
19,24,93
34,41,52
16,33,44
10,47,9
35,44,92
1,37,88
0,47,58
8,42,7
26,29,36
31,49,23
22,50,99
1,10,52
28,46,86
38,51,70
23,50,61
11,51,49
16,34,8
7,26,94
41,48,33
22,24,69
19,52,38
30,32,29
18,26,5
0,40,37
19,38,24
8,18,49
21,50,36
0,8,50
5,32,3
34,40,7
24,38,27
11,22,56
21,24,60
9,12,42
0,34,4
8,41,90
16,29,62
31,48,59
14,19,73
16,19,56
47,51,84
18,23,50
8,24,81
40,50,81
50,52,60
9,33,62
8,26,18
17,39,67
2,11,67
21,26,77
7,11,43
36,39,36
1,50,38
20,39,11
33,36,3
14,32,61
14,27,76
7,36,78
7,31,27
21,42,2
17,20,32
4,33,45
19,31,87
12,17,82
15,46,23
41,44,42
32,44,8
3,48,37
38,52,76
7,38,73
42,52,34
43,52,25
23,45,17
15,28,85
0,17,57
16,32,78
32,35,98
6,19,21
8,19,2
46,51,96
6,34,75
23,38,31
37,41,48
18,31,79
4,51,69
33,49,97
10,49,37
49,52,34
8,50,90
28,40,81
23,49,18
26,42,38
15,25,69
0,24,18
3,4,32
16,28,83
5,47,25
46,47,43
3,40,25
35,46,38
13,30,95
2,39,51
22,35,25
11,28,68
2,27,41
37,52,72
14,36,77
16,25,57
5,17,82
17,31,29
6,32,54
6,47,78
20,48,57
38,47,49
24,35,60
0,32,85
4,40,11
2,35,87
16,40,58
12,20,64
20,50,2
25,35,47
16,20,61
0,28,61
30,31,60
14,28,36
13,27,82
10,14,97
6,50,47
36,40,25
1,22,31
7,13,99
30,47,22
5,46,88
5,35,35
1,3,25
24,41,12
7,45,93
1,5,97
15,33,43
15,20,86
26,49,51
4,22,13
11,33,76
7,18,17
1,7,29
11,48,65
10,31,60
32,50,58
3,25,56
39,40,4
36,50,66
0,52,10
4,31,64
0,48,10
43,49,7
47,48,82
40,52,83
16,45,48
26,51,76
19,50,42
12,43,47
32,42,54
15,35,62
10,42,60
21,29,79
9,16,36
18,43,7
14,31,69
3,36,49
3,44,51
1,42,26
25,51,22
33,43,52
7,30,3
19,37,83
7,22,68
3,32,14
9,15,94
4,25,1
32,45,79
21,28,39
8,17,86
16,23,46
1,44,92
20,38,86
8,35,16
35,43,46
48,49,69
13,31,12
17,49,78
19,21,60
13,25,34
3,47,74
35,40,70
7,51,79
12,38,87
19,48,52
0,13,67
6,22,16
16,26,7
26,27,70
23,52,34
23,32,31
21,33,72
41,47,75
28,30,20
18,34,72
14,22,75
7,42,74
0,7,30
1,30,6
28,33,31
7,28,15
4,5,82
8,28,92
5,45,11
40,49,38
32,33,66
7,21,1
19,32,16
40,43,84
26,30,97
24,48,28
11,25,77
25,40,38
0,21,12
1,11,59
45,52,57
19,51,49
6,44,41
29,48,9
3,24,81
35,52,32
11,19,49
4,15,35
17,29,1
2,22,43
20,26,15
5,19,35
13,29,46
18,38,34
29,49,51
34,42,70
17,35,13
18,42,56
2,15,97
25,32,41
11,15,54
4,13,20
2,13,69
25,33,82
37,45,6
27,36,92
11,38,12
33,50,16
2,18,56
8,29,50
10,15,65
31,38,94
32,38,65
26,38,77
32,43,19
50,51,28
25,43,5
17,19,29
11,39,34
1,48,20
27,46,95
34,36,39
15,16,77
23,35,63
44,47,93
33,38,85
44,50,97
9,26,58
9,52,56
27,47,19
13,44,39
7,17,42
34,52,60
24,37,50
21,46,50
20,24,18
1,51,25
2,21,29
17,52,25
10,39,29
24,34,97
9,48,62
19,44,44
13,51,7
34,37,79
3,43,37
31,45,79
32,36,10
7,10,66
14,48,7
12,16,32
12,30,27
8,46,17
24,51,23
5,41,80
5,51,74
7,27,40
30,52,39
15,31,39
21,48,64
7,48,90
8,48,8
17,30,56
17,23,57
9,39,80
33,52,10
12,23,56
19,35,86
0,0,0
