40,58,20
6,20,77
21,60,77
33,37,51
16,19,11
31,41,53
3,32,2
36,59,93
2,12,40
0,51,18
11,47,89
15,52,46
14,27,70
17,42,91
30,57,84
48,53,63
50,53,9
39,55,37
13,41,30
12,19,84
16,23,21
5,31,62
26,46,70
30,34,38
0,54,20
7,55,11
13,61,71
17,38,41
26,34,79
29,42,47
22,37,5
53,56,92
13,45,57
22,44,41
19,42,8
5,56,27
8,46,90
10,22,12
34,59,32
42,60,77
13,44,18
2,36,67
15,49,63
31,40,22
6,19,93
22,33,42
19,20,27
16,29,70
16,56,78
37,52,12
1,7,11
9,45,72
5,48,89
0,31,82
22,38,34
7,15,30
44,59,41
20,27,25
6,48,65
42,57,69
2,13,76
41,46,93
28,32,24
34,55,45
56,59,99
40,57,72
2,28,37
49,53,27
8,24,92
38,53,53
6,15,44
18,27,82
21,57,10
49,54,33
12,39,18
17,49,98
3,29,28
0,28,22
14,26,63
1,39,69
23,58,73
44,47,91
25,38,34
15,55,30
39,51,70
29,58,54
0,22,63
39,52,77
32,49,77
3,37,24
3,27,89
48,59,10
49,51,85
5,54,57
26,39,93
14,54,36
15,51,24
31,38,66
3,25,1
30,47,66
7,46,96
23,61,20
1,13,19
45,58,80
30,45,45
32,37,52
17,48,26
8,35,52
24,41,63
14,35,51
48,56,93
5,52,45
7,9,82
38,42,70
21,44,2
42,58,79
12,54,93
3,14,94
13,25,90
26,50,61
7,48,30
14,21,17
18,37,79
20,23,4
4,37,62
27,48,57
25,39,7
13,47,74
32,53,16
37,43,60
6,27,22
11,28,6
46,55,17
46,60,72
5,36,2
10,40,47
21,54,64
12,46,18
3,35,21
39,53,17
24,43,3
9,20,80
16,18,43
24,50,66
31,59,1
2,51,93
0,47,6
7,35,48
2,3,60
39,40,34
36,55,34
0,56,82
33,47,49
1,47,57
35,60,66
27,61,9
26,47,70
5,17,11
38,48,47
33,42,51
21,46,29
10,57,49
11,55,19
33,55,67
14,37,33
7,24,28
13,17,44
16,34,11
48,60,38
4,6,98
34,49,62
13,27,83
41,50,30
23,40,64
27,41,62
19,40,49
16,17,29
42,53,49
4,60,74
29,48,26
3,47,62
25,51,89
17,47,83
3,8,92
3,54,30
7,25,30
19,28,87
5,13,38
45,50,58
12,23,37
11,15,51
33,39,67
3,60,67
14,42,29
28,38,58
15,28,88
11,57,96
35,37,10
56,60,16
55,59,75
28,35,80
26,58,25
29,34,86
8,51,73
3,26,2
27,45,83
2,56,23
1,43,13
12,61,82
11,36,3
3,12,83
17,59,83
5,18,71
37,57,87
4,7,67
28,55,53
24,40,7
36,40,53
48,51,73
18,48,42
7,28,10
30,52,89
36,56,24
45,61,82
29,31,37
19,31,26
4,54,70
24,46,48
7,27,12
37,38,53
0,10,2
32,50,28
29,35,68
51,55,32
33,38,5
15,25,50
31,44,57
12,45,16
4,33,45
32,52,39
8,56,27
9,60,50
6,28,27
31,45,49
24,28,53
0,43,21
39,59,25
29,50,72
13,28,54
31,36,28
3,24,22
39,49,35
23,38,27
37,41,74
10,42,98
25,40,94
2,57,29
12,18,38
18,40,52
1,4,87
15,31,75
33,53,12
10,36,30
7,41,66
11,40,26
1,34,29
56,58,50
42,51,12
6,16,92
29,54,11
42,55,62
9,13,56
5,57,59
42,45,5
39,57,34
15,30,48
24,36,27
46,49,52
18,51,27
27,58,50
37,45,66
8,45,35
36,44,5
43,55,67
37,40,65
34,45,79
7,36,60
9,14,29
37,54,87
45,53,99
8,19,6
11,52,30
33,51,32
8,59,87
18,39,69
18,55,72
9,19,20
4,36,4
5,10,33
29,39,38
26,38,11
31,58,9
33,40,24
33,61,57
1,23,94
12,38,28
6,35,43
2,53,91
17,21,9
20,51,91
2,40,27
10,17,28
2,59,75
47,59,41
17,29,80
44,51,79
6,52,10
9,27,46
25,60,2
35,40,19
18,30,79
49,60,36
8,29,23
33,44,73
8,48,72
11,29,53
51,53,13
9,22,71
6,58,47
18,31,99
21,61,31
25,55,58
39,50,92
10,53,45
10,55,84
29,37,72
1,48,62
4,12,12
55,56,57
23,48,6
38,39,36
14,31,92
6,59,8
30,60,19
11,46,18
19,29,74
38,44,37
41,56,39
15,21,20
39,54,8
2,33,23
57,59,56
10,28,75
11,61,33
26,27,11
14,56,38
17,52,9
26,40,20
24,37,38
55,58,33
38,43,15
4,58,49
18,34,17
17,53,30
32,34,74
15,56,47
9,55,28
9,41,9
46,52,53
50,56,83
18,23,9
6,29,31
17,54,55
17,51,84
5,25,75
3,16,75
53,55,91
26,51,41
38,52,49
3,23,88
20,42,84
14,43,83
4,61,39
10,49,46
0,44,81
2,26,80
4,34,19
4,45,53
14,18,61
35,57,91
32,46,35
24,55,43
17,39,77
4,22,30
4,18,97
14,51,3
4,5,89
21,24,14
42,54,13
13,35,31
1,16,3
30,43,74
41,60,66
11,41,99
21,55,97
38,54,58
0,18,87
32,41,87
24,53,33
13,29,10
41,51,19
16,40,66
9,48,48
44,53,91
37,59,99
49,55,78
0,29,97
20,35,32
35,43,42
7,60,76
12,28,27
2,11,68
22,43,58
39,43,38
25,35,94
10,18,18
35,36,22
24,34,72
16,27,16
4,27,7
24,39,35
23,29,73
31,37,98
8,42,71
25,42,6
32,36,45
0,21,77
34,38,63
7,37,12
14,28,95
29,61,34
30,53,76
30,50,82
17,46,51
17,22,4
28,56,5
21,43,18
22,40,92
11,56,64
15,32,27
20,25,17
56,57,45
38,55,16
41,44,63
3,11,59
1,10,54
48,49,10
0,12,89
43,53,14
18,57,67
34,56,95
13,33,50
6,38,96
39,58,71
27,36,57
43,54,14
14,29,69
6,10,18
28,31,33
39,60,38
5,49,79
6,31,95
18,35,94
1,2,81
2,31,38
58,59,51
10,45,81
17,28,79
11,23,20
2,37,63
35,50,99
22,45,33
1,53,7
22,29,16
21,32,17
24,60,92
36,41,87
28,43,14
5,33,70
2,25,66
39,41,62
1,35,96
21,52,30
15,45,22
20,48,59
17,35,89
28,44,32
20,59,62
7,45,51
47,58,99
3,13,27
12,47,92
32,47,76
0,59,19
24,30,79
20,38,27
15,33,24
10,13,48
31,57,53
33,36,73
0,13,40
14,57,85
11,50,88
8,30,34
34,47,16
13,21,56
30,42,85
12,44,50
1,30,70
40,53,55
52,58,90
0,24,12
31,33,12
4,26,75
7,50,24
6,34,53
18,54,76
18,20,12
45,59,58
45,51,13
2,19,8
59,61,90
14,36,66
17,20,92
10,50,81
1,3,49
48,52,32
54,58,15
19,45,24
14,39,57
43,45,25
51,60,32
0,45,94
44,60,66
3,43,28
6,43,30
26,35,43
21,36,18
0,55,40
41,48,94
40,56,31
15,39,7
16,44,59
3,18,37
6,57,13
41,43,44
24,59,25
23,45,33
21,56,11
33,41,4
12,24,60
43,52,31
49,52,67
1,12,13
19,34,20
52,55,69
0,26,80
16,28,99
28,29,25
11,54,17
1,31,9
43,51,68
5,16,51
2,18,16
27,44,48
21,28,41
29,32,99
19,22,69
8,40,4
7,23,60
4,44,68
0,4,98
6,7,83
11,51,9
59,60,70
5,15,60
31,43,43
5,58,56
27,37,45
9,28,28
37,61,45
12,50,71
15,27,13
1,14,25
11,20,28
6,44,7
11,39,64
11,21,59
48,55,47
5,60,14
36,42,66
23,46,57
6,33,30
13,48,72
52,54,8
43,56,25
10,20,32
11,42,88
22,51,92
18,46,21
20,26,8
26,59,71
28,52,82
29,41,9
48,57,60
10,52,8
13,23,15
24,54,75
44,58,81
20,60,8
22,26,38
46,58,31
1,25,32
34,60,90
43,44,93
40,60,80
3,53,79
0,32,93
22,25,96
50,51,6
6,51,85
25,36,83
25,45,24
10,12,92
24,49,33
9,52,98
3,46,79
41,55,76
12,14,68
1,41,86
5,30,71
4,24,79
9,61,99
32,45,15
8,12,47
0,33,32
9,23,12
0,40,32
5,44,14
32,56,36
10,39,82
14,41,31
6,23,44
12,36,4
1,33,15
4,42,48
44,50,17
14,17,96
40,43,75
7,61,88
12,26,29
34,41,69
43,59,24
29,52,50
32,38,60
4,17,52
19,27,89
12,41,95
7,29,71
13,26,27
24,47,89
5,41,68
34,52,56
16,60,61
39,42,11
27,55,61
34,39,34
3,52,54
18,24,91
10,43,33
28,47,67
3,4,98
28,48,95
8,37,17
19,54,19
23,54,71
35,53,8
43,61,74
39,56,37
11,30,99
13,36,98
35,55,71
16,55,62
17,40,45
13,19,30
16,43,48
26,45,53
18,38,98
15,16,30
10,14,46
18,41,19
11,14,82
28,61,7
21,45,91
5,61,84
28,49,29
10,21,80
13,49,58
35,38,24
12,33,29
37,42,10
33,34,45
13,30,25
45,46,30
36,60,2
24,25,81
13,55,91
1,58,42
4,43,25
15,26,20
41,57,42
38,51,20
27,51,81
30,37,28
4,52,4
39,48,67
2,15,99
34,37,79
2,46,97
38,50,76
0,36,61
27,53,13
29,38,92
9,49,76
42,46,93
3,36,68
3,50,87
0,41,8
21,31,33
36,52,19
5,12,28
1,21,47
51,58,48
4,13,27
9,42,92
12,35,6
11,43,49
18,19,29
9,56,35
22,50,77
4,11,3
33,48,87
14,47,29
6,56,18
25,44,40
21,27,28
5,24,55
11,25,20
25,31,3
2,58,31
22,53,34
23,41,31
35,42,73
47,60,42
20,43,39
28,54,41
10,38,59
22,59,38
13,57,54
3,42,53
36,39,48
0,1,1
6,61,41
23,30,37
25,53,49
1,22,69
16,48,2
8,14,79
38,40,29
0,60,44
46,59,10
31,48,43
45,57,88
3,51,79
10,56,14
50,52,4
2,34,20
13,52,32
16,45,11
1,32,18
54,61,14
4,55,35
41,42,70
38,46,55
8,58,12
1,44,19
4,41,80
16,54,76
18,33,77
54,56,64
30,61,1
13,58,38
47,49,71
5,27,58
26,48,34
11,59,12
47,51,51
14,22,21
9,30,10
13,42,68
16,38,12
41,52,52
7,43,70
20,24,92
14,58,94
3,55,51
22,49,23
35,61,84
30,35,34
41,59,36
15,20,45
27,29,76
44,45,85
46,51,94
14,59,17
22,58,89
3,21,19
7,19,63
42,52,5
21,42,65
26,43,64
25,43,57
1,28,94
3,38,34
47,52,67
30,41,78
18,47,74
27,34,64
22,36,19
29,53,73
20,57,37
6,22,47
12,59,51
28,33,41
44,54,29
4,19,89
40,45,38
21,48,83
17,60,55
28,40,81
27,52,22
27,42,50
35,45,70
48,54,99
2,32,26
13,24,87
20,36,55
54,59,74
14,38,55
10,34,45
37,56,33
25,33,19
1,11,14
32,55,83
53,54,96
33,57,68
16,33,89
32,43,18
4,39,80
4,8,85
45,56,86
51,56,29
35,44,15
35,58,7
4,46,27
2,43,9
23,50,38
24,52,40
10,61,2
18,21,69
14,19,79
20,56,45
20,52,12
20,44,78
22,34,53
27,38,37
16,20,82
23,52,49
22,46,6
19,46,92
20,61,57
5,55,38
47,48,98
15,43,60
23,24,2
33,46,10
6,11,64
11,34,92
23,53,5
37,44,7
7,44,32
2,24,93
6,42,28
8,28,77
12,42,82
9,50,98
15,35,67
19,43,78
13,43,15
21,51,98
42,49,44
3,9,71
8,23,66
8,47,23
6,55,56
27,28,43
13,46,87
16,61,59
9,47,80
11,31,45
2,45,43
13,60,19
10,58,56
32,60,87
3,48,83
17,30,14
25,41,23
1,40,90
26,31,90
10,32,22
35,56,15
13,32,70
7,17,56
21,59,51
37,51,31
5,47,40
1,18,32
3,40,91
3,58,46
19,38,52
0,34,17
19,51,98
41,45,6
13,14,79
12,13,58
4,50,47
10,11,85
30,44,65
33,58,68
20,28,56
16,31,11
45,55,97
18,32,21
32,54,25
20,21,12
50,61,46
5,38,54
7,22,61
43,50,5
20,41,30
18,53,30
8,9,69
15,50,68
2,14,11
0,61,77
16,25,57
29,51,47
42,43,7
21,38,47
0,19,71
20,33,83
26,36,35
27,54,68
5,8,29
14,24,76
17,44,76
47,54,49
0,39,75
6,24,93
0,7,56
1,8,24
15,48,29
52,57,63
36,47,22
32,40,4
39,46,43
9,36,29
15,22,1
18,44,87
4,40,85
7,51,84
3,7,46
6,13,22
31,53,62
23,60,83
44,52,27
44,55,94
1,59,27
14,44,27
13,59,79
20,37,57
31,49,92
17,37,77
17,56,79
22,55,69
30,33,9
20,46,10
49,56,21
20,47,29
54,55,74
17,24,46
12,60,68
48,50,60
10,27,7
8,43,62
23,55,9
36,37,26
46,61,77
31,32,48
3,41,8
5,11,28
37,48,72
52,59,66
17,33,91
1,19,59
47,56,40
38,47,61
6,45,44
17,18,65
24,56,86
49,61,30
34,42,50
2,5,17
36,57,20
17,19,78
38,41,38
16,53,50
0,5,60
5,46,19
14,50,45
3,34,92
24,58,95
4,25,48
35,51,87
5,14,70
3,15,18
45,52,72
21,58,16
12,40,54
4,15,54
3,44,74
0,0,0
