1,25,64
13,28,92
28,29,67
13,19,10
7,34,87
9,15,92
1,12,57
35,42,88
21,29,84
5,23,23
20,24,39
2,32,60
26,44,29
6,45,97
16,37,14
6,34,35
19,38,66
8,46,30
3,38,44
10,32,51
17,34,11
0,2,45
4,31,73
10,41,46
20,42,71
11,45,29
22,34,83
7,43,11
8,32,41
35,37,26
12,24,7
42,46,96
0,23,4
27,41,76
1,23,78
14,44,29
19,33,71
2,37,43
34,45,58
3,33,77
10,16,73
9,32,76
20,33,16
0,8,96
8,43,53
8,27,60
12,37,68
13,16,35
21,28,83
4,45,40
31,39,26
26,37,35
1,8,36
14,15,13
14,43,38
26,42,62
5,31,86
5,29,10
4,25,98
0,15,84
3,10,6
7,32,40
14,35,39
8,31,8
41,43,51
18,19,13
7,13,62
0,17,89
22,26,85
24,42,24
32,40,44
16,28,89
21,46,93
3,29,50
3,13,8
4,13,80
9,43,11
21,42,63
12,20,72
11,12,55
1,31,18
10,14,7
19,20,79
9,16,88
29,39,80
15,19,75
42,43,92
22,36,91
2,14,4
2,25,45
2,41,89
26,45,91
2,12,84
24,35,73
17,25,26
14,29,77
36,45,69
22,40,27
1,15,30
29,40,41
5,14,48
17,36,68
8,16,70
23,24,51
16,27,74
1,41,81
31,33,93
18,44,53
5,25,18
34,37,12
13,26,68
6,35,57
2,5,84
40,42,6
30,34,95
35,40,66
3,34,30
22,39,95
34,40,17
22,23,49
2,4,60
16,42,25
16,29,65
18,30,55
10,26,1
12,34,76
7,11,65
16,38,17
8,10,57
0,11,35
35,36,83
22,42,24
11,28,5
0,45,4
5,20,56
28,38,64
25,29,42
19,35,27
11,18,49
37,40,79
6,14,71
2,29,49
2,34,88
43,44,33
25,34,87
15,44,57
18,34,14
13,36,57
5,19,73
26,29,20
30,31,67
10,17,8
24,39,92
24,43,24
26,33,84
6,18,63
10,33,34
33,40,4
19,25,13
1,9,27
25,40,70
7,39,11
5,26,29
9,28,7
9,42,80
8,9,84
29,46,10
4,35,60
11,17,41
2,21,80
17,33,84
4,20,96
15,35,62
6,19,27
22,35,32
3,7,89
14,46,61
24,45,78
6,27,32
27,35,65
17,22,21
13,15,51
14,21,4
4,16,86
18,38,19
11,19,29
12,29,45
23,30,69
40,45,87
38,42,58
6,7,94
31,40,90
15,27,88
3,14,95
16,45,54
15,17,71
27,28,38
5,30,47
35,46,51
19,40,34
10,46,94
8,21,87
7,29,67
15,45,47
33,45,2
5,13,91
37,39,66
28,35,71
29,30,24
5,35,97
11,36,9
10,45,23
16,41,83
12,39,88
7,12,58
11,46,20
11,41,28
16,23,22
14,42,72
35,45,72
39,40,95
28,32,96
3,19,8
2,19,78
6,25,43
4,9,73
34,44,11
0,32,72
9,20,62
25,37,88
2,45,66
31,45,92
38,44,88
10,42,37
7,10,96
29,33,56
7,23,23
3,36,6
29,45,71
11,20,27
13,35,32
7,20,16
21,40,61
10,29,67
35,39,9
28,30,19
24,36,33
25,39,55
25,27,8
8,26,55
3,4,95
5,43,97
7,44,7
25,38,83
7,40,46
17,38,98
14,16,45
15,38,78
18,40,75
0,34,77
1,2,99
40,43,42
24,28,58
20,22,64
11,43,75
8,38,14
20,45,16
9,30,69
5,22,6
37,43,55
14,45,66
6,22,43
13,37,15
10,13,77
30,42,97
20,38,37
17,32,14
21,27,28
15,25,20
8,25,74
16,43,64
17,42,22
10,35,10
40,41,36
13,32,6
0,18,45
41,42,25
13,33,25
34,42,16
12,42,27
4,24,51
27,30,85
10,30,64
5,32,12
17,23,91
4,43,23
20,25,19
1,16,50
0,20,69
37,46,81
39,41,24
40,46,60
3,37,59
0,31,17
4,38,75
2,33,60
29,35,48
12,45,22
36,40,57
27,40,98
4,5,80
1,24,89
13,41,8
27,39,85
11,29,78
18,32,13
10,31,21
4,19,39
6,9,17
12,26,70
5,34,37
12,23,69
8,23,1
27,32,9
35,44,7
36,39,1
28,39,49
0,30,90
31,32,32
14,33,61
7,21,83
23,27,15
2,43,18
19,43,9
8,40,16
20,39,70
6,32,85
9,37,76
18,25,58
11,40,12
1,34,56
12,38,61
14,24,41
14,27,55
27,46,70
30,41,85
9,38,74
9,13,83
25,30,95
4,17,58
7,8,53
1,14,49
24,46,3
24,38,36
13,14,37
3,17,15
6,46,24
27,34,99
18,42,61
4,29,24
10,34,68
3,11,40
10,43,37
15,42,75
14,40,67
10,39,95
20,27,49
12,21,24
16,22,10
3,18,51
12,44,12
24,41,13
3,30,22
18,21,22
8,11,88
16,39,47
14,25,78
30,36,67
30,44,65
15,22,99
41,46,51
0,13,37
5,6,12
23,33,97
3,39,67
20,46,96
11,37,51
16,17,11
5,46,46
1,30,9
2,42,39
6,20,55
8,45,27
12,33,98
16,46,97
8,37,66
3,12,35
8,36,8
32,41,22
3,27,50
29,38,3
12,36,69
23,39,6
18,29,6
1,32,10
12,15,24
17,26,23
20,23,85
36,44,31
29,41,5
2,26,64
20,26,72
22,46,27
0,0,0
