2,20,8
5,8,29
16,18,51
1,15,94
1,11,7
12,16,77
1,9,13
7,14,18
6,7,44
1,5,5
10,11,77
7,23,53
6,19,61
11,22,42
3,20,21
0,2,57
6,23,92
8,9,48
12,13,97
15,21,60
7,20,69
9,20,55
1,2,12
2,11,89
0,16,99
14,15,50
5,20,32
11,15,84
0,6,75
14,16,23
8,17,10
7,9,67
20,23,25
16,20,90
11,12,37
9,19,5
0,23,47
14,21,14
0,21,31
8,18,42
8,20,40
2,3,31
6,13,85
0,10,81
3,14,49
10,13,65
13,22,15
0,12,76
2,14,20
5,7,88
7,13,86
11,19,3
2,15,99
8,16,65
4,6,39
21,22,45
5,9,87
12,22,35
5,14,1
7,10,40
17,18,94
11,14,48
8,22,99
3,12,21
0,5,86
3,6,31
10,12,40
9,22,55
9,16,36
18,20,42
4,9,83
1,21,23
5,12,54
17,22,46
14,17,78
2,19,29
0,22,45
9,15,53
0,19,98
2,21,67
6,22,25
3,15,25
18,19,89
3,10,63
12,15,67
14,20,31
4,17,91
16,21,85
4,15,37
9,23,25
2,12,60
3,4,31
2,4,29
9,13,10
19,23,60
7,19,27
7,22,91
15,16,95
5,21,66
1,20,99
7,15,48
8,23,95
4,14,13
13,14,23
6,11,75
3,18,62
10,15,54
7,12,88
3,23,67
6,9,96
16,23,4
8,14,21
2,10,1
7,8,64
1,14,28
10,14,25
2,5,2
0,18,65
4,8,95
9,17,68
3,8,55
11,20,19
5,6,4
10,18,29
2,23,86
2,17,31
1,6,40
0,20,95
15,22,96
10,19,89
3,16,57
6,18,82
3,22,93
16,22,65
3,5,90
6,8,94
8,19,16
1,12,38
2,18,8
11,13,73
1,17,40
1,4,6
17,19,59
5,17,68
9,18,36
21,23,34
0,3,51
16,19,34
10,16,54
4,20,22
1,22,46
6,21,56
8,12,38
0,15,20
16,17,45
0,17,56
13,18,29
0,11,23
5,19,64
7,17,13
9,14,66
17,20,43
2,13,59
4,10,41
11,21,24
13,19,90
1,3,76
12,23,8
12,14,35
5,23,51
10,21,54
1,8,47
4,22,75
12,18,97
13,17,18
6,16,31
5,18,35
3,17,17
9,11,64
15,19,22
4,13,17
20,21,6
10,20,62
11,17,53
13,16,73
1,18,42
12,21,48
14,18,88
6,20,67
10,22,87
19,20,33
7,18,16
18,23,68
3,21,93
12,17,33
2,8,7
0,8,80
4,11,4
2,16,82
20,22,2
19,21,15
6,17,49
1,13,23
10,23,31
5,16,17
14,22,36
18,21,21
3,13,37
14,23,52
17,21,67
18,22,61
2,9,5
6,12,45
0,9,32
1,19,67
15,17,67
7,11,41
7,16,68
8,15,98
5,13,62
8,11,33
8,21,84
4,5,10
15,20,39
1,23,25
22,23,94
17,23,74
0,7,18
1,7,34
7,21,37
13,15,1
3,9,78
5,22,14
9,10,98
10,17,74
8,10,37
5,15,7
9,21,84
9,12,62
5,11,14
8,13,67
4,19,4
4,23,34
14,19,7
3,11,6
6,14,81
0,1,11
13,20,51
4,18,92
4,7,67
2,7,19
6,10,7
2,22,28
6,15,13
4,16,46
15,18,39
11,18,93
0,4,93
1,10,29
2,6,65
11,16,90
3,7,37
4,21,42
15,23,14
0,13,42
13,21,65
5,10,21
11,23,72
1,16,58
12,19,96
19,22,78
3,19,63
4,12,17
0,14,13
12,20,80
0,0,0
