12,17,11
5,17,78
11,16,90
4,6,81
1,18,75
0,16,55
4,13,9
8,11,99
5,7,12
17,19,91
9,13,99
6,14,76
1,13,86
3,8,12
6,8,54
1,5,23
7,14,48
8,18,24
8,16,22
4,16,58
10,14,65
0,4,69
12,19,55
11,12,75
15,17,4
1,4,46
1,11,16
7,11,84
4,18,36
0,15,77
1,12,19
12,14,79
7,13,86
6,12,25
3,19,63
11,13,37
0,6,33
3,5,91
3,18,94
2,15,28
15,19,96
2,8,62
8,10,92
9,10,70
5,13,2
1,14,59
7,19,15
3,10,42
7,10,63
7,17,48
4,11,83
5,9,1
15,16,18
1,19,74
3,12,49
7,16,98
10,11,30
0,9,78
13,15,4
2,13,54
2,7,70
8,19,46
6,7,27
14,19,69
1,17,39
0,3,83
9,15,68
10,18,81
3,17,29
9,17,71
13,19,31
6,18,54
3,9,22
4,19,42
6,17,92
9,12,92
5,8,60
4,12,66
5,19,36
6,13,8
0,8,31
2,17,85
2,9,84
3,14,22
8,12,52
9,14,94
1,3,89
7,18,54
3,7,8
2,4,22
3,13,80
15,18,68
14,17,42
1,6,29
10,17,90
4,15,53
13,17,86
6,10,50
8,13,53
7,12,41
10,12,53
11,17,53
0,10,22
4,5,64
17,18,60
11,19,91
0,17,4
6,11,73
1,15,37
16,18,77
5,16,28
14,18,78
3,15,39
2,16,41
12,15,90
14,15,64
3,16,46
6,16,44
1,16,10
11,14,60
2,19,43
4,8,5
2,10,12
12,13,36
0,2,13
4,10,29
4,14,17
3,6,11
0,0,0
