11,16,79
4,6,36
7,8,36
5,15,46
6,15,80
0,7,42
8,16,52
2,5,56
1,9,6
1,6,76
1,12,20
2,14,80
0,2,45
14,15,89
11,13,92
7,16,71
0,4,27
10,17,72
8,9,98
2,12,64
0,1,4
14,17,31
7,13,30
1,5,2
12,15,57
7,18,86
4,15,74
12,17,77
0,3,23
1,8,55
6,12,47
7,15,91
13,17,75
11,18,46
4,7,82
8,14,62
0,11,89
1,18,63
2,18,89
3,8,55
12,13,74
5,18,60
2,4,5
4,5,23
8,13,17
2,8,48
0,13,78
13,15,80
2,10,78
10,14,61
3,7,66
15,17,65
4,12,17
9,17,40
9,14,7
4,14,13
2,9,83
3,5,51
0,16,75
6,11,80
1,16,83
5,12,3
0,15,77
1,10,4
2,11,66
6,13,18
14,18,11
4,13,86
2,16,30
5,10,98
8,17,8
10,18,34
1,14,46
2,15,56
7,10,61
10,13,18
10,15,67
9,15,14
0,18,22
16,18,33
0,14,79
12,14,46
10,16,49
8,12,21
6,16,87
10,11,33
14,16,18
3,9,71
4,10,14
1,3,45
2,3,96
9,16,63
5,7,12
7,9,90
5,11,56
2,7,81
4,16,19
9,10,99
3,13,47
8,10,31
13,16,45
1,13,22
10,12,83
6,7,71
3,11,71
5,14,36
7,12,95
4,9,14
5,13,60
5,6,80
0,0,0
