18,31,79
33,34,89
2,4,92
19,34,21
27,37,11
9,37,66
5,19,54
41,53,39
10,42,94
0,36,82
4,16,32
13,27,1
3,51,34
12,42,22
2,20,74
0,23,87
15,22,13
21,50,49
9,19,7
32,43,58
34,48,87
30,43,68
8,55,2
35,47,73
12,36,75
8,18,52
24,32,13
17,41,35
12,19,48
4,36,80
20,33,69
11,37,42
12,27,22
16,48,61
1,4,48
28,37,67
3,37,95
28,47,73
12,34,53
8,19,27
12,46,25
22,40,79
37,53,45
14,16,47
36,43,65
33,48,32
26,52,56
2,14,8
47,51,28
3,7,28
14,45,83
12,44,75
6,9,97
0,45,58
13,37,87
20,37,33
34,49,37
4,34,87
53,55,32
25,37,85
4,15,13
18,27,10
20,28,84
0,17,18
27,44,56
2,8,11
13,23,91
25,52,90
20,29,60
23,44,51
13,38,4
29,32,38
3,49,11
41,51,75
2,10,9
24,49,24
26,55,21
46,52,18
27,41,90
41,49,61
11,53,49
9,12,48
27,35,61
2,15,5
17,36,79
13,28,63
4,20,36
8,24,72
27,42,97
11,29,49
37,38,90
30,55,26
19,20,90
20,34,35
7,24,33
45,48,76
36,48,88
17,24,50
23,52,20
21,46,32
34,54,9
22,45,74
0,15,90
20,51,68
12,38,30
38,47,32
2,17,29
30,46,14
9,53,48
30,42,26
8,33,14
9,39,69
24,39,61
9,16,27
31,51,34
9,31,78
24,27,59
48,55,41
9,40,26
32,35,89
17,19,31
13,52,15
18,47,24
23,43,11
35,46,18
1,51,78
12,13,39
44,55,10
25,27,78
6,38,72
7,11,53
4,53,92
11,33,56
17,31,97
5,51,79
23,55,4
32,52,17
18,50,6
15,53,72
3,5,32
27,31,55
14,19,35
15,43,6
1,40,27
16,41,41
21,53,46
13,49,5
2,7,82
15,23,18
38,50,89
18,26,46
10,35,45
20,27,63
15,32,10
44,50,27
3,50,68
25,47,31
25,49,6
21,42,92
15,35,13
19,25,28
30,48,52
7,32,36
30,35,69
19,47,74
45,51,44
27,54,23
14,46,31
7,23,46
1,26,81
15,34,52
17,21,3
7,38,42
33,37,25
10,25,68
17,26,24
1,32,81
10,36,37
9,49,94
7,52,15
6,42,37
42,54,88
21,26,58
12,53,34
40,45,28
15,20,66
32,42,97
7,27,41
4,25,37
52,54,89
12,26,88
28,54,33
12,37,71
48,52,84
32,40,80
19,30,82
2,33,11
1,7,31
24,51,34
10,22,64
8,51,78
40,46,52
43,49,30
3,47,7
13,45,40
19,37,34
25,51,79
19,38,99
9,23,2
5,40,72
21,35,23
23,50,30
9,54,71
27,53,6
23,31,99
1,43,95
18,36,80
9,11,73
5,43,78
8,10,20
10,13,51
25,39,24
31,48,65
45,55,56
10,33,24
2,27,87
6,50,27
25,55,56
6,52,30
3,40,73
7,10,24
31,44,71
38,45,16
35,52,98
1,5,62
22,44,11
15,21,78
7,47,18
39,41,39
26,30,75
26,40,71
7,20,71
7,45,75
38,40,68
19,29,89
1,16,67
1,18,49
5,11,88
20,52,62
5,38,51
8,42,60
42,43,36
37,55,74
43,51,2
2,46,13
19,33,36
35,54,63
13,25,63
44,49,59
7,29,4
2,41,30
2,6,29
24,29,12
7,53,18
31,49,62
14,28,44
6,54,50
33,41,9
4,33,53
32,38,61
9,41,68
23,30,39
5,30,40
11,34,63
43,55,89
35,39,54
17,30,45
34,51,55
28,55,99
0,48,53
5,18,32
2,53,65
2,31,40
24,28,94
11,32,54
23,29,71
17,25,85
15,37,62
7,48,32
21,33,63
19,51,30
12,51,30
31,40,42
11,45,68
5,49,37
1,41,83
9,44,32
20,31,41
17,53,71
29,46,26
10,29,12
8,27,48
16,44,58
48,50,33
3,36,73
32,34,67
5,21,8
32,45,33
2,44,57
28,31,77
26,50,42
21,45,18
4,54,47
14,35,78
1,14,28
13,24,24
3,30,95
5,23,66
7,46,17
31,36,61
28,30,21
36,42,76
23,42,87
38,39,91
13,17,17
13,21,14
1,38,6
13,34,46
6,34,45
0,7,1
31,42,62
33,51,51
8,48,13
15,54,17
24,41,51
3,46,3
5,42,85
24,25,48
10,16,3
22,26,80
1,17,99
8,11,50
4,44,94
28,35,91
2,21,14
33,54,78
32,47,39
41,50,75
8,53,66
31,38,62
12,21,98
19,24,14
11,54,60
8,31,87
18,38,60
1,19,45
35,50,92
11,52,25
27,49,21
29,33,72
18,53,90
41,48,95
17,43,59
6,44,93
0,10,47
27,48,58
22,41,71
12,35,32
11,18,2
20,22,21
47,50,5
13,48,36
23,33,57
27,55,56
6,22,46
20,36,48
4,40,71
15,31,4
7,33,34
7,28,24
25,42,3
17,18,75
19,41,5
3,15,91
19,23,82
45,49,82
15,50,13
5,9,95
27,33,60
11,14,20
23,38,99
32,49,64
5,34,16
6,11,15
12,23,15
22,30,86
13,42,24
30,45,34
4,27,51
18,54,71
18,20,60
24,50,98
3,20,34
12,39,90
26,39,81
7,40,49
4,12,94
39,44,3
0,5,50
21,55,27
8,47,58
30,34,77
7,9,10
5,50,5
16,49,93
37,39,17
7,14,61
18,34,55
21,43,36
20,23,89
29,51,53
15,16,9
34,40,5
45,47,2
22,35,85
8,41,24
8,20,64
7,18,8
1,21,46
23,34,75
16,50,62
29,48,99
8,26,27
25,40,52
4,26,52
7,26,42
10,37,56
2,19,50
26,51,2
4,31,72
16,22,37
26,49,28
3,21,39
42,46,79
24,40,65
49,53,13
24,44,74
11,44,96
28,38,40
13,33,42
6,46,77
9,22,72
6,16,90
15,29,2
0,4,78
8,17,63
13,46,33
5,13,23
19,28,21
6,14,44
14,52,21
42,44,49
5,39,77
2,45,45
18,46,51
14,43,74
38,51,16
1,44,68
24,33,92
35,53,5
3,6,64
8,16,58
31,35,31
27,34,23
1,53,55
6,17,46
31,39,36
12,48,36
33,46,36
4,52,15
18,25,63
14,37,47
40,47,21
18,55,47
4,18,84
36,45,4
18,42,17
1,15,69
48,51,14
12,55,70
19,53,29
37,54,38
13,30,58
13,43,38
26,38,81
10,27,8
22,46,69
8,45,15
29,37,93
10,40,57
10,31,39
11,35,27
44,54,97
14,18,83
39,43,97
26,47,19
14,53,86
5,45,8
22,42,39
27,45,11
10,47,86
14,24,81
8,15,50
13,35,46
4,13,61
5,14,13
7,17,16
3,23,19
37,46,37
43,54,72
8,29,26
7,8,41
2,12,77
29,39,75
39,52,40
33,40,70
10,34,33
14,31,57
1,28,62
23,47,34
32,54,75
46,53,9
26,42,26
45,46,53
12,15,34
20,48,37
16,18,6
45,54,85
0,26,91
14,50,38
36,51,75
3,35,18
23,28,22
10,50,17
35,42,52
5,15,40
45,52,13
10,55,88
12,50,57
1,3,41
17,27,40
10,14,90
28,34,89
26,28,87
35,49,59
25,26,65
13,31,80
25,35,15
25,54,34
36,47,45
24,37,90
32,50,86
27,40,83
13,20,65
41,55,19
9,45,63
2,23,5
0,3,10
14,55,73
33,45,65
29,38,98
8,9,95
9,10,30
18,33,57
40,50,12
7,54,11
18,24,50
22,48,34
22,43,88
26,43,14
18,19,78
15,30,68
32,36,21
22,37,58
12,33,20
15,48,9
3,17,63
34,50,88
13,19,15
6,32,70
7,44,86
3,13,1
9,43,93
16,19,77
9,50,14
25,50,52
4,28,80
21,23,10
16,38,37
9,20,17
11,20,24
17,39,84
7,51,54
40,44,11
1,48,56
28,42,26
15,24,59
15,39,46
2,55,5
7,42,72
0,27,98
3,11,72
50,55,22
8,21,92
14,21,14
3,8,94
13,18,28
2,39,25
33,43,57
22,24,12
1,22,35
25,48,90
15,49,16
23,26,66
0,2,5
51,52,98
13,44,80
13,51,2
18,48,72
23,53,94
10,38,65
29,54,76
8,28,53
11,16,55
25,34,79
28,41,73
0,28,92
19,31,10
31,32,58
17,45,56
35,55,98
0,44,27
39,55,2
12,28,42
18,40,69
30,47,41
16,25,4
9,48,49
29,47,43
17,42,9
11,42,34
12,14,55
13,26,27
4,43,80
24,48,63
9,42,42
20,45,36
26,35,17
1,46,27
20,44,67
24,54,88
2,13,97
8,30,11
6,35,24
27,36,79
27,28,52
3,42,47
49,51,84
46,55,14
2,32,12
10,20,98
0,22,29
36,39,9
26,41,56
19,36,99
6,27,9
16,35,46
16,37,9
3,53,8
3,4,18
21,51,24
44,53,73
0,47,77
49,55,9
23,24,39
15,19,99
20,41,30
38,46,21
33,49,70
15,40,80
20,35,92
4,7,13
0,21,32
44,46,88
39,45,39
49,50,63
25,36,91
2,47,42
35,44,95
8,50,61
5,46,30
15,41,92
33,36,33
21,22,94
5,36,42
5,37,56
30,52,73
30,49,35
3,32,3
22,33,39
21,25,63
13,47,76
7,12,49
43,48,98
24,46,17
1,34,7
16,17,63
36,41,57
38,43,45
42,49,17
20,30,59
28,46,49
7,35,4
8,14,87
20,24,32
21,44,8
19,26,89
25,28,66
18,45,83
36,46,47
16,51,71
16,47,8
29,49,62
29,50,11
6,45,78
5,10,49
7,34,42
37,44,26
5,32,95
6,12,69
11,31,99
27,39,37
8,37,27
11,13,6
5,55,83
9,21,82
24,47,84
22,29,14
1,52,65
16,46,31
1,39,88
54,55,17
5,48,12
24,45,12
26,54,12
41,43,59
1,49,80
30,44,37
7,31,84
38,52,51
4,49,23
19,44,33
3,27,52
23,45,98
19,49,44
33,38,25
0,18,60
2,36,77
11,38,18
0,30,16
6,40,48
22,32,54
53,54,51
11,26,20
40,51,60
27,38,7
16,24,64
32,39,70
9,38,89
9,46,96
22,49,31
12,41,31
34,44,48
28,40,51
22,50,63
5,16,13
7,30,27
14,51,29
18,44,65
10,41,35
32,44,24
10,15,65
12,31,10
30,50,41
2,51,91
6,51,15
28,45,67
17,28,11
15,26,42
10,52,76
6,41,86
9,52,32
0,52,27
44,47,18
23,35,46
16,33,18
15,45,97
26,45,25
33,47,23
12,29,64
10,21,85
37,50,97
7,21,68
5,6,92
4,11,82
13,54,65
6,33,66
33,39,11
17,40,78
47,54,35
9,34,68
17,32,93
11,46,96
46,47,40
11,50,11
30,39,49
10,48,28
5,22,64
13,53,24
24,30,82
4,14,12
13,22,11
24,52,50
19,48,75
42,55,68
26,33,88
17,49,17
26,37,23
24,26,42
29,43,1
0,34,73
13,29,26
14,48,2
38,55,98
6,30,59
2,40,9
40,53,80
32,48,73
23,41,54
23,48,76
1,2,60
6,37,64
29,40,8
9,29,34
28,50,5
29,34,57
0,37,18
1,31,70
13,36,55
38,54,17
20,42,49
17,38,56
12,40,69
34,38,46
8,39,64
28,52,9
9,35,10
30,32,20
11,17,85
16,39,57
6,26,8
39,53,78
8,22,4
20,55,37
2,24,11
4,22,89
39,47,17
10,39,85
16,54,36
34,42,79
8,49,99
8,44,56
13,32,85
4,10,9
9,55,29
41,54,43
8,38,73
35,38,11
0,13,20
20,25,86
21,47,29
2,52,13
3,9,30
6,48,4
0,49,90
42,52,48
14,49,87
22,53,25
12,18,72
33,42,4
38,42,40
46,48,92
3,16,28
34,46,2
0,32,14
4,24,3
4,21,39
28,49,85
34,53,40
7,39,57
23,32,6
13,39,29
8,36,5
6,47,25
5,28,30
0,11,39
37,49,40
16,40,29
41,46,85
25,38,93
4,45,14
33,52,81
20,50,53
31,50,88
29,53,41
10,53,48
33,35,88
12,43,40
35,51,52
24,55,22
6,43,22
33,50,99
2,22,89
5,24,94
12,25,99
10,43,15
16,43,72
25,29,40
10,23,56
31,55,69
8,43,47
10,44,59
43,46,18
0,20,95
16,21,51
22,28,35
6,49,40
28,29,6
9,24,2
3,19,11
12,47,7
5,27,3
23,39,31
10,49,38
8,34,48
18,28,84
2,35,87
15,25,1
50,54,96
2,5,32
14,39,6
17,33,6
24,43,14
1,45,58
11,22,50
14,44,70
43,44,25
27,47,38
6,29,58
20,38,77
15,27,94
16,55,76
11,30,76
12,45,61
46,49,53
10,11,23
14,20,18
7,43,72
9,25,24
6,24,46
47,55,80
29,42,69
4,39,39
0,8,91
52,53,17
10,30,2
11,36,67
26,34,18
24,35,94
2,29,94
2,9,94
4,19,59
47,52,51
1,12,17
7,22,19
0,46,60
0,54,79
0,40,34
1,37,81
2,48,44
4,42,45
22,23,42
28,53,73
3,26,74
1,36,93
8,32,18
26,27,63
6,10,15
14,32,3
26,53,61
0,31,73
17,20,64
20,26,86
12,54,18
26,48,45
25,53,95
0,14,4
23,49,97
3,14,56
25,30,13
22,38,1
19,32,29
9,27,90
3,44,50
17,52,42
2,49,55
3,33,97
21,27,54
22,51,54
37,51,42
10,28,66
4,41,75
22,25,39
1,55,57
2,18,54
11,12,99
47,53,4
32,55,13
0,41,87
39,40,23
5,53,7
28,39,57
0,24,59
32,41,15
1,8,65
6,39,63
11,21,45
2,37,9
35,48,35
19,27,62
0,19,93
44,51,37
46,50,7
14,54,40
0,39,76
17,44,18
10,54,35
9,28,24
1,11,61
22,27,87
3,31,89
25,41,85
0,38,44
42,50,57
4,47,4
48,54,42
25,33,56
3,28,37
20,40,54
3,43,7
43,53,76
21,29,67
38,49,17
32,51,48
11,51,74
40,41,76
27,32,28
4,51,55
21,24,99
6,36,97
14,25,77
21,30,39
17,23,85
24,34,84
1,13,34
43,45,1
26,32,35
3,10,74
6,23,41
3,22,81
20,46,66
10,45,52
49,52,74
21,49,36
28,32,41
0,16,12
37,41,77
20,43,29
41,42,77
18,51,83
2,3,2
48,49,37
14,42,21
39,42,18
26,36,21
5,29,9
5,41,14
11,27,63
11,41,27
29,52,8
34,36,98
28,48,50
16,29,86
34,45,51
13,41,14
15,42,90
34,55,67
0,55,9
36,52,13
7,36,6
47,49,11
35,37,85
9,32,14
15,47,11
16,32,13
32,37,40
20,32,36
41,52,27
14,33,87
8,12,26
20,47,13
12,49,22
31,37,79
27,30,38
21,38,98
13,14,33
15,44,60
22,31,86
10,18,48
25,31,10
21,36,43
6,31,57
30,36,31
0,35,23
40,49,23
41,47,24
0,43,1
1,23,45
37,48,41
4,55,4
31,54,23
8,35,43
27,43,29
11,40,70
19,42,96
37,40,99
17,48,64
45,50,73
50,51,63
31,34,38
21,40,42
5,52,68
9,47,25
51,53,1
43,50,26
7,25,92
15,38,50
19,52,16
7,15,26
17,50,65
14,15,16
38,41,6
11,48,90
29,31,61
5,31,37
1,20,53
34,35,37
11,55,18
14,34,46
6,18,32
20,54,35
19,46,93
12,30,98
19,43,95
21,48,49
52,55,52
8,13,33
4,5,37
15,36,28
4,35,57
14,36,72
6,8,38
2,28,12
32,46,9
42,51,43
1,54,70
28,36,4
22,39,54
23,40,51
6,15,38
24,42,70
26,31,29
31,46,77
21,32,49
4,23,99
36,49,79
14,23,58
11,19,57
4,29,73
14,17,77
44,48,33
27,29,83
10,32,41
35,36,10
11,43,23
9,36,19
6,25,13
6,55,57
2,42,49
22,36,36
11,47,9
17,37,25
30,53,95
6,21,94
14,40,49
40,42,89
36,44,5
16,31,26
33,53,53
36,54,37
12,17,27
3,24,1
35,45,4
29,35,73
7,41,44
22,34,1
1,29,94
8,46,44
6,20,70
9,33,56
31,52,7
28,51,82
23,37,44
41,45,52
42,48,23
19,35,20
43,47,6
3,39,88
7,19,53
23,46,11
45,53,77
40,48,66
39,46,7
15,46,91
17,46,71
9,13,34
3,12,67
4,48,70
32,33,18
5,47,70
18,49,68
2,54,84
21,52,63
3,55,26
10,51,38
34,39,47
50,52,49
5,8,14
28,43,16
7,50,6
36,50,3
36,38,24
31,53,91
3,48,44
5,35,5
1,24,73
9,26,4
11,39,10
9,17,76
14,38,89
17,47,23
37,47,36
36,53,69
2,11,58
17,54,64
23,54,58
37,42,41
40,43,25
5,7,54
2,38,79
11,25,21
14,27,65
14,22,40
16,26,25
12,52,21
29,44,73
17,55,41
12,32,19
39,54,84
16,45,95
15,55,14
1,25,17
10,26,20
1,33,81
14,47,50
1,47,23
16,53,38
2,50,55
8,52,81
13,16,94
8,40,44
39,51,14
40,54,53
13,50,58
31,45,32
21,34,44
19,22,74
19,54,38
8,23,39
13,40,92
30,51,97
0,0,0
