36,41,73
18,52,11
0,47,28
27,60,87
13,40,71
41,59,86
36,48,48
54,59,68
9,60,67
2,68,86
1,44,79
38,68,88
35,64,40
9,26,43
34,36,91
7,46,57
27,29,33
11,44,96
12,64,17
28,50,91
29,54,61
41,63,65
2,24,49
42,55,13
7,57,86
51,65,79
1,15,84
17,66,40
57,62,51
4,47,47
28,42,31
40,58,49
8,34,43
56,67,63
4,26,3
19,25,77
25,63,28
2,26,93
33,59,68
63,68,13
41,44,62
31,34,89
2,31,27
32,42,11
40,49,9
18,27,54
7,38,69
59,66,12
0,24,38
23,33,90
17,51,46
10,47,5
36,57,42
10,13,82
5,24,2
30,54,73
26,35,54
5,30,20
15,29,80
57,65,43
17,59,49
33,34,73
25,33,5
19,45,16
20,28,87
4,68,68
12,37,97
16,44,69
64,66,87
9,30,97
35,63,49
13,20,93
6,33,22
34,40,55
19,31,35
2,15,6
10,34,69
13,17,24
0,6,49
30,69,2
11,25,20
26,58,61
35,36,72
35,50,16
66,68,9
18,42,41
54,65,84
52,68,87
16,20,26
1,2,17
16,37,43
3,63,20
17,58,97
48,69,99
18,49,73
45,68,25
14,16,58
34,67,14
1,28,77
4,9,19
27,46,14
14,66,9
8,24,96
39,47,72
2,35,93
28,61,79
18,36,29
42,49,59
45,53,87
42,61,10
3,55,70
20,69,99
32,61,57
35,47,73
29,45,68
1,17,51
17,30,91
5,42,81
31,64,98
27,37,69
30,46,46
16,65,90
31,56,31
9,57,15
48,67,91
35,44,3
6,38,70
13,41,60
0,2,68
32,35,75
53,66,42
54,63,43
8,41,92
54,69,46
11,16,97
4,35,92
23,46,69
36,65,32
20,38,6
16,30,35
10,23,70
8,15,25
37,58,58
44,54,7
18,69,47
59,60,19
14,57,31
40,66,64
7,47,88
16,19,62
33,53,48
11,27,32
38,48,78
21,26,63
6,34,97
20,50,23
15,69,70
36,42,39
10,32,36
30,52,36
28,49,37
28,46,62
7,69,46
58,62,43
9,20,6
10,44,1
16,34,31
16,66,59
24,36,14
2,9,89
17,48,95
0,35,24
0,69,36
1,60,1
11,13,11
27,30,85
36,39,5
28,36,98
28,52,50
50,56,57
47,56,61
16,45,64
37,43,10
21,64,52
3,54,16
5,38,33
13,56,67
22,34,98
13,15,75
12,19,4
11,21,11
24,57,4
18,51,78
41,55,65
21,62,27
4,50,69
50,57,67
3,20,7
12,23,89
10,36,39
62,68,85
45,58,49
41,45,85
44,65,68
31,50,55
30,50,10
19,43,99
47,52,9
20,30,70
34,46,9
13,51,10
7,34,44
12,39,24
17,57,17
17,68,97
17,24,49
9,64,95
25,34,76
34,60,8
46,52,14
22,40,58
4,37,17
36,40,13
9,38,76
27,64,89
22,51,42
1,59,91
6,48,58
62,65,60
62,66,10
30,64,97
20,58,47
17,40,37
16,22,22
0,61,8
29,35,55
5,21,69
29,49,44
12,41,96
34,49,38
26,31,42
46,57,82
44,51,31
18,56,37
50,58,63
28,32,8
38,67,15
28,35,43
5,32,3
20,53,27
8,67,84
20,22,73
29,47,64
6,8,97
22,41,76
22,24,29
1,33,19
33,69,54
39,52,45
13,25,92
56,58,41
30,32,93
16,59,69
0,57,71
33,44,2
42,51,95
16,48,76
0,59,90
2,12,20
25,45,70
33,58,97
27,59,94
37,54,90
50,55,50
26,51,69
7,43,57
1,62,79
16,54,87
22,61,94
55,56,91
44,58,95
30,38,71
2,37,96
2,48,28
20,64,91
26,67,28
18,40,7
43,50,69
14,34,91
53,56,39
12,21,71
15,32,38
24,34,33
22,28,60
20,46,4
30,59,86
15,19,33
22,39,31
7,31,5
13,21,48
14,28,61
3,44,53
45,56,46
7,40,46
3,33,87
1,52,94
15,21,88
25,42,63
16,28,54
25,27,44
27,56,95
11,31,29
16,68,74
30,65,27
1,9,78
10,55,58
36,55,94
42,60,3
13,64,51
29,69,53
8,65,93
49,50,74
44,50,56
42,62,70
10,58,92
43,52,78
18,23,51
31,33,72
45,67,53
42,64,84
46,47,57
50,66,29
36,49,10
4,56,29
28,67,45
2,33,46
7,64,78
39,44,76
34,62,94
23,35,92
9,41,71
8,29,44
34,63,44
39,67,5
30,51,59
14,68,21
18,32,28
15,62,43
55,64,11
16,60,92
18,37,99
3,53,82
27,57,4
48,50,55
21,58,86
23,67,91
21,35,84
43,48,92
5,66,41
58,66,42
12,69,98
62,63,83
8,46,58
0,20,42
15,22,76
38,45,26
20,24,86
14,58,13
23,30,30
17,18,98
6,49,55
12,14,40
15,20,7
66,67,23
30,34,2
33,68,11
6,25,61
2,11,7
32,67,76
4,18,50
6,46,51
17,37,78
25,68,46
45,52,28
21,48,55
35,69,52
29,52,6
30,41,2
19,35,27
27,69,16
14,60,42
9,56,27
6,18,67
60,66,32
1,58,34
8,64,9
4,53,4
29,50,41
33,67,99
45,65,12
11,35,92
26,42,91
58,63,63
27,68,51
26,56,13
17,52,13
0,25,28
34,66,90
29,60,40
23,64,44
31,40,97
42,43,25
48,64,87
18,20,61
12,52,50
54,64,13
23,57,91
19,36,56
37,52,86
60,67,94
4,44,1
67,69,2
56,68,64
31,36,82
25,37,24
4,15,6
13,16,16
10,39,96
8,61,57
2,30,40
41,52,84
15,17,43
29,65,9
17,42,85
8,47,94
7,55,84
22,35,14
11,57,89
32,65,93
1,42,63
5,43,91
49,67,47
14,35,99
5,68,34
39,59,55
2,19,79
24,68,37
9,59,90
23,41,71
17,20,84
17,60,5
45,61,39
0,26,35
19,23,83
4,30,40
28,62,43
34,41,72
10,26,13
20,21,89
27,45,12
12,56,66
31,52,51
41,64,19
5,26,15
12,30,56
38,57,13
6,28,48
41,57,90
31,61,67
23,36,26
26,46,51
40,52,97
8,44,43
30,44,66
4,59,22
50,60,39
7,58,99
13,30,17
31,66,74
2,32,99
2,27,89
8,43,41
64,65,66
53,63,76
30,58,49
1,67,75
11,38,58
2,47,89
20,25,38
15,52,17
9,69,83
8,56,32
39,53,46
3,49,1
45,69,95
9,17,74
19,55,64
4,61,41
40,53,36
61,65,50
3,30,66
15,44,83
35,68,32
6,44,34
0,65,23
11,12,79
2,55,95
51,63,84
18,46,28
33,49,13
26,48,74
38,66,15
13,44,26
2,18,56
37,67,41
6,67,51
14,30,54
55,62,21
3,61,59
46,49,11
51,59,9
1,69,73
55,66,35
29,31,22
38,42,79
1,26,24
50,54,70
52,55,56
11,45,25
3,38,17
22,65,77
37,57,57
29,40,55
49,51,18
49,52,56
15,58,83
20,35,28
16,42,66
48,55,55
13,24,78
13,38,2
15,26,92
32,66,98
9,33,72
2,60,87
29,37,54
27,52,23
27,40,7
42,50,18
4,49,81
14,51,92
20,49,75
5,67,21
13,23,90
11,63,96
10,20,95
27,42,12
46,68,62
33,37,34
15,24,26
9,37,4
21,59,34
8,26,84
21,40,56
34,35,24
44,59,48
16,38,16
42,63,47
10,35,30
10,60,15
20,44,85
13,62,64
44,49,82
35,45,73
20,57,61
9,13,76
35,53,69
35,60,37
15,18,38
11,43,78
5,49,94
14,27,65
43,61,3
27,39,5
21,24,13
45,47,27
37,62,62
41,67,6
0,43,88
49,54,88
5,7,33
29,36,16
29,63,20
21,66,34
11,46,7
14,33,11
25,47,15
19,69,74
4,19,73
0,16,8
36,46,94
48,62,69
31,67,23
1,12,24
2,34,55
19,24,9
3,28,71
60,68,70
45,62,73
39,69,48
18,64,28
2,45,98
5,54,99
11,26,32
17,46,65
38,69,63
31,41,86
40,55,54
15,31,23
22,31,7
15,27,20
55,59,79
5,53,43
12,22,56
10,48,50
0,41,73
26,44,22
33,55,57
4,27,49
11,67,66
23,51,93
17,22,57
38,40,62
44,69,66
25,64,78
38,50,43
59,68,96
4,10,72
52,61,49
24,66,17
56,64,17
26,36,4
6,58,54
28,65,14
32,51,81
4,7,99
54,62,73
36,50,4
33,39,44
35,58,87
1,27,25
18,24,8
11,39,64
20,34,36
49,62,72
30,56,13
27,38,78
37,60,85
31,54,45
15,30,95
33,41,5
14,45,88
13,61,38
34,48,43
22,50,29
49,61,14
10,38,72
0,4,19
30,42,66
14,25,85
21,38,85
22,56,98
10,45,42
3,27,90
57,58,94
28,48,77
3,60,90
25,36,40
55,61,12
0,63,46
28,41,10
42,44,23
32,55,80
1,16,83
3,18,74
59,67,60
23,48,30
17,39,56
25,39,18
5,40,10
53,57,89
16,26,46
54,68,81
5,17,16
0,56,70
3,65,92
24,55,17
30,55,40
10,28,78
33,45,68
4,17,41
6,68,87
26,40,92
10,17,64
25,50,15
41,62,96
36,45,7
27,66,88
52,62,50
19,68,25
60,69,35
10,37,86
21,28,48
20,56,6
13,52,78
16,51,31
32,50,52
40,48,84
17,54,9
57,68,52
0,28,24
10,68,89
33,56,41
47,50,68
14,64,66
58,61,64
0,11,56
28,63,84
18,22,22
12,51,46
29,44,88
9,63,72
48,53,48
11,15,3
1,20,11
19,21,97
18,63,90
14,31,9
31,59,87
40,43,45
50,65,28
29,51,35
32,34,20
3,9,26
2,62,58
36,62,70
5,28,67
20,66,95
4,48,36
1,18,13
3,6,29
34,38,38
44,55,10
5,10,63
2,53,9
28,44,28
8,11,3
9,28,67
16,55,58
43,44,26
2,3,82
38,52,11
16,57,90
36,68,80
17,62,3
33,66,10
23,25,97
24,38,85
35,46,73
42,59,81
1,10,55
7,11,33
3,25,82
23,56,78
31,55,63
21,42,73
21,49,67
47,65,8
5,64,12
46,51,12
14,69,62
45,57,35
53,58,69
17,35,32
32,38,9
54,58,38
1,68,99
39,58,97
44,64,47
24,46,58
11,41,96
15,59,12
22,49,34
17,56,58
1,49,5
2,61,21
56,66,43
52,57,15
42,47,31
6,62,67
39,60,27
26,27,90
30,57,2
34,50,11
11,33,34
2,49,74
9,35,12
20,67,93
65,69,30
8,53,41
10,33,81
8,14,85
28,43,46
54,66,44
47,49,48
29,32,34
28,29,86
24,59,62
13,27,58
40,57,7
18,58,3
26,37,33
37,48,37
14,65,20
32,33,66
50,64,32
16,29,14
3,39,3
11,58,42
37,47,39
16,49,74
10,51,8
51,64,16
0,10,14
30,40,31
24,48,9
7,56,78
26,49,20
1,31,16
9,42,54
10,56,53
2,46,23
4,52,75
14,18,12
14,52,76
11,30,59
20,23,35
0,44,11
6,54,92
0,5,45
50,51,21
10,15,57
17,43,31
6,20,87
46,63,6
12,61,77
14,42,19
14,67,83
30,43,62
27,50,53
32,37,96
48,60,65
40,63,61
34,43,25
2,22,96
18,34,85
9,51,13
20,59,78
17,44,70
5,11,72
55,65,66
12,53,67
41,51,92
21,23,63
21,53,45
2,67,78
54,60,2
45,54,51
24,60,5
0,42,56
6,7,64
17,50,86
20,43,97
7,59,46
22,27,38
6,39,67
51,61,52
25,29,64
19,22,73
37,42,59
13,63,62
5,12,24
7,35,35
1,36,44
11,64,15
26,60,95
58,69,57
2,42,20
28,34,40
34,55,87
5,57,41
40,62,77
46,60,10
50,53,61
41,58,38
25,46,85
24,61,75
19,41,99
7,51,32
9,50,28
21,41,66
42,67,86
26,45,4
43,57,7
4,65,5
34,37,32
34,58,33
23,38,53
22,58,47
6,37,24
8,63,91
54,57,93
4,23,42
47,68,99
3,37,47
36,69,93
11,55,81
62,67,34
24,50,57
67,68,63
12,68,80
0,36,35
11,36,55
12,33,9
55,68,80
6,17,56
26,29,87
13,58,89
12,15,42
56,61,22
35,56,86
5,39,80
37,64,7
47,59,66
33,62,60
27,47,45
9,25,53
17,25,43
12,36,71
5,56,50
1,21,81
22,63,11
0,39,70
2,36,45
12,13,1
37,45,74
16,62,6
39,66,55
31,45,11
11,62,59
1,40,99
31,37,25
23,53,4
16,69,67
12,63,77
24,58,33
18,57,98
29,55,27
0,53,94
12,24,80
0,32,40
18,35,25
39,45,48
15,39,87
31,39,47
17,29,84
4,62,78
43,68,27
27,31,61
5,47,14
20,61,81
20,55,61
0,27,34
8,17,27
39,65,34
25,62,11
18,60,59
20,54,96
35,52,69
52,63,64
11,29,93
23,40,59
36,56,97
5,22,63
43,62,11
35,54,16
36,66,71
2,21,47
3,26,53
39,41,34
41,53,32
14,61,95
9,31,54
34,45,1
10,19,24
1,25,27
21,36,3
20,26,87
15,37,54
63,66,13
3,45,5
24,43,60
17,67,29
15,34,81
4,16,29
12,57,45
51,69,38
24,69,72
0,22,25
31,42,39
10,61,96
43,67,44
14,29,31
16,17,29
32,64,72
24,65,24
6,69,94
11,22,43
16,67,54
23,29,33
25,61,38
9,11,26
7,62,77
58,64,24
3,51,60
10,12,89
14,55,90
6,40,18
24,27,30
1,41,46
59,62,21
51,60,32
6,43,84
20,48,12
12,20,65
21,30,77
29,62,2
6,63,93
22,33,68
0,37,98
14,19,29
44,66,84
32,54,29
20,52,74
22,45,84
3,57,50
13,35,44
1,39,12
56,59,4
15,16,36
40,42,67
0,29,8
43,47,79
4,22,43
21,65,40
36,52,32
14,43,68
5,48,42
9,47,87
61,63,69
24,26,83
7,22,12
21,37,55
9,40,59
18,50,40
30,37,35
9,34,93
56,65,86
48,66,49
18,65,42
25,38,39
42,46,54
1,7,95
21,32,79
58,68,6
25,49,90
0,52,29
44,61,29
41,68,12
63,67,72
0,55,89
5,51,8
2,25,31
10,41,13
6,35,76
1,6,39
32,58,78
37,46,43
16,39,52
14,24,52
26,68,53
3,56,20
10,14,91
29,66,4
1,23,53
16,40,82
15,41,84
23,59,46
15,65,72
10,50,48
12,54,59
27,36,39
63,64,75
11,18,99
7,30,48
40,61,8
24,39,14
11,56,70
7,9,73
10,63,38
10,42,5
0,64,29
41,42,49
38,64,76
17,33,7
37,69,55
49,60,49
14,47,73
17,69,3
18,28,86
31,35,44
33,48,52
41,48,93
16,41,25
11,52,28
8,21,10
24,29,50
17,19,38
16,47,61
55,69,99
8,16,34
15,28,91
7,52,39
12,38,69
48,54,48
49,55,62
45,49,97
33,46,22
19,66,77
28,55,45
33,65,92
20,31,7
6,47,79
26,33,45
21,22,35
28,31,59
5,59,35
4,8,14
6,30,66
25,66,63
2,54,69
19,53,7
15,38,73
10,64,91
21,52,16
19,46,67
5,63,81
18,59,71
1,3,25
16,36,25
8,49,42
8,12,10
4,21,81
15,42,16
28,58,20
0,13,84
12,49,42
17,61,57
28,33,41
16,35,87
45,46,43
40,59,84
0,14,15
4,14,59
60,63,62
44,68,24
50,67,40
43,60,36
9,23,35
2,52,18
41,56,83
2,57,75
9,10,32
31,32,3
1,22,20
11,42,16
43,55,44
33,40,27
34,61,92
51,54,15
19,56,3
28,60,64
34,57,14
12,34,54
14,62,80
15,23,50
48,58,4
19,48,53
28,64,73
21,67,55
7,33,8
33,42,8
46,65,3
17,28,10
50,62,32
57,60,51
35,67,7
25,52,39
42,57,3
7,26,78
38,44,58
59,69,78
45,48,95
27,48,13
1,46,27
1,34,13
27,43,79
60,62,13
15,35,16
34,52,27
11,47,45
40,54,45
6,14,21
36,64,59
6,32,76
22,46,89
2,16,22
0,48,43
17,55,27
16,24,24
21,44,71
24,44,10
18,55,28
12,40,62
37,44,54
1,47,65
39,49,96
3,43,29
13,37,42
22,25,49
19,33,79
5,19,16
2,56,14
10,59,6
40,44,74
33,64,86
33,36,95
19,28,44
66,69,50
33,50,54
16,23,65
3,69,84
15,49,75
31,57,11
28,37,2
32,47,94
14,15,67
8,58,67
41,46,5
51,55,56
53,68,93
22,43,98
25,26,6
32,43,88
6,59,13
29,46,90
43,59,52
20,62,71
40,41,39
41,43,67
9,18,52
36,38,53
28,56,99
36,37,37
4,63,34
23,26,29
2,38,95
1,54,4
37,56,12
42,54,4
0,18,53
63,69,31
18,62,69
15,55,34
40,56,46
61,69,66
0,50,61
1,45,25
39,46,14
58,65,91
2,14,59
43,46,59
0,40,14
60,64,70
30,62,17
12,18,92
8,57,34
32,48,86
68,69,14
49,68,24
22,44,37
13,67,84
37,53,10
51,67,30
23,58,39
9,58,50
13,29,89
46,48,96
28,69,89
12,35,83
1,24,47
37,55,18
40,46,4
32,62,57
57,66,57
25,28,38
14,40,13
46,62,41
18,26,18
12,66,13
22,54,64
24,47,65
18,33,51
29,56,74
9,52,99
7,28,47
29,38,36
39,55,99
0,30,42
24,64,31
22,32,23
3,4,4
9,44,74
32,63,37
3,7,91
43,63,35
23,52,49
35,42,88
20,42,25
20,29,66
17,41,98
27,58,34
3,10,48
7,17,12
18,39,93
46,50,26
40,60,98
3,50,75
36,63,2
1,38,80
4,29,64
25,69,87
17,65,90
6,29,91
9,67,88
9,43,97
23,66,48
14,53,6
3,13,7
11,24,22
11,37,30
11,14,41
24,28,65
20,33,35
0,8,41
3,23,97
21,27,87
17,34,34
37,66,54
6,15,31
18,66,99
10,43,30
64,68,66
38,61,89
21,69,88
3,12,59
23,55,70
38,51,93
57,67,45
39,57,4
46,64,12
2,39,71
3,22,17
13,57,29
36,44,99
24,31,32
14,17,42
34,65,90
28,53,38
26,43,44
1,29,54
4,69,17
23,32,45
12,58,98
46,61,69
9,66,90
64,69,39
50,68,12
52,58,95
33,60,11
13,42,14
1,55,7
3,64,5
0,51,14
14,41,34
49,66,48
0,3,78
24,35,67
15,61,98
26,54,76
46,54,67
32,39,53
36,67,76
54,56,82
21,61,32
39,68,19
23,42,30
16,25,24
7,12,76
6,52,9
44,45,14
21,43,72
35,55,77
5,34,18
4,12,42
25,54,27
31,38,10
17,36,10
1,19,45
31,58,84
0,31,84
34,64,4
26,69,90
11,61,75
5,41,70
24,40,6
39,62,70
0,62,95
21,50,37
13,34,54
14,39,24
46,66,54
22,69,78
45,51,88
31,53,24
20,47,82
2,65,91
10,53,69
23,43,90
2,66,88
18,21,64
11,23,46
58,67,73
23,62,57
12,43,26
11,34,98
14,36,87
8,50,23
45,63,97
17,32,7
43,49,66
27,34,98
34,47,69
12,45,92
10,22,15
0,17,54
52,53,33
21,29,37
43,65,82
30,60,38
33,43,5
12,47,93
3,5,47
10,27,68
34,56,79
15,68,66
20,39,25
37,68,92
2,43,34
11,69,38
37,63,39
6,36,80
10,31,11
12,17,84
51,57,94
44,63,46
28,57,2
26,52,2
47,58,2
43,69,36
9,49,6
50,52,53
0,7,86
24,56,60
56,62,69
50,61,49
13,22,42
13,31,55
20,60,16
27,62,28
30,35,60
24,30,2
12,46,70
25,30,99
16,52,37
15,54,1
51,52,67
19,51,16
24,37,91
11,50,50
52,54,19
61,68,3
54,61,27
55,63,22
14,22,92
18,44,81
11,28,16
11,51,5
36,59,88
30,31,49
23,54,45
7,18,86
37,59,51
5,55,37
11,49,10
11,32,93
9,48,49
32,57,62
4,25,59
42,56,54
2,17,23
4,57,36
26,64,70
12,42,44
2,58,83
31,69,45
7,66,15
0,54,60
5,33,13
15,63,8
21,25,57
35,61,31
8,27,42
7,14,49
8,60,26
65,68,37
15,43,11
5,31,40
52,56,43
44,53,1
16,53,30
3,36,96
31,48,27
24,25,89
42,45,94
10,29,28
19,63,55
15,48,70
4,43,12
32,40,41
38,56,46
17,53,42
13,50,43
18,43,67
10,40,85
7,49,55
4,54,1
14,49,5
16,21,25
26,66,36
7,24,61
30,53,9
46,55,24
46,53,37
53,61,20
51,66,54
5,37,31
48,57,85
47,63,15
0,45,3
26,63,81
13,59,17
26,39,82
25,32,30
38,47,82
28,66,8
43,66,95
12,27,54
17,49,55
12,59,50
19,59,90
35,49,69
11,20,90
4,58,89
38,55,30
19,44,93
10,49,94
65,66,55
6,12,82
18,48,58
30,47,95
9,19,47
13,65,65
5,15,13
1,63,28
8,25,4
2,23,25
17,63,1
41,54,51
19,57,14
23,31,49
7,67,93
1,50,22
3,34,78
6,61,95
42,58,25
44,60,40
56,69,99
20,63,11
38,46,14
5,58,18
29,68,72
24,63,36
45,60,87
37,39,47
11,19,77
28,54,83
0,38,80
50,63,38
0,49,20
44,62,46
27,44,76
6,27,73
34,51,84
16,50,10
6,23,73
37,61,14
38,41,68
41,69,80
10,62,20
3,58,62
49,65,57
18,47,42
13,45,58
19,30,85
33,57,50
30,36,18
7,41,52
55,58,26
55,67,23
57,64,8
0,60,50
33,38,87
47,51,72
6,21,66
55,60,57
1,43,88
21,60,94
33,51,86
32,46,37
7,65,40
50,59,47
38,53,96
30,68,39
32,53,70
41,50,61
52,69,89
25,53,61
12,62,46
7,54,93
47,48,92
29,34,77
61,62,80
32,69,9
34,59,75
30,48,19
28,68,73
3,41,78
1,5,99
21,63,99
39,54,37
1,11,43
10,16,94
13,48,76
18,29,99
35,37,88
39,40,93
56,63,53
44,67,55
8,33,62
8,40,15
4,51,93
26,32,87
3,31,8
4,41,85
32,59,6
11,53,47
25,48,61
32,60,10
1,4,15
25,57,7
26,61,42
26,65,25
7,50,52
6,41,10
35,40,68
45,66,9
3,66,74
35,43,96
24,41,1
25,51,66
47,61,79
19,54,26
47,53,55
7,27,4
8,32,43
45,64,4
1,53,60
1,8,7
9,27,93
19,67,91
59,64,89
52,65,54
17,45,80
0,46,3
13,55,43
39,61,40
55,57,2
6,65,66
32,45,23
22,47,80
31,47,21
47,67,83
8,20,98
3,48,86
51,53,20
30,33,84
10,65,85
0,9,93
44,56,50
2,63,36
57,69,54
60,65,8
2,5,80
24,62,53
11,60,56
35,48,67
12,26,73
46,56,76
19,61,28
13,39,56
5,36,79
21,45,52
8,19,41
9,46,50
17,23,6
40,51,26
40,65,95
1,30,70
16,32,70
15,60,11
5,27,68
17,21,67
8,52,16
29,64,47
27,41,18
2,20,60
11,40,53
36,47,28
18,31,38
9,54,64
22,67,82
6,50,16
9,36,23
13,33,40
5,69,50
8,39,59
29,57,15
4,34,41
31,68,48
8,68,51
29,43,62
32,49,9
19,64,79
22,52,6
35,57,68
5,29,11
0,0,0
