69,70,91
5,40,68
5,55,9
4,57,83
6,23,33
51,60,22
58,68,59
18,55,81
0,28,97
29,30,8
67,71,96
56,61,77
14,45,26
68,81,50
28,84,52
38,85,8
27,42,69
10,50,41
70,82,44
56,80,83
19,74,41
55,57,64
18,45,39
0,68,43
8,37,13
39,74,69
29,33,23
21,22,56
3,5,12
63,83,57
69,75,52
17,64,11
3,70,53
1,66,60
16,64,39
5,32,31
16,65,35
52,85,77
5,20,33
42,56,5
32,35,69
5,78,4
32,55,47
63,65,23
60,61,83
1,74,16
27,76,87
13,28,55
5,46,30
49,76,48
27,29,19
33,63,75
13,43,33
17,57,18
40,41,59
45,66,24
51,75,96
31,53,81
9,42,17
25,66,59
66,74,94
46,84,34
57,75,55
10,22,52
23,73,76
4,85,38
40,52,91
1,55,64
30,34,77
44,69,58
41,70,37
56,77,32
10,17,15
6,45,36
40,71,9
22,31,96
62,83,32
34,60,95
13,30,4
27,36,18
21,26,15
65,72,96
31,85,14
7,47,43
21,50,63
0,78,65
46,64,66
66,73,94
13,59,33
57,67,64
51,66,46
7,26,87
35,43,92
22,61,38
21,59,82
70,71,15
71,72,68
4,79,27
70,85,63
64,74,54
63,73,82
46,60,96
21,73,87
45,56,25
31,81,63
21,27,96
4,38,35
32,44,75
39,44,10
34,72,97
8,46,43
41,76,38
11,58,60
32,53,1
21,34,2
1,6,21
46,80,11
34,48,51
2,33,66
3,64,99
28,38,78
42,48,88
46,76,87
1,57,87
20,74,32
12,80,54
24,78,99
8,47,22
47,51,67
15,47,91
59,62,58
41,59,82
13,82,19
28,82,8
30,80,19
24,56,9
56,66,39
14,46,21
65,73,96
17,51,1
33,46,42
24,29,12
39,51,75
7,85,64
57,85,90
16,34,57
69,82,13
57,73,9
49,53,4
43,48,18
47,74,76
20,53,10
10,44,28
24,80,12
4,44,19
40,56,66
30,50,99
8,14,55
6,14,70
50,79,64
17,81,48
38,84,67
9,13,17
54,80,88
30,76,36
57,80,37
18,85,83
5,8,61
75,81,20
17,66,37
15,64,30
14,40,67
78,83,51
39,40,47
40,46,79
12,46,84
46,63,68
40,60,97
38,71,54
13,71,50
17,54,2
22,28,78
39,85,81
14,20,62
3,12,99
27,85,39
10,14,94
24,45,92
18,71,5
30,64,96
7,17,15
14,62,10
2,51,69
6,85,46
1,9,86
16,26,48
13,24,94
71,81,28
41,49,65
19,60,12
63,74,38
31,79,71
8,51,8
8,83,59
38,55,55
9,58,17
47,68,12
29,48,14
67,84,14
37,71,67
9,50,11
63,71,11
70,78,85
11,76,32
16,59,50
64,68,19
9,54,43
20,48,4
32,62,84
41,48,42
14,15,36
7,41,20
2,3,75
12,25,2
9,74,78
21,53,75
58,59,94
28,29,46
44,79,49
53,61,26
19,45,40
70,74,4
44,66,49
28,83,67
60,78,96
29,46,82
16,56,73
3,6,48
28,40,99
62,73,32
18,65,27
43,77,1
17,55,99
21,81,26
51,83,50
3,47,49
24,51,11
15,67,95
5,28,42
31,50,99
10,40,6
51,69,33
81,83,34
21,57,80
2,47,50
33,74,56
50,55,23
33,42,40
27,59,98
38,59,16
8,39,27
6,49,16
37,40,86
13,56,86
22,85,9
25,58,38
5,9,1
3,85,84
10,37,6
6,84,86
2,8,43
35,37,12
13,66,91
67,80,4
10,53,50
8,73,29
8,35,8
22,39,49
11,62,14
7,32,29
3,15,82
41,56,75
11,56,86
77,79,78
25,43,73
56,73,62
30,31,62
0,40,98
33,77,1
63,85,89
26,76,85
9,39,32
26,54,49
37,41,78
23,40,65
73,81,16
23,46,18
1,28,90
15,81,66
24,26,21
54,55,48
47,67,67
2,12,97
52,83,47
19,72,59
28,53,97
29,32,83
46,49,57
33,55,23
56,72,67
15,65,40
16,32,94
23,54,11
42,58,88
23,70,50
37,75,10
28,47,3
57,68,27
24,81,65
19,61,44
25,59,44
46,69,89
61,65,67
19,25,99
25,68,24
30,75,91
24,65,76
6,37,22
22,24,7
5,13,78
4,82,88
29,51,61
7,40,48
24,33,88
31,59,26
32,33,39
36,57,44
44,81,57
38,70,98
48,80,94
43,59,96
22,62,78
19,37,15
53,77,27
29,58,88
21,56,99
6,27,53
19,50,18
20,37,95
31,47,27
61,80,87
54,81,18
36,53,86
26,60,77
43,64,75
26,55,68
2,35,61
2,39,3
25,76,2
14,70,58
17,53,80
35,52,84
8,63,55
64,79,6
56,62,61
80,83,38
77,83,16
12,77,85
5,34,49
6,10,29
14,84,54
44,82,96
40,68,51
8,20,43
70,83,73
0,63,90
37,77,82
37,43,73
38,83,62
2,84,74
14,24,93
42,78,36
7,24,64
23,31,81
23,74,75
69,81,59
31,83,99
21,77,46
37,42,76
7,50,61
16,72,8
21,48,47
48,52,8
17,29,85
4,28,65
25,52,90
50,56,45
50,68,53
13,44,12
25,48,84
77,81,77
32,43,83
6,36,5
0,19,61
17,85,65
51,56,61
7,83,21
72,80,95
39,64,71
50,73,62
11,72,35
11,80,42
33,67,48
0,83,77
29,75,43
4,35,43
12,65,4
44,57,93
26,82,10
65,81,2
29,35,70
8,13,5
8,43,41
60,76,22
42,84,22
6,76,66
65,83,22
17,19,19
3,26,17
51,67,64
43,74,35
20,82,45
38,51,14
27,28,81
26,68,87
21,70,77
3,25,36
4,52,44
70,76,36
8,56,65
6,63,43
7,51,79
11,79,70
2,40,66
7,59,55
46,66,2
11,15,78
12,28,35
23,32,28
73,82,3
2,69,32
19,27,55
12,20,60
30,83,57
26,37,90
27,69,10
35,50,22
36,61,80
49,67,10
14,17,7
9,30,5
27,66,27
42,83,62
16,42,75
4,11,14
20,81,64
19,76,37
19,70,37
21,47,73
25,47,80
14,71,86
27,79,18
33,58,69
1,23,53
10,62,14
9,53,52
39,82,25
51,55,69
54,77,54
0,75,49
30,43,82
59,79,12
1,36,24
20,72,46
35,71,4
21,33,86
20,68,3
9,40,98
16,23,4
11,14,15
30,65,39
16,80,37
34,56,4
44,80,56
9,18,17
68,84,49
49,75,57
11,64,43
20,73,90
38,81,17
14,83,94
22,29,24
61,75,71
48,56,3
5,21,61
29,76,98
60,80,78
0,73,53
26,28,28
42,62,69
50,80,18
23,69,3
73,74,44
31,46,73
53,73,76
1,46,22
8,50,67
14,25,67
24,32,61
64,81,64
60,79,14
13,47,85
3,63,47
19,41,83
6,82,36
28,76,8
21,55,9
0,15,20
49,66,1
4,51,77
7,19,89
14,52,89
5,35,21
11,37,88
9,20,34
25,69,23
10,32,74
6,11,16
25,70,89
51,76,5
13,15,58
13,27,49
43,56,33
20,28,82
4,75,11
53,79,94
13,34,13
14,61,87
38,68,18
17,18,52
21,62,50
3,69,68
52,74,54
40,53,18
65,71,10
48,63,69
7,38,72
42,43,12
67,85,44
39,57,64
1,60,34
6,31,60
19,63,29
61,76,1
16,28,10
57,84,6
34,35,82
19,53,14
39,84,17
50,54,1
32,34,81
16,29,48
2,11,50
10,76,19
0,56,57
18,42,36
13,52,96
18,31,88
9,23,60
45,78,10
50,59,35
53,54,9
15,25,41
4,53,90
18,20,77
62,80,80
16,63,1
26,44,67
49,85,39
27,37,9
2,25,68
5,37,33
11,85,82
57,64,40
42,55,34
54,60,35
11,13,50
11,17,47
20,40,75
1,76,28
0,18,83
20,64,34
43,51,68
6,69,9
22,84,65
3,33,56
75,80,80
57,77,64
13,76,7
25,79,71
31,51,24
38,66,98
30,51,98
6,67,43
14,65,77
9,37,21
21,58,43
61,84,21
62,69,83
24,59,20
5,10,51
62,78,94
2,65,84
6,77,24
80,85,35
55,85,65
16,53,14
16,49,43
19,28,41
72,77,25
10,73,59
13,65,88
32,47,89
50,65,43
18,84,85
23,68,13
6,22,89
51,79,33
21,30,35
20,54,89
37,57,1
0,44,24
27,71,79
40,59,43
70,79,57
19,34,41
10,63,18
26,31,47
28,52,43
19,23,71
43,65,63
45,80,62
41,79,28
1,31,39
1,16,12
14,31,48
6,35,67
46,73,53
30,82,37
22,74,73
16,36,7
43,49,63
2,17,63
4,60,57
74,82,28
30,55,82
38,75,50
61,62,99
39,48,46
46,82,97
58,80,50
2,36,3
18,30,86
29,40,49
56,67,99
19,51,97
78,84,65
6,26,23
46,54,76
40,78,8
6,51,40
14,39,90
6,55,84
23,41,32
2,55,10
1,5,70
37,84,84
2,61,47
14,55,26
28,39,23
20,41,35
11,25,90
19,24,36
23,57,9
4,81,88
49,54,72
54,63,84
10,43,99
21,43,97
13,83,78
0,80,10
62,63,29
71,80,52
25,78,91
15,38,28
22,50,21
8,67,20
3,7,2
3,60,69
29,67,18
47,52,10
16,47,97
0,25,81
52,53,63
18,19,13
16,78,74
47,56,77
4,71,35
24,54,11
15,62,13
5,84,27
11,83,24
10,82,88
21,71,19
28,33,78
51,73,78
30,33,75
16,46,23
11,60,20
0,71,67
56,75,24
34,39,15
23,43,71
83,85,88
55,63,46
0,6,66
6,61,90
10,59,43
8,18,39
16,45,68
33,34,34
43,44,45
38,78,9
28,45,16
5,7,71
9,57,27
13,60,12
5,68,1
9,67,37
22,58,8
43,53,19
21,35,20
32,64,67
2,77,28
25,28,83
6,74,42
39,79,46
55,72,4
18,83,13
48,55,1
52,66,99
29,54,87
6,58,94
2,53,19
25,75,84
30,74,49
25,74,11
14,48,80
34,45,99
7,36,1
44,51,42
29,77,98
10,13,62
29,57,6
13,32,26
28,41,54
0,0,0
