1,2,96
1,3,57
1,10,45
1,16,75
1,18,18
1,8,63
1,6,42
1,9,54
1,14,27
1,17,79
2,4,85
2,6,41
2,16,53
2,5,75
2,20,85
2,3,5
2,18,36
2,10,13
2,11,53
2,9,32
2,7,41
2,13,21
3,19,7
3,15,41
3,6,15
3,20,40
3,13,81
3,11,82
4,5,49
4,8,97
4,15,7
4,9,17
4,3,92
4,17,86
5,7,88
5,16,26
5,11,4
5,15,39
5,17,81
5,9,36
5,3,85
6,12,18
6,13,16
6,10,77
6,16,53
6,5,25
6,17,62
6,4,7
6,19,25
7,11,40
7,14,62
7,17,8
7,18,5
7,19,73
7,12,26
7,6,28
7,13,74
7,15,46
7,8,56
7,9,94
7,10,88
7,1,53
7,4,47
8,9,46
8,10,57
8,17,12
8,15,53
8,2,28
8,6,46
8,12,52
9,18,0
9,12,80
9,11,8
9,19,65
10,15,44
10,12,66
10,16,54
10,13,78
10,9,65
10,14,24
10,3,77
11,20,66
11,4,37
11,1,20
11,18,85
11,6,25
11,13,0
12,14,16
12,5,37
12,16,38
12,2,41
12,3,44
12,1,67
13,4,12
13,19,61
13,15,70
13,9,14
13,16,39
13,18,80
13,1,36
13,5,74
13,8,4
13,12,100
14,2,55
14,6,52
14,17,70
14,18,12
14,11,69
14,16,55
14,5,29
15,2,94
15,1,94
15,17,28
16,7,88
16,17,21
16,4,72
16,15,50
16,11,87
16,8,3
17,12,78
17,2,13
17,11,78
17,19,78
17,13,0
18,6,93
18,5,17
18,19,27
18,4,18
18,10,47
18,8,64
18,17,36
18,16,69
18,12,45
19,12,25
19,8,68
19,15,94
19,4,67
19,5,27
19,11,66
19,16,55
20,13,87
20,9,81
20,5,3
20,4,6
20,18,29
20,8,32
20,14,44
20,15,62
20,12,93
20,6,1
0,0,0
