1,2,14
1,4,5
2,3,43
2,5,90
3,4,23
3,6,6
4,5,15
4,7,23
5,6,2
5,8,82
6,7,40
6,9,42
7,8,61
7,10,45
8,9,41
8,11,43
9,10,48
9,12,58
10,11,83
10,13,88
11,12,71
11,14,34
12,13,70
12,15,92
13,14,60
13,16,76
14,15,83
14,17,24
15,16,95
15,18,29
16,17,2
16,19,38
17,18,12
17,20,29
18,19,52
18,21,73
19,20,55
19,22,52
20,21,35
20,23,25
21,22,96
21,24,5
22,23,48
22,25,96
23,24,69
23,26,87
24,25,94
24,27,74
25,26,36
25,28,38
26,27,85
26,29,95
27,28,5
27,30,80
28,29,67
28,31,68
29,30,98
29,32,5
30,31,58
30,33,14
31,32,43
31,34,28
32,33,87
32,35,49
33,34,58
33,36,36
34,35,22
34,37,40
35,36,41
35,38,91
36,37,1
36,39,100
37,38,87
37,40,52
38,39,19
38,41,75
39,40,37
39,42,98
40,41,87
40,43,41
41,42,91
41,44,60
42,43,78
42,45,5
43,44,24
43,46,60
44,45,76
44,47,55
45,46,51
45,48,52
46,47,18
46,49,62
47,48,17
47,50,72
48,49,23
48,51,61
49,50,82
49,52,55
50,51,69
50,53,81
51,52,29
51,54,67
52,53,39
52,55,90
53,54,25
53,56,14
54,55,90
54,57,2
55,56,66
55,58,21
56,57,73
56,59,77
57,58,59
57,60,55
58,59,18
58,61,18
59,60,81
59,62,3
60,61,23
60,63,8
61,62,63
61,64,78
62,63,89
62,65,81
63,64,68
63,66,86
64,65,87
64,67,12
65,66,30
65,68,5
66,67,55
66,69,88
67,68,76
67,70,0
68,69,34
68,71,60
69,70,94
69,72,32
70,71,99
70,73,97
71,72,91
71,74,59
72,73,28
72,75,61
73,74,61
73,76,92
74,75,86
74,77,40
75,76,7
75,78,41
76,77,94
76,79,34
77,78,93
77,80,38
78,79,95
78,81,67
79,80,91
79,82,87
80,81,37
80,83,23
81,82,75
81,84,71
82,83,79
82,85,34
83,84,8
83,86,89
84,85,30
84,87,11
85,86,32
85,88,97
86,87,79
86,89,13
87,88,9
87,90,68
88,89,15
88,91,55
89,90,70
89,92,24
90,91,31
90,93,17
91,92,85
91,94,30
92,93,41
92,95,72
93,94,68
93,96,96
94,95,20
94,97,8
95,96,72
95,98,25
96,97,63
97,98,82
99,100,80
0,0,0
