2,53,77
55,87,86
56,73,25
48,90,37
7,53,20
58,79,46
56,92,40
71,88,50
46,74,70
28,32,59
41,53,5
9,61,16
5,80,49
18,19,21
32,62,77
57,89,4
30,57,9
48,80,78
59,65,18
28,80,89
11,44,58
15,30,11
13,29,48
21,91,100
6,73,57
82,84,51
36,89,92
42,77,38
4,31,9
14,40,9
74,80,62
89,91,11
20,43,8
70,90,55
18,86,59
18,92,69
8,88,81
8,51,16
53,62,4
23,86,38
45,61,81
6,85,42
9,85,79
47,53,81
33,78,7
18,64,71
15,35,6
38,53,5
10,56,96
34,47,68
49,73,15
3,71,29
21,43,14
49,67,86
63,64,15
3,52,100
26,80,21
2,13,91
69,78,100
51,75,76
22,55,50
27,71,87
17,53,89
20,70,99
15,48,95
13,65,33
7,41,26
41,56,60
51,64,25
3,89,92
5,78,17
30,42,94
73,79,39
29,65,53
38,71,99
3,36,39
10,55,78
75,87,32
17,35,25
21,51,89
9,60,66
51,90,15
76,85,75
40,63,54
79,84,22
12,55,33
8,41,72
59,82,49
3,17,9
30,65,96
31,92,17
49,85,48
34,40,89
1,84,23
0,70,43
43,65,66
17,70,91
35,44,71
6,47,76
46,82,3
67,75,92
38,66,58
25,50,90
8,28,83
12,72,8
26,70,98
25,55,34
19,41,48
10,77,59
55,80,84
38,70,59
16,51,12
3,18,6
32,65,5
9,20,46
17,68,37
20,73,31
72,77,85
29,87,83
27,42,34
81,88,21
6,69,87
66,69,57
20,22,61
38,46,77
22,88,24
12,75,27
2,7,56
20,56,92
55,58,81
6,34,1
52,70,16
17,48,67
14,60,36
34,85,22
9,64,90
63,65,49
28,42,21
4,53,7
28,62,67
35,70,38
11,70,74
54,89,2
17,31,73
55,71,95
45,69,15
47,51,96
15,27,75
27,80,34
69,81,35
63,78,5
53,63,64
12,59,60
24,37,10
14,72,21
33,60,95
3,37,29
48,62,30
19,65,57
56,87,64
27,79,81
29,42,15
52,74,47
49,74,22
58,85,5
42,70,88
48,85,47
22,70,45
31,82,43
24,67,20
43,46,28
23,42,88
1,36,78
39,85,90
83,86,63
66,70,45
19,83,51
25,38,33
3,41,51
40,67,32
43,86,21
56,70,24
44,60,91
44,82,63
42,53,77
18,78,89
19,42,70
10,73,55
33,90,36
49,79,94
20,92,47
35,75,63
25,40,11
28,29,62
36,59,86
32,64,11
15,18,76
63,70,31
24,39,44
88,89,9
55,83,39
18,20,24
11,23,93
61,80,80
65,82,65
6,24,8
66,91,99
32,80,89
19,56,74
29,33,61
52,72,98
9,14,95
9,48,83
0,52,90
73,84,9
40,50,14
81,91,16
7,36,54
61,72,73
10,46,37
12,18,87
32,54,72
8,72,81
54,83,65
13,22,90
78,80,79
17,61,86
6,70,99
66,68,31
30,47,89
9,35,90
4,64,79
30,66,96
43,44,19
80,88,55
15,20,58
25,88,93
12,71,100
6,40,68
13,70,41
2,62,58
7,82,46
12,24,9
11,91,82
51,55,70
50,64,33
44,51,50
84,90,22
2,46,1
3,11,67
18,24,2
77,79,34
14,19,48
64,71,24
14,81,11
15,37,16
9,30,5
4,86,38
66,67,44
69,88,5
8,40,40
25,75,71
39,64,5
21,83,25
15,62,72
38,41,9
31,43,22
19,58,5
65,70,36
36,61,48
13,77,39
40,79,40
21,79,85
23,58,73
59,60,20
5,15,26
18,84,2
65,66,91
29,89,2
6,43,72
10,78,20
13,41,26
80,84,14
50,55,49
51,76,58
15,32,45
7,70,87
48,64,77
29,72,51
24,72,26
39,55,75
29,83,14
52,79,52
8,27,14
6,58,71
46,48,86
37,72,49
61,89,36
64,73,12
40,84,38
26,65,55
10,28,72
44,48,90
55,66,95
26,30,14
29,35,41
19,50,31
70,92,91
24,65,32
28,82,36
6,39,71
50,66,69
11,45,99
61,66,2
53,81,53
44,83,84
8,91,14
29,91,12
46,92,68
29,70,79
16,38,54
16,22,23
47,91,97
19,81,55
61,73,43
38,48,88
36,45,10
11,59,74
6,82,22
88,91,62
57,91,87
1,11,9
15,88,44
17,65,97
70,88,44
3,25,55
4,44,65
14,18,66
43,81,55
51,67,100
37,69,3
39,88,42
24,54,60
8,76,52
13,43,50
0,2,80
34,58,43
0,46,44
7,26,42
4,16,53
18,81,74
16,33,45
11,14,29
50,80,61
60,71,89
31,58,76
43,64,96
4,60,59
65,84,58
68,70,38
82,86,60
44,59,46
17,20,29
48,55,30
54,59,59
21,25,98
24,49,7
60,77,32
80,90,47
18,67,11
9,71,27
8,13,94
29,40,87
11,83,74
11,29,23
22,30,73
38,91,47
25,47,77
35,82,34
63,81,50
35,60,72
46,70,9
15,17,63
51,91,18
68,75,22
26,68,21
51,87,26
14,25,26
7,91,15
5,49,42
31,48,85
71,79,78
20,76,76
48,52,7
11,49,32
67,77,56
37,68,56
3,33,4
59,92,39
65,75,44
23,33,33
73,88,6
4,24,74
52,58,15
3,80,17
24,55,5
18,46,84
4,51,32
59,74,19
12,43,97
35,39,98
49,55,77
45,66,93
9,22,92
20,75,83
4,39,22
23,48,28
7,28,51
65,87,35
35,86,42
16,31,5
36,47,80
18,53,85
40,52,72
4,52,8
8,36,76
14,35,6
5,89,48
16,75,8
26,58,19
38,42,18
1,66,30
14,31,51
66,71,99
3,8,1
44,57,22
60,74,77
29,78,92
20,63,1
38,51,61
37,60,12
46,66,6
7,17,24
42,74,94
19,28,59
1,62,50
56,81,21
9,13,10
57,83,59
27,52,39
2,8,6
32,46,69
3,56,75
5,39,60
41,90,15
4,45,47
36,79,86
12,29,9
47,69,8
13,49,97
79,80,87
29,56,50
23,41,27
26,51,45
4,83,25
28,40,4
47,68,21
32,73,100
1,40,77
10,69,64
30,63,69
21,80,98
29,49,82
20,62,14
0,53,26
44,86,98
4,8,35
34,51,80
46,89,17
26,45,30
17,44,52
15,47,36
14,65,54
4,9,38
37,56,53
12,20,95
0,64,19
24,27,47
2,80,78
43,66,83
83,92,53
25,72,21
52,55,82
42,76,100
58,68,44
51,63,44
68,69,62
21,40,74
7,32,66
43,45,84
59,91,32
27,40,10
58,64,57
5,51,43
35,72,5
31,64,32
26,62,52
24,31,15
17,89,80
38,63,65
9,62,29
10,82,60
70,82,62
32,60,50
16,40,87
22,80,79
34,63,53
8,66,60
5,77,87
48,81,69
21,41,44
6,26,81
19,88,74
31,75,58
25,49,38
17,25,66
30,70,48
17,84,96
1,4,76
12,88,40
10,70,25
4,91,43
27,36,97
32,92,12
14,26,42
77,80,60
0,83,7
5,6,4
22,41,43
19,29,80
61,70,13
10,41,75
12,23,21
51,70,42
48,83,1
14,28,31
6,66,63
23,52,55
21,85,38
35,42,60
4,70,47
15,69,74
72,89,18
45,50,57
0,60,95
58,75,89
38,83,90
22,64,34
54,91,11
0,86,27
46,61,98
22,74,45
10,76,78
21,62,11
0,51,80
32,57,18
12,80,82
32,81,26
21,29,6
45,92,49
48,82,77
16,74,23
10,52,56
30,87,15
66,77,99
34,81,45
49,53,15
50,85,55
11,27,97
83,88,92
36,75,37
1,30,59
75,77,34
34,67,24
57,85,57
13,35,98
0,33,91
19,20,14
10,57,36
25,51,90
24,30,73
22,67,22
24,68,96
16,79,7
19,70,49
4,80,86
42,55,12
5,28,57
31,63,59
58,63,3
59,83,47
0,34,100
40,41,61
11,68,92
2,26,95
26,29,76
41,78,29
5,41,43
36,71,75
28,43,13
24,35,68
8,77,36
15,82,12
45,51,73
19,53,92
60,84,18
44,55,61
12,68,27
15,73,92
22,57,60
3,9,14
28,38,95
12,54,31
78,89,67
7,54,87
21,34,51
23,47,22
29,38,69
15,26,5
41,84,10
82,90,90
15,40,18
68,86,97
34,56,67
61,87,30
11,25,72
13,18,55
19,36,49
11,71,23
69,79,75
85,92,80
41,64,5
16,25,12
47,56,95
39,41,30
0,1,22
91,92,84
24,85,45
0,20,94
51,69,21
19,38,53
73,77,80
66,72,91
54,74,46
11,16,33
81,90,95
9,55,61
9,89,47
6,37,86
14,84,69
16,89,51
29,39,70
28,76,72
20,55,67
15,16,87
26,86,12
12,33,35
2,83,41
4,59,51
8,18,93
57,87,98
67,79,45
26,44,63
14,48,14
7,78,71
9,39,54
54,73,75
22,33,87
17,30,2
8,22,70
2,87,100
43,52,74
0,73,59
13,27,99
51,65,69
60,65,95
28,55,13
14,44,35
51,77,22
69,85,51
32,42,45
28,61,51
15,63,1
0,57,8
68,81,61
8,61,72
8,17,41
11,57,53
3,88,17
67,74,38
48,61,86
35,51,43
77,89,98
26,87,18
13,73,88
50,61,72
72,73,64
77,83,36
3,6,78
3,5,20
25,54,53
64,80,68
35,58,46
42,88,66
10,31,27
12,26,33
20,87,34
8,15,18
19,63,54
14,91,44
20,83,58
52,88,74
23,91,7
79,89,58
70,87,26
6,86,22
33,70,90
62,72,19
4,68,55
42,59,42
85,87,87
0,28,7
35,63,25
1,14,96
31,90,46
4,79,86
31,54,76
17,76,63
27,30,77
82,85,76
10,87,57
60,61,59
56,67,33
8,20,23
23,30,91
48,54,1
36,73,80
11,66,21
18,48,81
47,52,92
30,38,1
52,81,4
40,83,51
27,88,10
17,87,46
18,26,68
2,10,16
21,92,59
0,13,62
24,51,4
35,92,56
28,33,48
16,92,45
16,57,76
48,66,30
8,52,97
13,14,39
21,48,66
3,78,33
40,82,93
6,33,6
2,30,67
65,67,84
15,89,53
35,77,66
33,71,92
52,92,24
17,41,19
39,87,95
3,82,12
3,47,48
16,84,72
54,55,90
15,28,79
16,83,19
38,72,16
26,36,92
0,68,66
11,77,8
23,89,86
26,92,18
19,39,80
6,76,98
12,16,95
46,60,46
16,88,10
4,57,89
11,50,8
47,87,31
75,78,97
17,33,4
46,83,83
2,18,13
69,82,22
50,84,92
62,85,29
20,81,13
45,53,19
46,76,11
29,69,63
5,82,43
17,42,100
2,78,85
1,64,20
15,67,80
22,35,13
14,45,48
17,79,22
3,15,65
26,66,65
26,64,1
28,91,61
85,89,15
16,24,83
10,60,23
57,81,66
0,69,97
33,45,92
37,47,43
1,73,26
5,9,47
46,50,73
73,75,60
13,89,1
29,80,4
51,80,80
60,69,70
68,91,61
9,36,84
16,20,76
37,63,50
1,37,45
40,78,92
28,57,31
68,79,78
24,46,9
10,51,44
76,81,33
10,48,65
34,82,68
64,91,52
54,80,42
7,39,1
20,89,67
53,91,94
7,30,14
38,75,11
20,30,17
11,84,10
52,57,40
28,60,18
70,76,69
34,90,24
60,63,44
38,86,68
11,60,91
9,83,80
27,45,5
47,49,56
24,41,13
30,50,66
8,71,28
10,75,95
8,47,36
38,73,82
17,62,83
55,75,32
10,39,51
40,60,22
5,90,80
17,34,31
34,78,82
10,36,96
56,91,22
23,85,90
74,89,50
38,54,11
5,34,98
46,51,52
5,73,2
11,32,21
59,86,72
37,64,77
29,47,20
46,64,43
44,67,19
36,77,58
39,82,82
6,42,70
59,68,7
63,77,60
3,42,90
22,38,5
26,76,19
32,45,69
33,55,4
7,69,49
5,86,69
49,91,65
53,75,77
24,91,35
40,68,43
62,70,10
9,10,26
53,92,9
19,22,27
16,72,62
22,83,74
22,72,56
83,89,36
18,31,26
16,46,23
45,90,16
24,48,31
31,55,70
25,27,18
22,87,11
34,73,91
15,53,61
31,81,77
53,76,51
77,82,86
51,83,97
68,77,67
27,91,77
22,79,52
9,25,37
14,80,99
25,31,31
48,60,83
19,51,45
16,50,96
22,51,88
0,23,31
57,78,56
14,87,12
19,92,30
29,64,62
19,43,48
26,90,73
46,90,97
3,19,50
75,76,70
36,42,41
3,35,78
44,84,90
39,74,75
35,53,10
21,45,48
70,83,84
7,44,43
76,86,93
22,40,25
70,78,8
23,88,72
18,50,61
57,88,24
54,61,93
36,58,95
5,21,92
32,88,69
59,72,22
2,6,30
13,42,75
42,78,57
65,71,78
44,78,99
11,36,69
23,54,29
10,50,37
53,89,41
11,30,29
38,59,18
29,86,89
3,74,56
32,72,33
2,34,53
25,89,64
53,59,78
18,90,87
28,44,41
34,71,30
73,81,32
59,62,2
42,82,65
30,41,13
76,90,6
34,86,18
13,15,6
30,59,96
67,71,28
50,73,36
79,91,3
27,37,98
9,26,25
28,49,41
70,86,76
23,55,46
16,42,75
24,34,44
40,45,52
65,85,59
24,74,64
77,85,78
47,86,49
24,82,10
83,87,6
51,68,42
73,74,68
70,73,18
24,81,58
6,60,67
25,29,96
3,53,9
51,53,36
64,90,11
62,81,15
12,78,11
1,46,48
63,75,79
43,72,79
28,34,7
38,44,39
12,45,46
2,15,90
11,40,82
0,0,0
