6,9,2
6,20,6
9,23,92
10,17,85
7,21,70
2,19,54
11,19,43
5,6,5
8,11,16
21,23,66
1,10,47
1,3,96
5,10,29
10,16,79
8,15,94
5,11,2
6,22,49
2,20,10
5,24,71
3,16,93
1,14,44
22,23,49
0,7,89
4,24,57
4,6,99
12,24,93
0,24,65
17,23,85
11,16,7
16,17,38
3,15,100
12,23,100
9,19,88
9,13,42
14,23,94
8,12,17
1,19,71
9,11,84
11,18,67
0,12,17
7,19,32
11,21,57
0,16,31
2,9,65
4,21,45
8,17,43
14,18,33
6,21,65
10,20,23
0,8,70
11,23,81
4,18,69
10,15,78
11,20,47
2,21,71
4,9,24
6,15,92
7,13,85
5,13,55
2,23,71
12,16,29
3,9,73
17,24,60
2,10,6
16,21,67
7,10,96
6,19,14
3,13,76
3,14,23
6,10,61
8,22,52
15,19,70
0,21,2
6,24,4
4,19,66
2,18,40
0,17,20
8,10,44
5,21,29
7,20,27
3,23,45
6,11,89
2,13,12
3,21,31
18,19,98
17,20,71
12,14,75
11,24,84
8,20,27
9,16,20
0,11,31
10,14,81
20,23,74
1,4,15
17,18,70
3,22,72
5,16,25
1,21,43
1,16,40
5,15,70
7,24,9
0,15,4
7,23,88
12,22,16
22,24,99
1,7,13
13,16,27
8,16,18
3,20,84
2,4,30
20,22,82
1,23,10
3,10,25
8,23,15
3,4,64
5,23,18
2,5,100
4,16,69
7,18,94
9,10,16
9,21,6
2,24,20
15,23,7
4,17,8
8,18,20
3,18,79
4,10,99
1,2,66
8,9,70
13,17,16
3,8,32
21,22,40
0,10,68
13,15,24
10,22,81
1,20,71
12,20,33
2,17,68
4,22,47
17,21,36
10,19,57
2,7,64
5,8,19
13,18,22
2,15,28
11,17,59
6,23,54
1,6,51
13,19,81
6,17,14
9,20,50
6,18,16
11,12,82
3,7,48
15,20,76
9,24,37
3,6,67
7,11,43
0,18,65
7,16,52
0,6,47
19,24,43
3,19,27
5,18,71
1,8,24
9,17,13
19,22,99
5,7,80
21,24,37
2,3,46
4,15,54
2,8,42
2,16,20
2,12,20
2,14,95
16,24,24
0,14,77
10,24,72
23,24,13
7,15,97
18,24,25
2,11,22
6,14,75
10,11,77
16,20,3
13,24,3
6,13,70
15,22,81
9,14,54
7,22,9
4,8,83
6,12,60
0,5,91
12,19,40
11,22,46
17,22,39
10,23,36
1,18,55
15,17,62
13,22,76
4,13,49
18,23,19
14,22,99
13,20,60
1,5,96
12,15,65
2,6,47
13,23,43
8,14,100
8,19,43
6,16,36
1,22,39
15,24,17
12,13,65
0,3,64
1,15,73
0,0,0
