3,60,16
24,56,63
7,29,35
35,52,23
31,87,11
30,67,10
10,73,22
4,71,34
5,64,8
45,54,5
22,67,29
12,94,66
2,24,79
59,77,88
16,47,8
43,80,35
50,93,26
13,65,90
48,64,60
14,68,95
7,89,48
19,44,96
40,62,78
43,51,92
55,78,1
87,92,39
39,61,76
30,68,32
33,56,83
8,43,62
5,77,52
35,54,87
22,71,81
17,88,3
43,63,73
69,90,35
10,67,7
12,19,40
32,65,6
25,31,47
49,84,55
29,78,34
8,40,76
40,86,99
40,57,89
32,47,5
27,85,44
17,68,83
19,88,96
64,79,74
9,70,96
29,86,76
1,81,58
17,55,11
34,54,28
24,26,4
38,77,47
66,93,61
2,91,20
45,62,1
11,23,42
23,47,17
6,68,68
42,58,42
15,88,37
25,41,59
6,33,53
25,48,77
7,77,59
21,36,11
8,84,68
12,14,73
62,82,27
34,66,32
90,91,97
40,44,77
25,35,40
72,79,88
44,57,30
33,79,3
1,19,26
40,85,78
4,13,80
25,77,86
1,59,61
14,61,72
30,52,12
58,74,47
33,50,91
13,49,24
36,51,57
38,73,81
80,87,99
80,85,65
17,29,24
2,65,64
0,57,3
31,68,43
66,85,92
24,44,18
13,79,44
18,38,43
19,55,66
29,79,48
60,82,63
18,90,86
3,79,73
64,93,40
77,89,30
19,75,15
52,61,13
20,42,30
77,86,64
62,84,7
84,91,12
46,62,34
16,39,85
43,47,74
4,58,77
58,65,22
12,22,96
32,49,13
5,51,85
29,62,19
54,84,28
83,85,73
39,65,27
8,92,9
40,56,33
16,56,5
20,49,29
81,84,52
49,91,23
29,58,88
21,64,16
69,85,38
16,30,19
7,34,67
7,38,73
69,83,60
33,93,14
7,65,61
32,46,95
67,86,97
19,66,60
12,15,76
62,92,50
0,22,50
55,58,53
16,73,62
15,16,64
47,75,21
65,72,89
12,58,79
9,10,61
23,38,29
10,93,11
43,88,49
3,14,10
0,85,90
24,45,50
71,89,23
4,28,18
16,51,72
26,46,55
0,39,94
14,82,54
4,18,90
37,61,70
16,85,83
4,61,70
15,66,70
23,83,18
50,76,29
31,51,93
17,25,57
76,79,28
10,26,61
53,73,32
26,94,6
24,73,49
41,59,48
26,70,31
71,86,82
25,85,79
14,32,11
39,43,82
43,81,46
58,93,84
9,28,58
46,72,69
46,70,81
28,80,81
43,94,28
54,71,81
62,79,40
11,55,51
36,69,56
24,91,60
6,40,46
21,33,85
47,53,91
12,81,40
1,48,84
0,26,83
27,45,44
40,58,63
37,45,35
25,75,29
60,66,97
17,64,82
11,65,15
5,15,80
67,93,61
27,51,70
69,84,74
62,78,87
25,29,90
41,69,34
28,63,30
11,71,80
86,89,45
5,9,48
17,41,25
19,81,40
2,71,56
16,65,32
12,28,81
9,87,74
16,63,70
68,83,16
0,9,76
37,77,65
13,25,83
16,17,7
25,64,60
61,71,34
27,66,70
22,47,15
40,53,31
30,74,6
24,49,9
57,76,94
57,77,92
50,70,72
12,69,8
56,92,48
71,83,57
87,93,43
13,48,87
0,88,51
25,71,93
24,63,35
10,74,37
78,89,14
69,88,18
30,39,40
24,75,48
32,42,87
7,45,91
19,67,93
24,67,5
12,47,15
2,58,10
5,21,7
3,17,59
30,49,17
54,83,96
63,86,42
55,81,1
30,63,82
24,46,64
14,42,47
10,39,92
52,72,87
23,45,73
39,57,79
53,60,27
6,48,26
59,83,22
39,64,66
10,69,90
4,36,73
66,69,98
43,46,42
15,64,48
42,68,42
6,54,59
20,69,30
39,50,56
6,51,12
3,91,21
32,55,37
76,86,79
47,49,75
19,71,57
46,87,57
59,62,15
19,79,91
63,75,46
4,40,78
37,43,85
38,76,85
55,92,5
26,71,16
13,69,69
8,25,26
54,56,43
24,37,98
42,73,83
34,72,77
9,21,40
48,63,2
14,21,88
41,83,21
2,33,71
12,64,98
19,34,41
0,15,41
68,89,28
9,83,22
64,90,2
18,36,61
38,50,78
57,86,90
40,90,59
26,48,93
45,90,96
11,58,34
38,43,70
21,90,56
10,87,13
22,40,31
40,76,73
18,19,13
18,51,64
45,52,97
19,77,74
24,43,34
20,25,90
53,91,56
5,18,71
0,70,38
55,64,37
13,27,74
29,90,31
16,19,7
3,49,10
13,81,51
17,69,76
14,83,1
49,73,41
20,27,8
47,78,80
19,58,31
35,90,58
29,91,84
39,84,57
40,92,69
29,39,44
17,46,94
67,77,33
72,93,24
1,2,71
31,66,70
21,84,94
31,56,84
23,80,76
3,89,53
18,59,34
20,35,46
0,73,30
13,64,56
51,79,69
17,34,40
30,81,28
15,25,64
4,34,46
43,65,51
35,55,63
8,90,67
69,71,30
26,89,79
1,22,3
28,42,62
20,23,63
80,89,18
27,88,45
1,23,42
25,73,86
11,24,13
52,86,50
52,84,44
75,90,66
2,92,11
12,92,30
38,88,94
8,67,35
9,17,69
25,45,65
31,74,35
32,43,25
0,5,54
24,53,53
82,87,8
31,77,10
9,23,58
6,65,64
15,82,5
22,87,39
0,36,11
11,44,31
12,31,95
21,43,6
9,14,9
35,56,27
24,30,59
46,85,71
17,23,36
39,89,21
43,67,78
14,52,72
49,52,57
29,55,40
53,77,77
6,34,40
33,75,7
20,87,31
18,41,28
15,27,82
19,83,22
5,35,29
5,74,83
19,56,34
19,42,85
14,41,18
26,68,62
79,91,4
63,85,65
13,47,65
0,28,41
54,90,32
9,32,17
28,51,79
5,76,26
0,89,6
29,42,45
54,60,88
17,27,23
7,69,34
43,72,56
88,90,43
41,71,14
14,77,91
66,89,42
40,43,81
39,85,61
23,37,33
47,77,4
5,66,48
78,84,6
57,60,26
20,47,1
63,71,52
33,46,16
19,53,80
38,94,65
42,46,93
73,85,11
7,27,1
34,35,1
19,25,47
12,66,51
78,90,4
14,75,47
17,91,60
46,61,8
12,18,22
0,58,8
49,72,78
3,12,12
52,67,77
47,84,33
15,70,48
33,82,24
35,70,40
5,91,70
17,48,32
7,61,53
37,72,18
40,87,73
42,92,16
56,57,10
0,29,96
32,91,21
23,64,25
15,17,7
7,26,70
66,79,85
37,41,89
63,67,94
2,51,74
13,21,33
85,93,82
50,81,68
5,93,69
8,82,29
11,56,58
41,86,98
17,93,47
75,77,2
40,70,31
55,56,54
2,90,97
60,81,19
29,69,17
29,45,55
41,47,31
33,51,27
12,41,74
45,93,51
17,51,18
84,86,79
9,50,79
24,33,67
28,34,32
28,60,17
58,60,13
1,80,8
28,86,74
35,57,19
64,80,16
8,45,61
60,78,67
6,63,53
17,40,15
41,43,95
28,47,12
11,62,12
90,94,55
7,13,57
24,38,89
18,34,98
22,63,70
12,74,54
48,75,72
41,63,13
21,41,6
6,78,73
14,40,12
73,86,76
1,36,50
52,68,97
35,93,56
21,76,4
53,64,77
75,89,94
59,79,98
21,58,10
13,20,79
6,80,62
23,92,27
46,74,4
25,50,83
71,79,68
11,85,70
11,84,31
62,70,44
8,80,3
53,62,54
10,44,71
58,90,77
8,78,50
17,20,11
9,24,30
72,83,17
44,76,31
79,83,68
36,85,15
17,32,50
43,54,44
49,88,51
3,33,29
42,55,64
88,94,72
5,65,10
15,32,8
45,56,77
57,82,35
79,85,39
7,17,58
16,23,90
20,77,50
28,88,89
70,83,85
24,28,20
47,91,50
38,57,36
2,57,48
13,34,13
23,44,53
62,80,94
9,66,45
42,74,49
48,74,43
26,50,12
53,74,46
41,68,18
81,93,99
8,28,99
14,29,2
28,73,72
17,49,88
45,57,66
22,56,72
39,41,79
8,19,78
21,61,89
42,82,45
29,54,87
29,56,18
1,87,31
49,54,48
25,39,13
47,79,12
50,77,1
48,73,5
44,65,79
18,23,49
23,60,19
4,60,49
19,93,57
89,90,9
0,64,63
56,88,9
33,78,15
65,88,72
4,32,12
9,33,17
23,79,7
52,82,28
4,92,38
2,10,79
48,49,70
2,84,25
29,77,60
19,68,89
91,94,31
1,38,32
50,63,42
30,61,16
6,73,92
21,23,80
33,44,18
66,90,90
1,12,48
10,15,76
21,66,42
85,94,98
35,88,33
56,58,21
6,35,98
24,27,79
2,79,81
50,90,12
33,63,35
51,86,14
37,48,42
4,79,33
71,76,40
44,78,65
17,50,42
52,81,95
53,65,96
38,59,63
33,61,80
35,62,90
41,65,55
6,16,90
52,55,41
68,88,85
37,74,34
54,93,78
63,76,80
4,26,62
92,93,96
48,87,75
2,4,70
21,70,54
12,29,75
13,36,97
43,56,6
85,87,47
32,86,26
14,50,87
36,41,89
3,67,89
38,61,89
21,30,74
70,88,80
68,72,75
18,21,92
50,74,53
1,50,28
44,54,93
48,86,3
21,26,22
30,83,48
3,84,89
73,90,38
24,74,80
6,52,66
44,93,24
4,19,78
50,88,19
7,47,86
11,41,53
15,18,94
60,94,26
14,30,97
21,74,32
55,85,10
4,77,39
57,67,29
23,54,97
26,76,78
70,76,14
11,48,40
22,78,15
6,14,86
31,79,72
16,70,69
68,84,89
14,87,29
56,89,64
69,87,31
30,34,62
34,57,73
33,74,6
72,86,52
15,85,23
6,93,89
64,69,21
19,48,98
33,47,54
69,76,85
30,72,58
57,80,90
64,73,9
3,83,39
50,57,85
32,79,93
22,66,31
38,46,41
3,48,37
74,83,32
11,39,19
55,59,43
14,38,43
0,13,95
77,81,28
49,77,4
57,92,8
48,52,65
59,71,82
66,70,25
37,86,97
9,36,75
73,88,96
50,66,13
1,4,7
73,92,89
44,52,6
23,55,21
61,88,36
13,91,11
66,74,23
50,68,8
18,57,53
19,21,62
10,76,42
14,66,60
37,54,16
29,73,92
1,44,28
71,88,57
66,76,66
75,76,13
24,77,46
86,92,78
43,45,94
12,50,98
55,94,6
37,84,73
62,63,60
36,75,3
1,43,97
29,93,48
7,33,76
20,65,61
59,81,77
2,87,14
21,40,21
77,84,96
1,74,48
60,73,92
85,86,59
10,81,27
4,6,20
15,63,86
18,47,84
34,86,84
19,59,62
43,92,65
30,82,10
47,58,25
18,44,57
56,67,6
52,75,36
18,49,58
67,70,14
32,58,52
54,55,88
37,62,58
18,70,41
4,80,1
19,57,52
0,34,99
4,49,99
3,30,6
1,16,87
57,64,67
30,43,25
55,74,45
42,93,69
6,59,52
20,72,14
64,78,94
6,61,19
30,70,23
9,35,54
29,63,5
4,46,5
37,82,73
47,63,24
25,76,98
11,92,92
8,65,46
12,34,40
36,79,84
12,79,81
54,69,44
20,39,50
49,90,42
2,93,29
20,51,64
77,79,5
35,44,91
18,78,42
61,81,45
33,92,6
16,91,84
36,86,66
70,89,48
7,85,82
5,17,96
48,62,31
65,81,78
63,80,93
0,23,46
15,71,64
28,40,83
31,78,92
54,85,32
24,76,58
40,82,13
22,41,47
67,74,30
5,12,91
34,40,1
6,20,38
5,86,58
10,65,65
64,91,46
9,26,20
25,93,10
2,73,86
28,41,67
10,78,15
8,51,26
12,68,50
32,71,87
3,7,11
3,93,68
36,38,74
0,81,13
23,81,75
52,54,83
41,91,58
11,91,35
67,89,73
52,70,26
31,50,19
37,57,72
33,66,67
22,57,57
21,48,52
11,17,39
29,49,21
46,77,34
17,37,2
69,93,71
77,83,4
19,49,11
35,45,31
16,20,20
8,15,4
23,35,45
17,59,66
54,77,25
12,59,74
0,67,4
27,44,36
65,82,36
16,60,94
0,49,1
48,50,74
44,71,33
0,69,73
22,79,9
19,27,47
33,48,88
16,27,52
38,58,82
2,22,56
6,88,34
13,88,45
35,42,63
33,81,26
76,83,70
44,64,50
26,86,89
1,29,6
36,71,68
26,55,33
63,69,99
7,76,25
14,92,60
10,89,65
4,7,58
61,70,80
16,37,55
21,93,55
15,67,83
6,90,49
48,78,22
69,80,54
11,76,85
41,77,38
0,63,26
68,73,92
49,92,59
0,48,26
49,81,28
58,59,75
80,90,86
63,82,48
76,80,38
48,92,61
29,74,45
16,26,57
39,72,89
11,74,19
62,75,12
6,82,12
22,84,48
60,85,61
76,92,72
17,65,41
38,78,49
5,42,80
35,58,17
51,83,78
14,79,39
31,46,99
51,81,53
55,75,80
26,54,76
21,31,21
10,84,1
20,54,35
30,92,77
29,46,73
2,78,36
26,45,57
75,85,43
10,90,17
2,83,21
12,27,77
48,67,48
36,44,75
29,31,45
0,42,80
26,49,34
19,45,38
30,69,89
52,58,97
49,59,13
45,68,23
48,76,98
40,49,69
5,71,27
29,30,24
18,69,36
2,40,53
59,75,7
2,11,86
9,38,32
58,88,60
51,88,39
2,42,97
10,21,41
10,20,49
11,63,76
11,18,48
9,55,86
24,36,40
87,94,57
1,55,17
3,42,13
32,40,42
10,72,23
56,85,44
37,40,56
11,34,59
48,89,11
32,82,72
18,28,64
5,90,45
38,56,83
49,53,51
3,24,25
34,50,16
15,31,23
23,88,92
1,53,42
72,80,58
35,38,81
21,63,66
13,15,63
39,47,25
1,52,96
53,56,93
23,34,76
23,40,25
39,87,88
34,69,67
53,66,88
39,90,18
58,69,81
61,87,49
8,71,31
0,50,11
25,49,37
7,25,10
50,61,49
22,89,63
60,86,58
59,70,58
31,38,43
52,93,73
82,86,39
71,93,89
10,35,30
22,38,91
10,27,99
51,85,24
11,82,62
41,53,9
83,86,76
45,92,73
39,51,15
23,42,60
51,68,61
77,87,74
21,91,10
18,62,34
26,74,12
26,84,95
11,51,77
43,44,99
33,64,7
22,25,61
7,91,45
3,5,74
16,35,61
9,93,49
42,85,96
27,58,33
49,76,56
67,75,36
19,31,21
9,48,55
42,62,43
27,92,56
27,94,1
15,21,96
36,39,95
30,66,89
44,72,51
48,54,35
8,68,97
32,56,42
3,59,34
26,57,16
51,92,61
1,33,14
17,28,3
8,9,70
59,89,90
78,85,13
7,19,13
10,47,7
7,54,40
15,55,60
22,43,22
28,84,3
2,85,71
26,39,13
9,90,96
64,74,60
50,62,36
35,39,77
30,79,75
74,81,54
29,64,40
2,70,63
19,69,53
59,87,91
31,81,3
5,44,49
57,69,20
5,24,48
35,89,7
79,87,6
22,80,50
11,80,38
15,57,93
49,89,54
57,74,7
78,81,67
30,56,64
36,93,44
60,91,27
13,83,28
12,23,44
54,68,6
6,32,85
13,38,42
23,73,34
60,80,16
45,83,38
33,68,62
4,27,85
9,58,45
6,89,93
15,51,86
6,74,56
43,48,89
22,30,74
33,90,36
3,62,40
4,37,2
9,91,62
54,80,30
15,20,96
19,78,51
41,92,96
36,66,83
2,50,30
32,77,29
16,61,87
49,93,40
61,84,47
27,31,82
71,73,19
55,66,74
5,7,93
9,80,32
35,71,63
34,52,55
23,78,52
36,72,43
8,11,44
45,58,82
48,94,24
59,84,85
30,91,25
13,14,57
47,56,55
8,27,26
49,56,59
2,21,20
21,44,93
22,42,93
35,41,80
19,90,49
17,26,23
17,70,48
81,94,55
39,58,63
50,59,55
24,86,39
55,73,1
11,12,55
44,86,86
89,93,67
8,33,28
49,55,48
3,63,52
11,32,83
23,63,34
34,92,31
79,84,58
73,89,24
38,75,97
39,74,77
13,16,88
4,48,98
10,64,86
23,93,7
7,84,90
13,71,22
8,70,15
7,37,29
48,72,21
7,74,56
33,40,9
22,33,16
36,53,96
23,90,88
17,83,58
48,55,27
56,76,11
22,39,81
36,91,68
48,61,73
62,77,8
7,46,19
23,46,50
87,89,3
9,79,19
6,8,8
67,79,71
20,61,95
43,76,29
22,81,49
52,77,98
30,86,23
1,58,96
0,1,88
62,66,24
30,54,25
10,82,21
37,69,37
21,42,96
78,83,49
66,77,66
35,78,76
16,22,46
54,73,12
49,61,24
21,49,16
17,74,15
51,89,87
4,15,59
11,93,4
35,91,21
42,90,93
44,68,36
23,51,8
12,53,10
64,72,89
81,92,11
51,56,57
41,61,88
0,10,90
10,41,23
16,59,6
1,47,25
47,48,35
25,89,55
2,26,35
28,71,31
1,78,21
18,94,50
43,57,40
36,56,7
25,26,11
3,46,15
31,64,30
20,79,74
32,33,41
12,24,71
76,94,80
10,23,92
7,18,97
22,36,91
22,53,54
3,50,15
1,82,17
36,47,96
5,81,64
4,20,55
18,58,78
63,74,23
57,89,50
24,80,40
8,75,23
3,71,31
8,41,4
29,87,1
77,85,68
0,80,95
38,92,11
49,64,44
55,62,35
43,70,28
48,80,41
39,52,22
68,80,76
6,17,6
30,71,99
40,75,79
65,85,57
34,43,36
58,82,99
52,69,41
82,93,47
33,70,19
10,70,92
24,52,4
24,42,17
25,55,38
21,59,36
5,41,50
18,86,75
29,40,65
48,70,9
50,71,41
58,85,18
3,64,1
28,85,23
2,30,76
3,52,72
68,90,26
80,86,90
20,52,28
75,79,57
53,89,36
25,57,39
17,90,58
31,84,32
21,77,56
32,59,80
12,71,43
67,76,39
53,63,39
2,14,18
14,56,29
60,68,67
18,61,7
6,28,43
23,70,81
3,81,63
24,81,55
45,72,58
0,56,42
6,77,43
9,92,59
58,86,64
6,18,98
18,45,50
2,48,74
0,44,71
5,32,93
0,30,83
32,36,48
1,64,51
15,36,91
32,70,74
82,89,93
13,51,51
67,82,20
13,43,1
0,75,99
6,71,85
26,77,82
11,52,76
31,67,84
34,36,63
7,72,82
34,58,67
0,90,76
74,84,67
18,27,69
45,88,51
20,22,33
7,15,75
23,61,6
78,86,12
49,50,37
44,67,11
47,74,42
78,80,12
51,60,98
35,82,91
76,78,91
64,85,37
38,52,34
10,54,59
23,30,82
41,79,79
3,37,4
13,92,18
79,90,77
13,93,50
3,6,34
66,78,43
63,91,94
40,91,36
20,70,72
35,94,95
4,81,71
14,59,42
70,77,22
14,90,77
6,25,32
7,81,11
36,59,81
8,57,53
27,33,7
6,11,29
74,94,79
48,82,97
17,85,50
74,87,68
18,35,66
57,62,28
50,56,3
25,67,83
48,65,87
0,2,70
38,81,72
21,65,51
0,25,46
20,21,65
0,94,36
46,79,86
10,32,41
62,89,53
15,34,74
63,79,14
27,68,97
1,66,98
66,75,94
16,77,16
59,76,88
11,19,30
66,73,85
19,80,38
51,62,67
31,88,20
66,83,90
32,76,93
21,69,51
26,34,56
52,63,16
23,29,62
70,78,14
39,79,33
39,67,45
47,52,74
31,83,82
49,71,99
21,47,35
10,49,59
20,64,44
23,43,62
12,17,45
0,60,64
44,63,37
23,76,99
68,78,68
9,37,38
55,68,81
9,89,93
1,65,26
33,69,62
28,94,40
2,29,54
36,88,45
31,35,95
69,91,41
25,44,23
24,54,64
38,85,88
13,70,60
56,66,99
8,26,65
7,55,26
50,78,83
11,36,24
27,77,57
10,25,19
47,82,15
19,26,95
46,93,15
28,78,18
0,65,41
5,72,9
80,82,68
58,67,98
11,73,15
27,60,77
25,66,34
55,72,58
44,59,18
63,77,85
75,92,76
31,32,75
33,35,43
14,70,9
21,39,14
35,86,53
33,58,29
35,40,79
65,74,65
11,27,51
32,75,78
27,76,56
12,40,53
43,50,1
49,58,25
8,50,42
53,71,16
25,46,37
29,85,75
64,84,6
58,80,89
26,30,8
53,72,62
29,81,11
37,58,46
25,34,81
0,24,77
38,70,28
55,63,44
12,63,36
77,88,40
14,19,75
73,80,60
14,57,88
51,58,87
19,85,38
34,46,4
54,79,28
15,75,30
31,54,32
13,80,57
22,59,14
37,38,35
54,94,13
31,37,11
25,53,52
28,69,48
56,86,36
42,94,65
15,37,40
12,39,49
20,66,62
10,60,92
16,25,32
34,63,9
80,88,6
57,85,3
4,63,98
36,63,90
7,16,83
13,33,27
6,26,10
82,94,51
7,21,80
62,85,32
7,9,58
0,86,36
20,68,34
67,83,45
18,82,19
20,37,68
28,59,57
11,83,65
3,94,30
51,61,62
12,86,57
12,44,23
64,86,99
59,82,15
54,63,29
53,93,45
20,84,86
68,94,39
70,85,66
26,33,64
31,85,57
16,46,80
22,54,12
18,52,82
75,80,20
28,74,61
71,77,61
0,17,3
0,40,57
66,72,61
10,75,31
40,72,71
14,58,58
26,65,56
19,24,12
10,46,70
38,82,39
43,86,17
6,23,40
53,84,80
34,39,63
40,81,90
31,71,4
27,34,34
8,23,94
53,75,93
52,71,58
57,79,8
70,82,29
3,21,9
4,29,35
23,68,81
8,13,9
24,85,19
32,44,48
15,59,21
25,59,99
66,88,6
24,71,52
73,83,45
49,51,99
72,78,29
9,69,74
70,75,82
60,72,29
17,38,48
13,84,83
3,26,33
69,70,29
14,37,95
39,59,69
12,70,55
22,77,96
53,59,45
24,78,50
9,88,34
13,78,87
16,40,42
68,92,22
6,42,64
18,81,54
42,78,43
11,68,10
71,81,37
0,41,2
20,40,76
1,13,78
51,55,46
45,84,79
30,64,55
28,55,75
26,52,30
5,60,18
39,42,72
8,79,71
2,89,61
36,78,92
32,93,60
4,73,2
19,74,68
15,54,74
20,59,56
35,79,58
60,83,22
32,72,17
38,87,20
32,94,98
52,88,25
8,89,82
4,35,15
31,61,55
27,41,2
88,92,90
61,85,22
57,75,78
17,79,7
93,94,12
15,68,57
57,94,27
34,77,3
60,70,3
51,72,2
2,9,16
18,84,29
45,69,2
32,52,86
21,71,52
17,42,46
32,50,89
6,85,70
81,85,34
23,66,85
10,29,50
27,52,10
58,72,23
16,52,32
48,71,52
16,62,11
59,86,61
0,31,51
19,73,72
37,59,83
61,89,83
10,66,66
59,69,98
33,42,83
14,17,28
11,40,77
29,65,77
58,70,25
40,79,83
28,38,68
3,61,3
22,45,9
32,61,23
83,88,74
11,25,9
5,84,36
10,85,92
14,60,40
2,69,8
65,87,17
15,77,65
39,81,73
24,59,82
83,91,67
33,59,78
27,29,69
58,81,84
18,83,71
53,94,84
70,93,73
73,75,97
83,92,78
18,33,17
41,64,66
45,55,49
15,60,33
56,80,79
85,89,73
29,68,60
12,62,57
35,80,25
18,63,62
11,20,49
32,74,22
50,64,86
47,89,1
47,88,55
22,61,80
47,93,8
32,73,79
41,89,5
40,42,86
12,82,90
77,93,80
33,52,34
67,68,19
66,91,31
72,77,17
21,73,90
39,94,43
8,29,56
11,37,90
11,77,35
7,90,61
54,65,12
39,92,85
0,66,53
47,59,32
36,52,60
24,84,49
5,58,43
20,74,53
28,39,40
27,74,75
11,42,74
18,85,39
65,86,47
11,49,89
75,87,27
14,33,36
20,31,61
27,83,54
30,50,55
41,72,81
10,14,22
27,75,45
54,88,50
33,94,14
16,74,99
3,43,7
47,92,91
21,78,32
5,47,48
82,85,28
82,83,27
3,29,9
9,74,76
5,69,13
51,67,4
29,50,32
48,51,78
24,83,10
18,39,41
58,94,14
46,82,1
50,86,88
13,77,99
17,54,47
59,72,60
12,75,20
15,39,64
15,19,68
38,89,55
58,75,64
3,51,28
10,88,98
10,51,30
25,68,35
1,88,11
10,16,74
30,51,84
31,48,15
19,43,40
16,38,86
45,59,75
40,46,35
44,48,28
57,91,76
42,87,6
16,21,89
4,82,32
24,66,10
58,77,81
8,17,82
69,82,63
35,37,28
40,48,30
47,94,37
1,54,6
26,90,26
67,78,29
74,79,70
50,92,76
47,86,74
77,92,15
31,59,48
6,45,35
54,91,6
13,62,85
34,93,28
59,88,82
28,37,71
38,55,67
3,90,43
33,84,96
10,19,81
15,91,63
16,34,26
9,72,33
13,75,76
49,68,72
41,80,39
89,94,83
8,12,71
5,20,76
56,81,76
15,22,19
0,45,92
21,54,90
67,72,97
44,83,7
19,76,84
53,90,8
46,50,28
8,44,96
18,20,29
57,70,50
12,54,88
2,81,18
38,91,98
1,26,60
4,33,61
19,47,47
5,25,97
21,32,71
2,37,77
32,87,55
35,47,6
31,47,18
32,90,42
62,76,29
34,79,4
21,94,88
53,80,48
11,45,98
6,83,7
31,39,23
50,85,93
30,32,1
41,48,61
14,16,16
48,68,96
70,73,3
16,79,69
53,79,96
21,37,79
5,49,86
17,31,44
42,44,54
22,31,5
87,88,56
45,74,70
17,94,78
12,32,74
59,94,50
44,90,68
71,78,68
53,69,84
9,43,51
33,43,35
42,56,41
3,34,28
38,54,45
55,71,72
70,90,95
9,85,73
14,22,92
33,37,8
5,6,44
81,82,46
18,37,27
12,87,45
30,73,82
30,87,4
35,68,2
44,81,65
65,69,68
26,32,46
4,72,77
39,91,38
27,63,82
3,9,85
10,94,30
50,69,89
49,75,30
24,50,25
2,76,15
48,83,94
35,61,40
52,94,50
10,68,61
50,80,48
27,65,45
54,89,88
68,93,41
56,93,65
17,56,33
8,54,58
15,81,2
15,53,35
30,35,26
4,42,19
17,60,98
21,27,57
51,64,61
55,82,17
23,84,36
12,57,79
0,87,24
21,52,43
53,87,5
8,94,94
20,85,51
29,48,66
25,52,31
11,72,75
30,38,18
5,92,73
54,87,72
37,52,79
44,94,97
28,48,71
18,24,61
57,73,52
72,90,72
1,32,34
51,78,21
40,73,12
11,31,1
39,62,8
8,48,72
8,32,23
70,72,91
10,12,48
32,85,43
13,23,24
60,71,66
39,78,15
23,59,63
2,61,23
20,82,75
17,53,71
57,84,14
61,86,65
2,54,6
6,66,57
40,71,23
0,20,74
53,57,41
71,94,9
41,87,54
36,80,76
77,78,36
58,78,57
57,59,42
44,62,61
6,31,52
20,34,26
15,48,8
33,77,91
22,55,14
46,94,88
15,33,14
4,74,78
37,73,69
19,51,88
52,62,42
15,26,6
17,33,1
22,44,72
21,75,46
23,67,46
78,82,11
14,31,41
45,49,94
34,47,57
38,72,42
3,40,76
41,60,44
12,84,29
34,75,88
31,80,3
46,64,74
78,93,5
10,79,26
16,45,11
22,74,63
68,69,14
71,90,87
73,79,22
4,5,76
9,62,43
43,83,25
19,54,12
41,70,96
32,67,70
84,88,35
12,13,70
6,50,24
84,89,39
11,88,30
47,61,35
19,35,88
51,73,10
18,91,67
15,62,3
50,89,78
35,60,90
18,68,13
72,82,90
42,83,75
27,72,6
10,33,52
25,91,84
6,36,62
57,93,27
45,86,68
41,90,50
15,74,14
23,56,15
1,7,23
20,46,23
33,85,84
10,30,83
50,60,25
46,71,22
46,92,77
41,49,84
84,90,4
54,82,9
25,94,55
72,91,27
51,59,73
62,68,50
62,72,84
82,84,64
83,87,45
8,86,18
12,76,72
27,36,6
38,83,44
15,72,73
65,83,82
2,5,36
46,78,43
57,88,35
1,71,26
7,36,27
3,73,62
55,83,21
37,76,1
23,62,63
34,60,35
49,94,59
4,66,83
53,82,47
68,74,14
4,62,68
40,60,45
7,88,6
67,71,40
62,94,47
5,16,30
61,78,46
25,86,49
13,41,67
73,87,50
9,77,39
35,75,55
60,65,25
1,3,54
42,84,7
61,68,14
28,32,92
30,59,98
11,57,53
20,81,77
26,27,91
43,53,3
36,74,13
13,63,13
22,50,46
14,65,88
15,49,64
10,45,80
6,49,99
0,8,97
28,50,12
22,23,31
32,38,81
28,58,59
45,87,15
34,38,48
5,53,8
19,33,78
26,43,65
61,62,57
16,87,71
32,78,57
52,57,58
36,81,93
48,81,56
27,86,36
25,37,76
21,87,22
70,81,90
51,66,87
54,78,61
0,11,39
5,73,9
59,73,75
3,77,49
28,30,72
45,77,17
2,53,30
36,42,40
34,45,67
21,51,35
62,86,98
57,71,64
2,19,45
11,21,30
31,72,5
39,70,72
14,43,24
1,60,31
40,69,16
44,56,20
62,83,67
28,64,18
58,92,57
20,29,36
8,16,84
17,77,71
12,89,13
1,40,4
11,70,93
69,79,30
27,91,26
55,91,32
39,88,21
45,47,47
12,80,36
2,34,91
0,32,46
14,76,66
5,70,55
18,55,28
25,43,90
49,86,70
30,44,50
34,87,92
6,47,10
11,89,24
40,93,15
19,20,42
38,48,73
60,64,77
51,82,29
8,59,58
40,61,13
57,61,67
11,38,21
8,20,75
76,93,81
56,59,24
1,8,47
5,28,97
21,34,34
46,67,55
26,37,14
5,50,46
32,60,33
4,55,61
28,43,97
3,69,57
77,80,48
55,60,90
19,91,17
64,71,87
13,60,24
41,81,18
34,49,40
26,64,3
17,87,36
12,16,66
9,49,92
29,89,58
10,50,73
13,67,70
9,86,34
7,92,15
12,60,99
21,24,40
3,20,55
71,84,1
4,8,82
4,94,2
28,67,90
75,93,10
25,60,24
23,74,17
79,94,59
18,73,35
15,52,5
34,85,91
86,87,43
19,32,73
39,86,72
16,83,13
25,74,63
51,77,92
26,72,40
20,94,3
15,29,17
60,67,76
6,81,48
27,30,11
29,66,57
12,45,65
19,94,2
42,65,95
69,72,98
39,44,59
8,66,59
12,72,76
18,88,79
16,57,68
51,75,88
23,33,73
15,83,60
40,64,17
23,94,39
46,83,31
17,86,1
45,70,25
38,71,30
27,90,97
41,46,36
47,51,50
19,30,25
26,92,22
75,86,12
2,43,52
44,89,22
52,89,18
10,22,75
27,69,45
53,67,91
27,70,52
8,64,91
25,88,53
50,79,50
31,93,67
3,22,22
57,87,19
28,77,90
60,93,63
36,60,76
5,26,35
58,84,83
28,79,62
28,91,88
42,53,67
14,91,16
54,86,86
61,72,21
41,67,12
16,31,2
6,87,62
68,86,92
20,45,51
38,86,96
20,71,78
5,34,41
8,31,64
1,92,43
56,77,41
4,14,78
39,73,28
66,87,6
39,40,81
32,92,87
61,92,89
34,64,11
17,52,15
1,89,37
27,73,78
55,86,11
23,87,72
47,65,36
2,3,68
19,72,18
30,58,34
0,3,94
26,58,90
34,56,12
28,93,46
14,67,30
7,31,87
58,91,13
34,80,13
68,87,6
20,24,44
7,59,36
3,58,1
12,93,89
50,84,34
7,28,13
0,77,27
22,52,6
5,40,23
12,36,92
38,74,47
45,82,37
60,69,61
42,86,45
1,20,97
56,68,90
66,94,2
44,79,13
3,13,33
45,71,47
28,49,16
12,33,63
24,25,47
11,78,51
34,84,89
18,65,34
69,74,61
43,49,33
37,50,8
45,85,61
74,86,57
12,73,99
21,80,9
1,79,31
43,84,30
23,32,22
70,86,63
18,26,25
36,54,27
41,42,27
28,75,11
43,87,63
9,30,9
19,46,34
65,84,90
37,89,80
7,70,51
6,10,84
2,17,16
44,69,1
24,70,73
30,62,22
25,63,75
61,64,79
45,94,65
58,68,57
17,78,78
17,22,80
76,81,1
0,61,9
65,90,35
14,51,19
86,94,92
15,79,84
3,88,23
2,12,32
42,91,34
18,77,99
44,92,25
46,90,34
28,90,14
68,91,59
6,21,65
81,88,66
28,89,46
0,54,63
69,73,34
19,40,86
58,79,41
60,90,11
3,87,98
0,12,20
16,67,40
6,64,17
11,69,57
17,67,57
11,15,35
45,46,95
20,89,81
10,36,86
1,21,74
33,49,27
0,59,18
34,62,94
28,62,83
45,89,49
39,71,65
3,28,96
35,51,17
33,86,4
14,39,29
15,80,76
6,22,18
46,53,9
15,84,20
0,92,84
65,92,61
65,66,52
56,63,6
47,90,82
69,81,21
49,65,23
30,42,94
34,88,56
46,58,26
13,31,7
50,72,99
6,39,81
2,82,30
59,92,36
24,35,97
2,7,56
6,56,33
66,81,11
70,91,38
30,78,9
49,82,36
8,63,78
44,60,39
45,50,23
14,47,72
26,85,45
22,58,71
13,53,30
40,88,64
49,63,24
32,54,93
16,48,91
54,74,27
65,67,74
23,65,2
11,54,81
33,62,36
68,75,93
44,74,57
41,62,54
16,42,47
60,87,44
86,88,80
63,70,71
34,59,44
15,45,75
87,91,59
26,87,97
26,56,63
45,73,87
39,60,13
22,88,72
2,36,96
61,75,4
49,67,25
15,90,29
37,49,89
39,54,70
22,82,2
40,45,96
21,67,96
13,61,95
31,43,43
16,32,95
23,25,29
14,46,99
47,85,28
22,26,72
54,92,34
13,74,11
22,75,19
7,43,4
6,58,50
30,84,86
19,38,31
14,64,52
43,52,40
31,92,85
80,92,39
80,91,93
10,91,3
17,92,22
8,47,67
48,90,30
13,58,11
40,63,11
71,82,30
22,73,51
10,37,25
1,93,22
26,59,37
10,55,45
10,61,65
24,60,56
13,28,41
1,61,12
37,68,42
56,64,33
18,89,85
42,76,51
2,60,58
23,82,47
13,87,2
7,68,74
26,88,50
29,76,75
0,76,1
20,43,29
62,65,86
4,65,30
59,60,20
55,67,64
1,90,85
27,87,67
12,56,43
30,41,52
32,57,57
0,43,89
0,18,81
10,71,23
5,29,70
37,64,31
42,64,82
26,67,65
7,12,20
24,51,73
26,63,63
24,55,98
13,56,96
9,65,28
42,48,56
42,60,70
9,52,75
35,69,74
34,65,13
7,67,52
12,85,39
59,93,59
35,67,45
52,78,63
42,71,42
10,38,30
8,34,16
79,82,41
35,36,77
26,91,78
29,70,21
11,22,49
31,33,83
20,78,95
23,85,16
26,35,98
34,73,20
28,31,13
37,85,42
91,93,83
34,41,37
16,88,16
11,66,28
8,91,78
54,70,33
57,78,66
28,35,73
17,30,53
0,83,64
0,93,16
16,81,26
48,77,28
0,62,53
1,86,5
73,91,92
1,94,15
26,44,12
1,34,43
24,32,40
10,77,52
72,74,11
5,56,73
18,60,62
20,90,33
66,67,13
76,85,52
67,84,74
18,79,4
17,58,50
31,73,59
32,34,18
77,82,32
63,93,10
34,42,11
42,88,53
65,75,46
25,36,58
38,66,65
31,44,2
17,43,44
39,80,89
55,80,40
31,89,82
50,65,42
21,81,2
11,33,8
39,76,34
4,75,70
67,88,41
4,78,84
60,75,27
71,74,79
19,29,17
16,58,39
32,53,78
6,41,66
30,75,52
0,19,55
3,16,19
70,84,74
16,36,15
61,67,16
52,60,69
19,52,15
60,62,52
9,57,23
14,27,64
39,68,28
0,21,88
7,22,78
41,82,46
20,63,26
56,73,26
3,54,15
3,45,73
65,76,87
39,82,93
18,30,34
12,52,54
49,57,64
7,35,6
18,64,48
17,19,97
5,88,13
28,87,22
16,72,67
1,18,98
21,83,67
38,49,97
18,93,12
2,86,78
7,64,81
85,90,70
17,39,96
44,85,89
4,56,28
46,73,21
16,86,66
47,69,66
52,74,51
24,65,46
4,51,4
30,53,38
58,66,97
23,69,78
27,89,65
70,74,1
48,60,6
25,42,88
35,76,79
82,90,21
6,72,96
48,79,71
47,70,67
5,33,6
79,81,32
38,53,65
16,71,7
2,56,88
24,31,62
63,65,84
53,68,62
12,42,71
7,57,97
15,30,15
68,82,57
4,90,97
52,80,52
19,39,26
32,68,36
26,62,81
15,69,56
28,57,40
9,59,56
72,84,26
30,88,45
12,77,48
4,76,37
7,63,94
9,41,13
8,83,54
29,59,30
31,76,18
0,51,13
73,77,95
33,67,97
34,48,62
28,92,78
41,52,63
2,18,23
11,43,14
25,27,23
29,44,18
10,17,86
6,9,81
27,37,79
41,85,79
9,78,97
1,51,53
0,38,39
71,72,81
59,66,58
0,78,1
22,34,94
31,36,58
45,60,45
9,56,60
27,38,97
14,73,7
71,87,55
23,91,10
46,75,24
14,20,51
69,86,63
45,76,51
60,92,36
22,49,65
62,74,85
14,44,62
66,82,41
75,78,56
35,43,52
35,73,66
21,89,48
38,64,28
8,61,32
27,82,6
5,14,10
18,80,23
59,65,21
26,47,6
12,43,62
1,56,18
56,78,89
6,75,64
64,75,1
44,46,10
71,92,32
44,55,65
44,45,31
35,87,16
3,4,10
37,78,67
25,70,79
48,69,56
20,86,65
56,60,23
79,80,91
21,38,56
9,25,21
7,56,76
27,42,34
16,53,64
0,91,40
13,18,55
48,58,44
3,56,28
55,65,78
56,61,66
16,93,1
27,55,51
75,83,47
7,93,10
13,37,92
80,84,33
22,68,55
15,87,44
12,20,2
70,87,44
77,91,99
17,71,36
39,69,53
21,22,87
11,79,6
46,89,89
22,32,53
18,29,40
52,85,7
3,65,82
73,76,9
5,38,12
60,79,75
9,84,28
22,37,82
66,71,2
50,58,10
29,82,95
0,47,5
31,58,99
22,70,73
50,91,12
17,75,44
56,91,45
40,89,99
19,86,44
16,82,79
23,27,84
61,69,90
7,42,33
13,90,18
8,76,90
15,61,98
8,39,68
61,63,4
46,86,12
70,79,21
0,27,78
32,45,60
77,90,78
74,93,57
47,62,91
20,56,11
14,55,3
65,78,1
12,51,81
54,81,54
1,85,74
23,48,10
84,87,11
33,57,19
7,51,35
13,32,9
67,92,48
60,89,51
25,90,59
18,25,79
44,49,76
56,75,32
11,59,80
2,94,29
1,27,51
41,55,3
5,79,56
74,92,64
28,61,62
7,86,65
3,39,26
59,80,50
31,94,5
19,63,7
4,16,3
72,85,32
64,67,75
7,83,22
25,81,73
30,47,37
40,51,26
0,6,13
35,83,30
34,82,83
65,89,60
4,68,63
27,81,86
36,48,63
46,47,69
34,76,72
44,73,95
41,73,7
4,64,88
27,32,36
46,65,68
25,56,70
26,31,9
2,55,36
22,51,9
8,38,89
36,90,56
12,49,28
16,84,62
1,37,91
6,19,29
30,33,60
25,82,56
10,31,47
24,88,57
1,46,17
10,57,35
86,93,87
15,23,77
86,90,78
15,50,19
26,61,89
6,44,32
39,48,44
46,68,7
58,76,8
9,31,3
83,89,77
61,93,67
14,35,45
43,59,13
6,79,38
36,68,16
26,53,21
29,32,37
42,81,16
31,60,10
1,24,73
45,75,67
16,54,82
7,48,76
37,71,19
2,28,3
20,80,94
53,54,20
70,94,40
23,57,67
36,67,62
61,66,35
53,88,42
7,44,7
45,79,30
6,7,54
36,62,97
71,80,10
0,4,44
1,39,99
51,76,25
22,28,82
27,46,54
38,90,10
35,46,73
14,81,16
2,13,31
74,91,83
17,61,2
37,65,28
36,92,28
38,79,47
30,85,70
11,26,82
51,94,21
49,69,72
42,66,83
44,61,82
23,89,7
65,77,91
2,38,44
46,84,15
28,81,21
14,72,21
13,94,72
69,94,41
34,91,58
54,62,61
55,70,46
23,26,13
14,88,69
22,93,35
18,92,9
8,14,64
40,67,92
36,61,88
21,88,46
11,13,71
6,76,19
68,70,15
68,77,2
11,86,97
47,87,74
72,76,56
83,84,27
69,75,90
23,86,25
87,90,43
9,34,85
4,54,11
44,70,19
49,70,63
6,62,39
16,43,10
1,42,74
35,59,98
43,89,72
3,92,50
49,79,66
43,75,4
74,77,14
36,89,40
35,74,69
20,93,12
17,81,72
44,66,50
50,94,94
31,53,50
6,38,35
14,24,30
35,63,8
43,71,7
40,80,40
4,93,58
3,11,96
5,94,49
1,83,39
15,28,43
46,51,28
2,68,54
2,47,8
13,35,80
3,74,61
10,43,91
8,24,67
40,74,31
41,88,32
11,35,99
24,89,74
74,75,90
2,16,95
67,87,69
20,62,3
27,67,34
29,60,19
67,80,53
13,45,27
42,72,11
64,66,30
4,84,99
46,63,93
11,90,85
8,42,24
45,65,94
13,39,35
67,90,57
8,36,15
28,53,59
3,31,86
26,93,7
17,35,19
48,85,50
31,63,20
32,83,97
20,57,82
45,63,23
15,44,2
8,88,60
67,69,23
4,44,77
5,61,28
24,72,72
3,23,46
32,88,10
14,80,84
29,43,65
18,31,96
31,41,29
14,15,34
4,67,89
29,61,82
7,94,26
55,77,36
22,62,11
55,61,43
2,66,75
24,40,66
25,62,38
19,89,35
40,59,18
18,72,47
42,43,38
67,73,37
4,11,96
2,52,59
3,76,66
5,10,65
0,37,63
16,44,7
2,8,25
91,92,53
33,36,43
13,26,71
16,33,52
25,80,59
12,91,24
78,79,69
2,64,67
59,91,11
58,73,36
10,13,2
23,39,69
48,88,67
45,91,30
1,84,19
53,83,86
22,24,11
17,47,30
7,24,38
12,30,86
33,60,60
16,69,21
45,48,68
4,86,61
43,79,44
34,71,38
7,52,79
10,40,69
21,72,67
13,22,74
19,70,61
5,82,76
47,76,52
14,71,80
71,75,76
9,12,11
30,89,54
26,40,48
2,67,33
63,66,99
85,91,45
34,78,24
5,63,93
37,42,32
17,89,66
4,21,65
22,60,59
28,65,38
32,89,3
35,48,37
62,64,30
16,18,62
29,71,67
59,85,21
32,84,58
68,79,24
46,66,88
4,83,56
1,76,84
72,73,92
32,62,47
51,90,75
18,40,85
65,79,59
14,23,26
7,71,43
0,68,53
16,89,68
57,58,98
35,84,22
41,45,58
39,56,95
1,10,33
2,6,65
44,58,36
74,80,71
13,29,43
20,58,85
12,38,77
34,90,70
69,77,52
14,26,9
41,50,34
42,51,52
5,13,72
17,36,37
4,23,74
85,92,61
16,76,21
17,62,14
63,81,29
21,25,30
36,82,93
38,40,17
9,64,47
6,86,47
47,83,10
57,81,20
4,88,53
13,50,60
46,80,83
71,85,92
49,66,5
15,43,11
30,60,2
46,55,32
43,55,42
19,61,84
7,87,11
26,80,11
51,53,59
24,79,41
36,50,54
4,12,21
19,84,38
7,50,67
76,77,41
42,45,2
35,85,74
26,66,25
20,26,78
36,49,48
43,91,94
23,58,88
50,73,59
60,61,8
32,48,48
1,35,1
28,70,29
17,21,66
9,76,99
44,88,85
11,60,68
37,91,62
79,92,97
27,43,50
2,46,92
73,84,5
55,79,48
66,86,22
8,18,64
5,48,22
42,77,73
1,17,80
29,33,70
7,10,60
27,35,38
20,67,78
44,53,17
1,5,82
20,88,45
62,69,31
29,75,48
77,94,2
17,72,85
65,91,35
63,68,87
22,83,86
38,44,86
36,40,34
6,67,96
20,33,57
24,64,20
80,81,89
47,67,3
5,27,92
27,62,42
60,76,29
49,83,81
9,94,65
52,91,5
4,69,85
12,90,40
16,68,55
5,22,96
9,11,29
15,47,88
7,41,36
13,40,8
6,12,77
21,50,89
17,82,64
38,84,43
11,75,93
34,68,87
2,44,55
47,57,30
64,70,99
29,88,64
37,88,21
46,69,15
22,46,24
6,69,10
30,57,74
31,70,5
43,82,21
36,73,97
45,81,25
11,67,93
82,91,38
54,66,2
0,72,40
5,62,70
30,36,74
17,80,3
15,41,6
25,84,7
56,71,75
79,93,52
0,82,83
29,35,2
5,54,8
31,45,56
39,83,53
1,70,90
82,88,6
46,56,57
56,83,49
39,45,49
63,92,83
58,63,54
26,75,16
7,49,1
10,18,97
53,58,4
79,86,95
3,25,83
8,30,58
24,47,32
20,55,94
33,80,64
2,62,86
33,89,30
37,44,82
43,69,33
29,36,57
29,80,69
5,37,4
6,91,97
62,81,41
45,51,16
30,46,46
53,92,92
34,81,84
92,94,59
6,55,19
41,66,79
8,10,32
47,71,45
9,29,23
15,65,15
81,86,94
7,79,20
73,78,36
38,63,67
51,74,7
3,75,42
48,56,15
6,60,59
24,62,86
52,92,59
13,57,22
30,55,69
35,65,76
0,52,42
43,77,74
46,60,76
32,51,74
18,76,48
21,86,12
16,94,74
38,60,66
35,92,52
64,89,82
5,31,99
11,28,75
35,50,39
90,93,49
75,82,81
52,90,14
16,64,28
42,80,74
32,69,83
69,92,72
72,92,14
71,91,59
57,90,4
13,82,7
46,54,43
34,94,16
42,57,4
68,85,22
16,80,71
74,88,71
26,73,7
1,73,84
7,60,8
26,82,40
12,37,74
56,82,46
6,46,53
15,94,2
15,56,76
34,53,44
8,72,67
62,93,70
59,63,28
18,71,19
68,71,4
22,92,53
55,84,35
2,72,94
76,90,6
52,64,18
70,80,92
32,66,59
51,93,58
43,61,79
26,78,35
52,87,1
53,85,94
5,85,41
26,81,80
47,66,23
25,92,88
3,18,1
29,67,12
4,24,4
27,48,71
57,65,70
28,54,46
30,77,87
42,47,82
41,44,57
14,94,16
3,57,4
31,40,84
33,39,45
1,9,68
7,75,9
23,72,92
3,72,48
13,24,65
42,49,22
11,47,48
40,50,30
18,53,77
59,68,33
25,78,2
41,74,32
3,41,85
40,54,51
4,85,22
37,70,41
21,57,43
5,30,32
76,88,76
56,62,54
1,62,42
14,34,40
58,71,73
11,16,68
37,90,37
29,51,74
36,37,19
5,52,47
3,66,9
46,52,27
19,64,61
40,78,53
89,91,71
39,66,38
4,43,10
1,6,95
37,46,49
34,55,4
39,93,61
42,54,35
3,82,64
18,42,51
0,14,96
10,59,61
81,87,37
56,65,14
27,39,20
31,91,69
10,63,87
5,19,33
26,28,97
62,67,32
24,82,30
53,86,35
67,91,62
50,53,55
22,29,81
60,63,10
80,93,10
24,92,96
43,64,78
32,37,21
21,46,90
74,89,1
9,71,74
54,75,34
52,66,44
16,55,76
16,24,24
84,94,52
32,35,3
34,67,60
2,31,75
61,80,32
28,46,17
36,84,97
76,87,20
34,74,49
9,42,24
5,59,51
37,94,87
9,19,72
76,84,98
50,75,49
33,34,69
36,45,68
78,88,32
16,49,52
45,67,50
31,49,46
27,93,10
90,92,85
25,30,62
47,54,26
64,92,20
21,28,17
31,82,28
2,45,35
25,79,80
21,45,57
27,53,24
13,76,41
16,75,66
3,70,84
7,30,29
2,32,39
49,74,97
17,57,18
10,62,47
15,92,59
11,87,2
63,84,73
50,83,72
27,28,13
50,67,71
9,13,52
8,21,9
9,45,37
48,84,33
12,48,84
44,84,8
48,91,4
53,61,71
74,85,9
57,72,81
47,60,53
31,90,70
30,45,2
6,84,54
18,43,27
65,73,92
15,93,86
73,93,68
46,76,12
41,84,23
51,91,70
31,62,67
63,94,42
52,59,50
22,48,89
37,92,46
39,53,48
10,34,84
46,57,45
42,67,53
24,90,11
24,48,28
14,45,28
43,93,87
5,87,24
35,53,9
25,47,12
37,83,72
3,19,52
65,71,43
30,48,26
38,68,62
19,82,20
62,71,29
1,77,20
5,39,92
7,14,87
29,47,89
38,47,38
40,83,40
8,93,33
33,38,31
56,90,34
38,65,80
4,38,78
41,58,64
69,89,73
8,69,25
45,66,41
2,59,75
27,40,76
27,49,3
6,94,57
44,77,57
10,48,43
13,46,48
12,65,32
29,72,77
51,65,7
14,62,54
0,7,9
76,91,1
61,73,10
52,73,2
7,82,49
12,25,77
4,91,72
20,92,15
15,78,38
51,57,13
31,55,48
29,38,94
43,90,66
7,40,71
13,86,2
13,85,92
2,27,22
6,30,58
6,29,71
70,71,69
62,88,40
46,59,99
2,41,72
20,76,9
24,57,11
46,91,58
1,75,53
72,94,3
62,90,3
38,39,12
20,32,42
10,11,7
34,61,79
25,58,12
13,89,18
79,88,77
13,72,28
46,48,23
17,73,8
50,55,34
72,87,28
25,54,28
13,44,20
17,63,91
60,88,2
51,84,78
4,52,40
33,65,64
22,64,76
8,56,38
36,57,16
1,68,63
3,55,59
49,78,7
61,77,45
4,87,72
14,54,9
26,60,81
39,77,91
51,87,46
24,61,25
84,92,48
65,93,25
9,61,96
12,55,48
17,44,79
37,67,98
23,52,99
5,78,91
0,53,29
16,92,24
15,76,1
2,74,77
40,52,73
10,92,2
55,90,78
5,36,57
28,56,40
28,66,83
31,52,6
13,30,16
61,74,25
4,47,35
42,75,9
5,57,71
58,64,30
83,90,84
33,91,76
37,47,29
7,23,5
17,24,21
7,53,19
1,72,86
7,32,80
18,67,41
46,81,86
6,53,17
53,81,48
27,61,54
1,41,64
4,50,15
44,87,55
36,94,81
65,68,94
22,90,35
11,53,52
18,74,20
58,62,19
10,83,90
8,81,21
18,22,9
74,90,60
21,79,72
33,72,1
35,81,68
3,36,35
2,75,40
14,48,71
51,69,38
0,35,8
41,93,71
67,81,15
6,24,62
8,53,24
65,94,95
9,44,83
11,29,62
61,90,63
32,80,83
0,55,75
30,76,3
25,69,13
12,35,11
85,88,31
9,67,62
3,8,66
15,86,36
33,55,48
2,77,98
7,66,86
30,37,12
56,79,60
66,92,27
23,36,42
42,63,89
53,76,38
19,65,50
60,74,49
40,77,41
8,37,57
44,82,54
22,72,26
9,15,86
64,94,14
43,58,85
3,10,51
37,56,1
0,33,74
70,92,81
3,53,42
3,35,72
46,88,24
38,41,75
42,59,51
13,54,37
32,81,55
75,84,87
54,58,64
1,91,83
42,89,23
73,82,3
47,68,31
74,76,72
2,49,66
8,77,85
46,49,26
68,76,29
20,83,4
20,28,53
7,73,42
75,94,37
61,94,19
55,76,90
37,66,76
56,70,32
78,92,5
22,94,38
9,40,90
34,37,15
11,30,2
41,76,4
14,18,72
9,54,70
43,66,22
20,36,89
31,34,80
30,94,75
40,66,89
49,60,14
75,91,6
7,78,37
25,40,97
31,86,89
1,67,12
6,70,87
74,78,42
34,83,28
25,33,52
36,55,24
2,88,54
43,74,16
49,62,37
19,87,95
20,50,30
30,40,65
24,68,9
21,62,84
5,89,36
12,88,76
42,79,96
7,39,80
25,28,51
5,80,66
39,49,58
38,42,85
12,26,24
11,50,64
16,50,62
45,53,71
36,65,29
19,92,75
33,41,33
56,72,81
4,10,70
63,78,60
14,78,32
16,28,1
31,69,48
19,41,30
15,38,28
29,53,15
16,66,58
28,33,37
40,65,65
2,80,14
10,58,78
30,31,46
57,68,58
12,83,30
16,41,90
24,39,46
14,89,2
18,66,95
81,90,67
14,53,43
25,32,49
35,66,4
18,54,61
38,69,73
80,83,94
5,55,27
20,73,33
41,94,24
10,56,43
23,50,58
8,74,33
22,76,42
76,82,38
49,87,45
5,23,28
26,83,26
24,94,74
76,89,92
9,63,90
45,78,61
23,49,35
44,51,73
1,31,77
33,73,77
33,88,12
88,93,26
36,83,49
24,41,40
58,83,19
59,74,95
21,82,18
8,62,39
42,50,96
66,68,62
9,47,58
15,40,99
51,71,36
19,50,31
8,55,67
20,30,86
23,71,93
41,56,48
80,94,52
8,46,71
6,15,42
9,73,88
13,42,59
86,91,97
56,94,67
7,62,15
33,45,76
3,78,1
49,80,73
54,72,30
64,76,18
30,65,52
17,76,5
15,46,25
8,87,68
82,92,60
52,79,27
47,73,69
4,70,77
22,85,75
7,8,86
21,60,98
21,68,3
44,47,51
20,38,8
54,67,70
52,83,96
9,39,26
64,77,55
33,76,69
63,87,59
89,92,70
16,29,6
52,53,52
83,94,38
4,53,47
58,87,84
28,29,73
63,64,39
20,41,30
72,89,50
51,52,4
20,44,87
27,59,21
5,11,92
5,8,79
8,52,19
14,93,28
19,62,14
27,84,54
51,54,65
34,70,19
54,61,73
38,51,66
23,75,18
49,85,33
50,52,24
2,15,17
10,53,29
12,67,15
31,42,96
73,81,29
38,62,42
26,38,51
22,91,70
13,19,33
73,94,45
53,55,29
0,46,99
21,53,82
63,88,80
36,58,56
8,22,76
2,20,75
79,89,80
21,85,89
40,55,97
2,23,29
29,92,35
42,70,81
12,21,17
4,57,2
50,51,30
31,75,74
14,85,98
42,61,53
22,86,75
54,59,25
81,83,59
36,46,75
27,80,26
22,35,52
9,16,35
2,39,32
37,39,1
72,75,20
8,73,87
5,68,6
24,87,18
55,88,43
12,78,41
38,67,89
58,61,39
72,81,44
43,68,11
3,85,54
33,54,94
29,57,92
21,55,75
63,72,2
28,45,6
26,79,52
13,68,18
10,24,41
20,91,17
23,53,65
5,83,9
10,52,88
1,49,48
1,28,55
1,14,76
5,67,56
3,32,80
26,41,89
40,68,89
24,29,45
88,91,23
26,29,63
30,90,13
41,78,16
64,83,25
3,27,13
47,80,2
0,79,98
48,93,35
19,60,54
14,28,79
8,35,37
28,83,84
3,44,10
56,74,67
4,39,44
2,25,71
59,78,89
18,56,42
28,44,70
25,83,44
44,75,48
43,62,89
11,81,48
53,70,36
53,78,34
75,88,50
52,76,28
65,80,90
63,73,80
36,87,74
27,71,75
6,37,5
47,81,63
15,58,64
37,87,81
37,60,16
84,85,15
29,37,66
25,38,11
26,51,89
37,63,47
18,48,30
1,25,78
1,15,92
48,59,60
9,75,76
75,81,8
4,9,26
26,69,74
56,87,66
17,66,77
1,45,24
23,31,95
4,30,30
33,83,58
14,63,48
57,83,59
20,75,57
41,51,36
72,88,86
18,75,86
23,28,41
68,81,20
21,56,23
24,93,21
15,35,28
43,60,86
29,52,85
18,32,94
9,60,9
37,80,32
6,13,95
28,72,68
43,73,33
26,36,61
34,89,84
37,55,39
28,76,78
2,63,71
23,41,11
50,82,79
57,63,23
48,57,14
19,36,28
24,34,38
56,69,34
6,43,84
33,53,32
10,42,55
25,87,97
64,88,80
0,16,47
22,27,73
2,35,79
27,47,42
6,92,66
4,41,77
84,93,31
28,36,76
9,68,47
64,82,97
0,71,76
19,23,35
7,20,46
5,46,75
54,76,63
36,43,63
34,51,67
29,41,65
4,22,61
36,77,16
47,64,99
25,61,11
51,70,42
1,57,95
57,66,37
11,94,27
38,80,56
10,86,45
73,74,38
14,36,49
18,50,23
54,57,59
14,25,12
9,51,92
30,93,56
37,75,52
10,28,54
32,64,11
14,49,55
35,49,39
0,84,61
5,43,83
11,64,65
28,52,31
9,22,12
25,51,96
21,35,30
8,85,81
64,87,12
21,29,19
52,65,81
7,80,95
29,34,30
30,80,75
27,56,60
23,77,20
78,91,20
22,65,39
61,65,79
32,63,40
35,77,34
14,86,68
39,46,92
1,63,82
27,50,24
37,53,24
59,67,75
14,84,60
36,64,10
74,82,49
32,39,79
40,41,44
44,80,91
19,22,74
8,49,12
13,59,54
63,89,12
15,24,26
48,66,34
9,20,86
21,92,3
37,51,8
61,91,99
35,72,41
19,28,31
62,87,3
45,64,63
55,93,48
61,76,96
39,75,41
3,15,20
59,64,39
14,69,2
17,18,15
19,37,20
1,30,30
3,80,2
78,87,44
22,69,30
81,91,69
60,84,22
4,45,64
37,81,28
40,84,49
16,90,59
13,52,2
9,27,59
50,54,27
18,46,3
25,72,41
4,89,15
45,61,52
27,64,64
40,94,94
5,45,29
45,80,27
17,84,50
28,68,22
15,73,68
69,78,81
9,81,99
43,85,90
27,54,55
7,11,95
78,94,25
13,73,15
63,83,19
67,85,1
36,76,46
37,79,83
55,57,13
52,56,87
13,17,90
9,18,41
55,89,61
65,70,17
34,44,35
27,78,79
4,31,43
11,61,79
6,27,31
31,57,18
3,38,7
33,71,58
12,46,83
66,84,67
24,69,80
1,11,50
42,52,23
47,55,77
59,61,43
14,74,46
39,55,56
25,65,21
41,75,86
16,78,11
0,0,0
