43,83,95
42,97,37
48,55,16
41,73,43
64,81,58
53,70,1
79,98,29
27,75,92
34,96,67
18,68,47
21,83,82
22,60,62
53,90,43
5,67,28
1,81,47
66,71,30
25,39,33
21,34,58
9,66,52
5,95,73
54,97,99
12,49,72
8,98,22
75,95,81
16,44,35
5,57,47
39,75,85
36,39,46
73,87,44
11,38,16
29,74,13
48,51,29
3,88,78
45,75,9
73,99,34
32,33,7
81,92,16
31,53,9
25,82,22
68,80,28
44,78,59
18,41,28
39,98,26
2,53,95
1,26,40
21,33,2
31,96,95
42,91,48
13,39,81
39,70,18
27,72,64
51,96,45
61,63,59
6,41,49
56,78,2
39,66,86
49,64,63
65,76,42
14,45,37
64,95,11
61,80,4
52,59,56
46,65,66
15,78,47
74,98,67
1,9,96
3,61,21
5,58,25
92,98,46
26,75,34
8,52,72
28,71,87
52,72,54
10,63,38
7,14,99
6,39,5
8,57,63
35,50,35
14,40,5
24,82,84
14,81,51
24,90,45
10,99,28
6,22,37
17,68,63
73,74,95
5,16,87
0,76,38
35,54,30
32,97,40
25,97,4
30,88,10
28,75,57
47,63,75
8,12,48
45,76,51
19,32,92
25,92,1
15,35,61
53,85,67
68,75,100
32,39,59
2,66,83
9,93,44
28,92,56
67,72,29
35,53,18
65,99,54
15,41,16
12,89,11
40,87,42
57,60,58
22,56,80
9,35,36
25,32,1
18,23,41
15,16,43
30,71,65
1,11,28
17,32,87
46,90,77
96,97,86
79,99,82
40,89,29
24,45,65
7,51,6
0,20,17
57,73,8
61,83,86
44,96,46
8,36,87
13,98,20
38,98,54
14,63,7
11,52,8
45,89,25
46,68,97
12,26,6
14,24,70
0,9,71
21,38,99
77,95,51
20,86,34
67,92,98
17,69,74
0,47,43
73,85,47
39,55,11
3,71,42
57,67,67
6,31,90
53,68,58
48,74,85
85,98,53
13,47,88
10,62,32
34,36,52
0,38,58
1,23,25
41,67,93
3,95,86
30,45,32
89,92,31
21,31,8
15,50,88
8,25,21
21,71,72
11,84,50
61,85,90
14,59,62
20,44,1
3,68,23
48,54,85
39,89,74
46,49,57
57,95,61
42,62,49
34,67,79
2,25,42
39,97,79
31,61,94
17,42,84
28,60,48
55,69,71
19,54,68
29,57,74
35,56,20
86,91,93
54,55,28
5,34,49
12,29,35
56,60,69
68,81,47
12,19,42
39,64,59
37,42,32
12,83,66
2,72,94
3,14,90
26,67,15
26,37,96
40,68,54
48,76,8
24,87,12
60,97,90
35,37,42
6,50,21
24,43,53
8,87,44
14,80,55
30,61,77
52,82,54
32,52,20
23,55,51
33,43,23
20,59,81
66,81,3
70,97,51
6,7,96
37,68,96
39,41,53
3,57,43
16,94,83
20,65,49
58,79,64
2,98,45
3,34,87
50,60,46
42,61,20
6,63,67
7,65,30
26,63,41
23,90,87
36,78,3
26,91,91
28,66,52
22,32,17
64,73,56
87,88,5
53,81,53
70,75,26
12,72,32
0,66,21
50,51,99
24,64,53
0,50,7
25,27,99
6,9,78
67,96,14
22,44,7
20,32,54
37,91,48
47,83,52
55,80,94
0,39,74
52,62,81
13,53,31
51,61,96
5,82,85
70,84,95
41,51,21
12,88,84
17,59,40
81,91,79
36,99,71
37,39,37
15,34,41
39,77,20
38,86,63
0,95,44
31,80,79
34,65,50
44,46,56
27,34,69
26,44,58
56,71,64
45,96,49
20,61,46
20,26,66
7,15,100
2,16,30
57,87,11
31,69,88
43,81,60
45,81,77
47,67,60
34,57,33
2,44,93
71,88,39
24,35,9
41,81,65
19,44,92
34,71,29
16,77,63
36,54,11
45,90,73
39,62,31
22,24,73
51,64,23
84,88,82
72,86,12
12,69,1
6,40,63
26,87,35
24,38,79
0,22,74
65,72,5
62,86,17
25,83,83
13,77,60
13,68,51
80,88,78
38,57,58
21,65,85
39,91,98
81,82,8
16,53,27
17,21,83
15,65,6
14,54,11
85,89,82
21,97,58
22,49,4
10,79,27
16,56,47
51,75,35
43,86,48
37,43,58
25,93,13
80,91,52
5,33,40
25,96,27
56,92,82
78,83,27
0,59,46
35,83,86
36,71,22
66,96,68
11,39,19
9,77,92
45,70,77
53,77,63
5,27,87
34,49,9
52,73,12
55,96,42
11,12,97
25,47,33
10,44,68
65,87,1
13,62,80
60,70,7
20,46,45
15,88,19
37,56,83
21,74,68
50,59,88
48,82,91
17,19,57
3,64,23
15,37,98
68,77,63
59,86,91
24,86,39
24,25,45
15,66,12
44,59,27
10,36,78
30,57,38
29,59,81
15,80,26
6,49,27
93,99,8
1,80,5
42,43,33
19,94,76
25,70,1
26,27,58
1,95,53
56,72,16
43,67,86
22,43,6
94,99,49
53,83,70
30,31,86
70,87,21
21,43,34
9,19,1
10,16,54
3,70,50
5,7,71
6,58,100
29,91,73
38,55,37
8,85,6
0,40,30
62,77,8
18,65,96
11,82,99
19,65,62
2,21,26
25,72,21
6,56,7
29,98,35
17,71,58
20,36,18
65,85,1
53,66,55
21,22,51
31,49,18
25,40,4
33,70,74
23,67,19
51,86,28
51,83,30
81,95,65
23,53,62
90,98,89
14,52,48
30,53,36
46,77,78
47,98,74
47,81,68
30,51,100
0,45,25
58,89,92
0,1,33
1,90,91
27,69,23
21,75,83
25,76,85
21,61,55
3,25,80
84,85,60
10,39,1
77,97,74
56,59,64
59,90,21
12,90,20
43,82,1
17,76,90
1,16,56
28,43,11
75,77,28
57,64,5
5,6,25
42,89,30
35,58,97
22,92,34
41,85,66
91,94,92
18,79,99
77,83,97
60,75,59
40,56,42
8,42,79
5,45,41
49,54,2
7,10,92
13,49,85
48,96,20
36,58,36
19,93,30
21,35,8
36,87,73
50,70,70
78,84,13
22,57,88
15,76,34
14,33,20
39,59,35
76,86,82
39,63,36
67,88,30
36,67,52
43,76,43
32,69,100
37,44,95
1,48,86
35,80,63
8,76,95
65,68,45
75,96,17
71,81,65
36,60,9
10,58,40
44,93,94
41,56,5
13,76,37
32,51,51
1,67,90
31,76,84
30,65,8
2,18,46
46,54,10
14,73,60
16,70,35
15,49,82
16,84,98
37,95,29
54,58,63
26,96,83
43,50,8
75,78,66
5,19,37
3,12,10
0,77,60
50,94,80
44,51,45
21,69,35
87,93,9
28,77,23
10,26,34
42,86,76
26,72,88
19,87,35
6,59,89
27,91,33
45,84,19
32,41,59
75,91,86
98,99,52
14,85,14
0,41,86
37,81,62
66,74,86
52,80,71
4,43,71
22,91,21
56,89,28
73,97,51
17,64,23
4,17,43
33,83,20
7,29,33
7,83,68
77,80,37
68,94,53
27,54,51
31,84,91
54,77,67
55,61,88
38,63,90
38,70,65
51,66,44
6,66,99
29,42,36
13,42,5
19,20,81
66,78,40
26,82,43
9,63,80
12,39,82
16,59,89
34,63,60
31,75,3
15,75,97
39,53,67
12,59,22
22,28,56
68,83,84
40,51,51
48,85,33
13,70,96
52,56,45
60,96,43
26,38,88
40,78,26
6,64,76
15,82,52
78,88,43
34,91,59
29,89,85
37,47,76
7,32,10
21,49,33
63,76,23
38,46,16
6,23,29
4,79,92
8,69,95
14,43,30
30,70,8
17,90,88
73,98,52
23,73,48
65,94,33
49,82,79
75,88,10
75,90,27
10,12,33
36,37,65
9,99,70
1,6,20
47,64,22
20,80,68
20,54,76
27,50,95
13,72,49
96,98,88
22,85,75
43,99,26
40,44,31
6,78,85
9,22,15
13,22,84
57,85,75
27,85,1
51,88,95
43,92,11
41,57,43
30,98,89
23,80,63
43,51,64
49,59,23
31,70,94
76,83,88
9,52,9
26,99,80
23,91,43
48,66,48
50,62,94
29,48,73
65,80,63
37,58,15
52,61,16
54,82,23
16,24,14
47,66,70
41,60,77
56,74,93
37,48,88
31,51,11
3,81,70
49,92,28
75,86,1
54,65,20
58,59,30
39,61,25
22,79,15
11,43,64
31,62,31
22,62,35
53,71,44
0,7,49
15,67,39
18,60,52
63,86,15
75,98,29
9,61,26
80,96,81
38,88,53
18,76,47
26,40,89
28,42,14
63,67,23
22,26,81
3,51,95
52,77,28
29,47,14
13,92,89
60,99,43
63,64,43
0,24,50
14,21,42
24,59,23
52,89,60
46,52,55
24,54,61
86,94,79
10,32,29
7,26,77
84,94,98
58,72,84
7,28,99
18,70,99
12,57,10
10,75,73
33,37,74
15,93,27
30,50,56
40,95,45
4,66,32
52,88,95
53,57,47
4,41,48
12,98,14
64,82,38
64,83,6
0,12,73
12,62,44
52,84,98
38,65,98
4,19,35
12,44,47
72,83,15
66,99,37
62,96,36
2,5,78
47,69,16
67,78,48
3,62,74
3,75,41
3,91,52
11,69,84
42,83,8
46,47,94
4,45,68
14,44,14
70,79,58
49,61,95
3,87,29
1,99,19
33,64,87
19,58,5
1,53,97
58,69,90
10,55,10
43,91,48
2,42,56
5,50,46
80,87,39
41,44,11
24,97,85
11,74,52
44,74,60
59,70,3
1,27,42
50,80,64
15,19,63
42,74,64
8,96,84
28,83,97
79,97,65
74,99,49
51,94,28
18,34,11
22,30,55
5,76,19
49,66,44
9,53,11
42,75,96
24,89,79
57,79,25
59,81,73
37,72,52
15,79,27
60,78,21
0,91,91
35,88,99
65,89,98
6,11,71
17,37,7
29,66,86
0,78,63
10,15,86
44,94,58
29,79,21
3,60,63
52,83,99
17,99,15
11,79,40
24,57,76
39,52,80
33,86,58
24,74,81
5,63,74
9,26,32
21,50,51
41,64,28
37,75,9
43,75,28
23,89,57
52,76,15
31,91,47
11,81,51
2,8,94
30,40,5
37,66,66
22,84,80
25,35,51
1,93,33
45,93,42
22,86,49
46,93,11
4,83,27
19,79,51
35,44,12
12,91,65
31,95,68
41,98,12
77,93,74
7,38,13
62,76,31
63,69,100
34,77,59
46,79,56
52,58,59
35,41,32
44,61,87
26,46,96
67,74,44
69,74,89
15,62,74
3,92,52
34,89,94
29,78,73
35,62,15
15,60,51
33,49,27
17,77,83
19,25,22
0,25,42
17,80,19
11,85,31
30,46,59
37,67,29
21,99,2
27,39,49
43,47,53
17,95,70
20,56,44
19,80,100
3,21,11
63,75,99
17,66,28
40,62,8
27,43,16
13,18,75
42,96,58
21,36,7
8,67,24
52,92,81
33,53,58
86,87,59
45,61,46
32,86,92
1,47,53
4,47,44
89,99,10
67,84,38
35,76,65
74,95,49
87,98,78
14,88,97
59,85,35
1,75,32
4,93,99
46,85,17
24,80,4
34,52,81
4,68,97
26,57,99
55,67,15
23,74,75
2,12,95
11,75,14
18,77,68
10,41,10
77,98,63
28,54,62
0,70,57
67,82,17
26,69,58
50,75,56
63,78,53
76,77,41
11,41,58
48,52,92
70,89,35
84,99,10
61,99,84
18,20,23
62,63,33
6,57,78
53,61,27
11,77,7
8,58,65
19,78,2
40,73,47
1,21,19
11,40,25
13,89,39
58,85,50
56,84,48
38,58,31
44,69,9
29,50,50
18,78,46
28,85,38
81,85,46
37,89,83
1,4,42
92,99,52
57,65,16
25,33,73
24,34,74
26,59,100
14,95,48
28,88,20
51,72,82
18,52,3
17,84,33
63,73,20
19,35,99
28,69,38
39,99,71
0,5,71
73,79,25
75,99,44
4,64,26
8,43,57
12,32,62
26,29,52
48,95,89
35,51,21
4,48,48
19,99,69
34,38,68
3,44,65
27,31,37
6,46,3
50,97,48
10,13,88
28,33,49
29,96,38
42,53,37
0,55,54
42,65,60
2,52,36
20,99,69
36,84,52
14,38,52
7,23,7
16,76,48
63,72,24
84,91,39
29,70,35
4,12,88
68,82,78
12,46,57
0,0,0
