22,38,3
8,19,35
7,20,61
4,40,61
8,53,94
30,36,42
11,14,29
0,43,23
36,56,81
6,10,18
43,53,63
35,56,96
38,43,47
13,54,63
17,48,4
42,47,32
20,46,21
17,20,92
34,42,36
8,32,22
20,33,3
6,18,73
28,55,18
6,47,59
6,28,50
2,10,15
3,4,7
23,35,82
7,27,24
10,12,67
38,42,57
4,16,17
30,50,67
4,20,12
10,31,25
16,17,31
27,44,47
23,55,96
13,22,52
22,48,63
24,41,44
19,24,35
23,26,86
29,38,4
7,36,78
40,54,60
31,43,24
20,39,20
3,33,89
40,56,5
7,35,55
11,42,29
39,54,67
23,30,59
4,10,19
27,35,71
29,44,17
15,17,50
33,54,72
12,24,82
19,54,13
10,33,19
18,20,86
22,45,82
1,56,83
12,40,50
26,37,49
30,33,25
28,49,28
35,50,74
11,51,21
4,27,29
29,53,69
11,43,54
6,56,78
41,50,59
11,27,40
43,47,44
2,47,69
6,19,19
22,35,88
5,33,11
21,35,86
38,52,71
35,45,35
24,37,35
16,49,59
14,20,67
1,9,28
24,28,6
14,51,39
27,37,50
29,39,54
24,39,77
11,25,99
3,20,30
0,30,34
26,41,15
10,29,100
13,36,86
7,43,10
13,44,94
8,45,76
15,41,47
12,53,100
3,26,59
23,31,19
11,29,3
44,56,10
16,51,57
20,38,8
47,56,81
14,27,33
22,47,79
28,41,12
35,55,2
20,36,13
17,50,35
21,45,2
10,17,61
2,8,98
21,48,19
11,45,18
18,35,69
40,50,58
23,56,47
26,28,4
12,43,49
12,20,63
18,44,27
32,55,74
26,50,26
46,55,78
16,38,66
4,26,90
23,28,52
3,38,34
6,39,57
41,43,37
17,53,93
0,39,92
7,40,99
18,26,88
19,47,61
7,8,20
14,56,64
6,15,63
5,7,13
16,45,28
10,53,19
12,32,71
29,45,2
16,47,21
19,50,89
2,26,10
9,17,61
18,48,63
45,52,98
4,8,96
18,46,98
0,22,73
10,55,75
16,20,89
39,51,45
0,0,0
