22,90,66
82,98,99
74,92,72
41,74,60
4,78,96
6,17,82
55,95,34
15,81,2
10,93,49
76,81,46
11,90,26
5,46,56
39,90,11
33,55,91
10,51,18
17,25,69
44,81,98
12,70,69
28,49,54
28,87,97
11,30,39
32,35,77
7,72,14
20,50,14
89,95,33
16,34,19
52,83,9
37,61,92
27,87,96
5,33,14
1,56,39
22,77,44
15,20,95
4,81,6
63,84,10
58,82,20
23,43,33
4,31,99
30,91,27
27,45,89
23,30,44
19,80,57
33,94,3
38,75,42
48,83,28
50,78,84
4,52,1
12,97,54
63,76,25
55,62,84
15,24,5
81,83,40
62,77,44
3,63,2
24,71,82
52,64,61
54,67,22
11,53,76
22,66,67
28,85,85
3,70,43
1,4,16
25,69,97
9,97,7
30,57,21
51,90,23
5,25,100
23,61,2
54,80,8
31,91,39
40,56,97
8,46,53
31,69,19
79,83,81
36,56,56
21,77,68
21,24,42
17,19,58
7,29,71
22,98,98
34,78,52
66,72,14
21,54,14
30,73,31
4,35,4
6,48,59
75,84,20
22,96,57
27,38,4
62,89,83
69,84,31
43,59,31
58,69,28
43,78,43
61,87,81
43,46,11
27,44,49
87,96,5
9,44,49
15,38,85
35,75,57
2,91,43
30,75,77
28,91,61
64,82,1
85,89,49
49,68,75
36,38,89
39,40,75
3,5,40
41,62,65
48,67,98
30,64,16
47,97,75
80,86,64
9,63,12
79,92,49
88,93,83
24,56,27
22,80,77
5,86,33
55,98,42
41,71,60
67,91,21
23,51,57
11,12,36
5,82,77
6,65,60
20,61,98
80,83,7
12,32,79
44,61,71
9,32,82
18,45,58
17,81,71
69,71,94
0,21,79
2,61,99
11,61,83
60,86,83
9,62,62
34,56,47
48,68,77
23,63,31
26,27,18
20,93,88
22,92,92
74,81,61
7,70,46
11,29,93
68,69,39
28,41,33
45,56,90
68,81,94
29,66,80
21,61,16
0,76,69
16,50,37
15,82,17
12,23,59
7,57,64
33,96,35
8,65,99
5,26,46
39,57,26
9,21,19
1,60,3
16,55,94
5,9,55
34,36,44
21,68,38
81,96,15
41,81,34
50,89,21
79,85,35
0,38,92
50,69,27
27,47,45
46,81,82
23,39,52
4,92,46
80,87,82
62,72,19
29,37,56
29,30,21
0,12,1
30,35,23
19,41,68
72,76,60
21,94,64
43,47,87
12,36,62
8,71,17
4,46,3
1,36,96
17,42,59
58,70,17
70,84,14
10,37,69
39,73,63
11,71,44
26,68,82
5,15,83
4,76,100
14,47,59
42,75,76
44,89,31
19,71,79
5,61,66
34,42,18
18,61,4
45,72,59
55,65,51
14,81,38
8,41,7
16,42,37
81,82,99
17,29,8
22,57,79
49,92,49
25,64,90
40,76,12
7,92,74
9,95,5
62,81,89
68,91,90
42,49,26
47,91,36
45,83,51
12,50,74
41,45,16
3,15,36
30,86,86
22,32,83
16,80,53
1,80,61
40,42,23
16,60,16
13,60,84
34,85,10
17,44,44
20,21,26
31,92,60
4,13,46
68,96,61
16,27,21
39,75,74
2,16,38
32,70,24
15,97,49
12,56,93
60,73,30
24,44,3
5,8,70
58,98,71
17,74,14
34,45,67
35,97,78
51,89,99
66,75,54
14,75,76
15,85,95
59,84,28
2,37,98
79,89,82
12,58,9
44,90,54
74,84,68
46,69,67
41,47,32
1,76,85
4,95,63
23,33,55
64,88,31
25,97,14
30,53,5
66,88,9
41,64,50
10,73,51
35,78,100
22,93,100
87,88,48
70,88,48
53,63,74
17,76,13
42,71,39
7,98,46
69,77,97
9,18,78
19,62,6
1,48,99
24,28,22
79,90,40
35,81,43
73,98,8
30,69,81
17,93,97
10,67,45
52,92,72
46,96,13
82,89,14
46,63,45
61,89,64
2,55,2
68,75,65
33,52,27
82,95,85
1,22,18
11,74,79
2,52,34
18,62,54
24,54,96
61,98,58
27,84,100
55,60,70
54,87,52
79,81,82
21,34,14
66,98,76
55,97,100
1,33,17
69,80,89
56,70,58
9,70,43
82,91,62
52,74,72
82,85,41
52,62,91
41,69,64
89,94,65
8,44,73
18,66,82
72,79,15
49,51,87
18,98,30
16,54,18
66,94,19
31,47,76
6,44,40
11,16,80
17,36,15
45,91,98
23,50,76
25,91,30
46,57,52
9,46,16
24,50,93
26,35,82
31,41,56
33,81,21
16,66,64
11,76,6
33,50,11
29,42,84
12,45,91
59,80,72
12,15,48
32,76,51
84,98,99
70,73,1
6,37,91
41,65,66
7,62,44
39,42,46
12,40,97
13,50,57
36,68,50
39,85,40
35,58,91
71,78,39
16,39,12
33,35,13
43,57,21
16,71,77
31,68,32
23,45,86
26,39,10
49,50,48
3,56,60
54,94,36
52,89,80
1,25,17
28,44,78
47,61,27
21,96,96
10,96,51
8,58,32
21,57,52
73,83,74
48,93,42
28,42,51
19,66,84
81,95,17
75,88,51
27,39,13
3,42,22
46,76,11
48,74,78
20,33,4
69,93,43
10,65,46
17,97,87
5,49,38
7,22,100
29,62,22
6,23,75
13,56,85
40,64,97
2,27,91
24,91,77
57,88,37
3,26,68
56,98,79
10,19,51
4,93,74
9,60,8
12,94,41
60,89,20
52,65,64
14,19,97
22,49,45
47,48,42
31,90,49
7,84,70
53,82,75
70,87,66
15,35,91
65,70,83
78,82,8
77,95,57
0,96,44
77,82,48
49,96,54
53,56,17
70,79,68
16,17,25
19,40,34
39,47,30
23,94,28
63,85,54
7,38,34
7,14,42
43,94,51
90,93,56
75,93,30
37,96,59
61,79,22
49,79,35
23,46,100
31,93,67
9,34,3
14,74,12
34,80,8
63,75,96
33,58,97
72,85,33
19,44,22
62,80,37
3,27,69
12,16,58
57,92,41
76,78,79
39,61,95
50,92,31
53,72,52
37,68,23
1,81,53
15,96,76
10,27,7
32,50,53
26,71,63
43,70,92
27,94,46
10,34,100
3,59,29
44,77,5
30,68,1
67,90,54
10,43,34
61,94,96
50,80,89
32,74,39
6,43,88
9,50,75
32,51,60
47,72,20
68,74,68
25,84,69
47,89,57
17,79,40
20,55,54
69,72,87
0,73,100
60,98,47
72,95,96
21,55,48
7,41,10
36,64,17
3,94,56
2,34,73
1,40,27
9,15,39
46,62,55
3,12,16
21,91,21
5,27,87
17,66,26
50,63,84
11,46,67
42,82,28
46,50,27
21,78,56
59,87,82
72,73,75
51,59,96
56,75,75
61,62,84
26,36,30
45,49,11
51,95,97
92,96,2
63,66,23
63,90,84
55,72,46
47,83,40
8,56,58
23,47,80
9,82,82
4,65,79
37,39,71
49,78,37
28,89,90
20,82,29
14,64,53
3,11,86
5,71,65
6,24,88
37,47,20
49,61,39
66,76,63
38,56,77
43,64,42
28,39,62
11,89,14
34,63,58
34,64,88
60,65,74
48,62,76
64,93,59
46,52,32
35,90,23
19,64,20
53,77,92
21,28,65
28,69,48
3,72,32
19,33,26
3,76,92
11,65,40
91,93,100
38,43,65
5,74,98
49,56,84
67,79,9
2,79,16
9,66,83
37,71,80
45,90,23
6,33,29
47,67,10
23,69,5
0,25,45
62,65,53
60,82,70
44,96,6
58,67,27
2,68,61
33,97,23
26,94,44
26,79,14
8,75,54
28,94,58
24,94,26
31,65,95
53,69,15
29,69,91
1,17,79
13,41,50
32,42,66
10,95,38
55,91,90
80,85,84
29,47,51
14,33,32
80,93,63
1,59,37
16,89,9
18,44,56
14,34,62
34,59,46
5,69,6
9,22,58
54,63,59
29,80,58
40,72,71
27,55,58
37,40,70
69,70,89
58,81,79
36,48,44
67,89,92
35,55,82
13,95,33
79,94,89
37,70,92
23,41,27
16,19,70
7,54,84
4,7,48
16,90,69
34,75,57
80,89,18
51,65,36
48,60,35
13,54,81
15,88,78
22,50,82
26,38,42
15,89,60
31,34,84
28,33,19
11,18,62
13,27,80
66,80,44
56,65,15
36,57,23
42,68,52
39,68,35
27,69,65
3,89,29
19,59,66
15,53,52
12,22,35
0,23,20
25,43,7
19,51,62
20,51,84
46,61,2
55,73,97
45,88,14
34,89,29
43,58,32
83,90,57
28,56,13
83,84,98
0,33,22
29,82,27
77,98,36
47,93,62
1,58,30
27,31,1
32,37,82
53,95,45
35,61,40
64,65,13
61,83,88
5,72,57
83,87,81
36,88,14
1,98,7
30,65,69
17,86,24
44,76,65
0,5,44
10,13,11
33,47,35
4,26,20
22,55,42
34,48,68
67,78,17
26,89,1
64,85,23
2,35,50
30,93,69
43,45,59
55,64,73
25,39,47
36,46,41
77,97,12
12,47,77
12,31,79
65,86,89
24,42,65
14,79,78
60,81,91
9,45,7
12,30,39
49,75,59
20,96,73
23,27,71
15,23,55
44,84,63
28,73,30
16,36,43
41,94,64
16,67,60
15,90,92
78,86,37
75,78,16
77,85,65
50,55,19
30,87,91
54,82,20
6,15,79
65,80,29
18,33,24
1,44,95
28,64,29
50,90,55
35,79,83
65,69,14
30,92,62
14,85,28
54,64,11
39,89,70
1,92,39
54,66,2
37,57,17
53,83,7
20,23,49
55,80,2
19,34,15
22,82,93
18,47,74
23,67,35
19,90,13
0,89,28
67,87,9
28,55,61
21,50,90
45,68,83
42,61,52
1,26,89
41,90,43
46,71,58
35,70,75
28,51,6
77,79,22
30,70,50
50,67,89
42,74,87
64,84,64
63,65,100
15,77,70
4,62,42
67,83,34
38,76,39
20,91,75
39,80,24
3,67,71
10,60,45
36,42,96
30,40,33
67,72,80
14,55,52
27,42,17
26,92,48
62,88,43
41,70,73
18,72,98
39,59,13
29,81,43
0,8,19
41,93,84
6,83,58
25,36,37
85,94,40
6,59,92
11,33,56
89,96,22
3,96,76
23,38,40
6,81,23
9,65,45
47,56,59
18,86,55
5,76,14
11,35,54
32,34,11
65,75,63
34,55,32
49,65,9
12,51,10
63,96,54
62,68,88
26,86,29
81,98,66
23,84,20
48,78,56
9,98,23
52,78,52
14,56,59
18,43,75
54,59,91
13,78,89
62,96,48
45,77,4
45,67,60
11,64,17
29,63,58
9,33,95
5,80,30
11,22,100
45,98,78
10,59,90
64,89,36
8,59,64
21,39,31
88,89,61
43,69,25
70,85,88
13,92,3
29,57,70
24,35,67
12,68,84
57,69,76
38,67,9
13,97,55
3,10,31
14,94,62
47,55,73
23,95,55
59,81,17
58,96,92
27,76,7
42,64,49
1,83,29
39,53,69
2,17,14
10,62,84
38,95,95
32,33,69
17,50,14
16,21,13
35,91,6
33,85,40
7,68,62
26,98,43
5,53,35
5,32,30
0,27,56
58,60,1
30,61,16
15,46,94
72,74,99
36,49,96
27,64,95
69,92,55
41,56,45
23,56,11
15,95,27
14,65,15
9,56,51
40,67,52
37,60,22
30,39,76
24,69,35
7,77,54
47,62,2
11,42,92
55,82,27
7,15,97
23,44,20
71,80,70
27,75,37
10,94,88
65,84,12
68,86,8
16,64,83
24,68,95
7,60,57
25,96,83
5,63,87
8,18,55
35,74,24
17,32,79
7,59,8
21,71,80
58,63,21
25,71,10
36,90,27
37,45,14
80,96,88
36,61,8
5,73,94
60,74,82
20,46,83
56,82,46
5,13,38
55,88,97
3,60,67
42,56,40
32,90,79
4,97,24
15,44,9
35,39,58
35,54,55
0,35,55
4,90,76
10,49,15
11,82,57
94,98,28
1,20,17
59,75,18
0,77,58
8,16,71
74,86,33
7,17,76
27,40,52
19,95,76
5,22,37
76,88,15
45,64,72
53,55,62
2,40,4
69,90,83
9,57,83
47,71,92
75,91,2
11,48,77
45,73,25
1,54,81
26,75,82
74,79,87
48,89,28
51,75,43
24,93,2
47,50,5
27,36,99
4,75,91
58,85,85
63,79,83
65,68,70
53,71,18
22,58,38
70,74,24
89,93,10
12,60,49
21,83,38
22,52,54
35,87,30
18,32,57
20,44,61
22,41,21
23,36,66
42,78,76
36,66,48
58,89,39
31,85,34
50,59,60
38,54,49
80,84,41
31,45,83
14,52,80
52,68,32
3,14,75
14,26,67
5,96,95
19,61,89
57,67,36
29,76,34
70,80,4
72,86,78
10,26,5
8,14,86
5,35,32
63,69,39
5,29,3
4,6,39
64,66,39
9,17,3
14,76,48
55,68,76
3,43,34
23,91,87
29,60,85
7,46,57
49,60,62
81,85,79
13,40,68
70,77,17
66,67,69
14,28,12
31,79,87
0,78,82
76,85,97
21,95,4
43,71,91
18,58,9
25,78,75
59,76,73
54,83,86
17,88,60
53,98,61
46,93,67
17,78,40
17,57,2
88,94,67
4,37,16
35,42,83
31,61,71
0,9,59
14,71,77
7,25,2
2,31,77
38,60,24
0,65,58
22,26,79
31,71,35
6,98,97
36,89,45
88,97,67
38,87,40
6,58,40
13,71,82
65,66,84
27,82,59
21,46,1
12,24,12
55,56,98
27,72,93
56,88,5
33,66,76
50,75,27
71,81,70
19,38,2
2,63,97
49,97,41
85,92,23
47,80,86
31,67,49
13,21,66
32,47,51
87,91,42
12,49,12
24,75,98
6,42,92
22,54,51
82,92,29
23,32,13
33,57,43
0,47,70
29,67,41
34,72,21
22,33,24
25,59,83
8,66,2
13,74,38
1,65,90
21,44,14
12,20,64
16,94,77
29,59,52
24,88,67
11,56,1
16,38,37
15,26,12
32,66,18
26,88,71
9,37,14
15,74,41
47,95,95
19,49,1
53,75,51
57,70,70
1,8,88
17,56,61
60,63,22
79,97,96
39,63,10
45,80,20
54,75,27
46,54,40
2,20,42
13,98,4
0,44,85
71,97,18
38,84,25
19,85,55
55,76,26
24,57,81
16,85,80
28,53,53
31,52,84
4,83,26
23,74,69
29,40,30
38,72,60
75,76,93
17,54,88
21,79,83
44,64,61
3,32,89
40,51,47
23,52,9
63,98,91
31,33,40
9,92,37
21,97,97
38,90,27
79,93,84
56,74,11
1,86,7
0,86,16
50,70,64
15,78,62
42,62,60
38,55,73
6,12,74
18,35,9
52,87,11
57,63,3
53,90,100
38,97,72
7,40,90
44,52,33
20,88,4
62,98,52
35,65,45
5,54,42
52,88,92
7,45,14
41,85,14
47,52,86
22,91,33
78,91,98
29,96,44
19,69,33
19,88,70
8,39,27
0,90,35
12,90,88
15,72,63
31,98,69
21,75,94
48,81,99
34,67,88
6,82,52
3,33,82
52,55,70
32,68,34
73,85,43
15,84,88
26,67,28
3,31,40
7,75,68
26,64,19
16,40,16
63,67,20
49,85,21
36,80,77
54,65,3
22,61,21
36,59,97
32,55,31
31,58,46
49,72,34
53,68,16
37,73,62
1,45,49
41,46,70
72,97,17
19,39,16
49,80,16
74,88,27
9,38,28
21,73,11
19,32,47
57,75,21
59,82,91
29,68,64
41,61,78
32,81,76
8,35,78
7,82,48
47,75,33
32,52,85
1,21,79
29,78,82
9,43,59
25,32,53
16,45,55
34,53,54
27,86,86
44,53,53
86,92,21
14,38,43
29,94,45
62,95,95
51,93,36
34,90,89
5,37,78
60,67,13
61,90,30
30,83,68
10,69,32
34,51,53
14,78,77
18,92,29
40,43,87
6,76,17
21,38,52
26,37,37
15,29,45
45,76,97
10,57,2
8,15,16
94,97,85
7,31,17
28,48,1
48,54,17
56,73,31
11,52,48
85,91,92
31,74,3
22,46,98
14,27,10
28,74,66
0,19,50
77,78,22
6,20,84
7,85,83
4,60,42
60,83,83
69,88,69
29,31,98
41,82,10
16,96,85
6,52,54
8,86,51
48,80,71
15,58,43
6,90,91
17,60,2
2,3,52
2,59,40
71,98,34
29,33,23
21,27,79
46,77,47
40,81,38
29,97,18
14,30,62
2,94,40
44,55,74
0,55,69
40,59,10
22,85,96
3,58,90
37,43,87
0,64,39
11,78,37
1,64,10
17,18,43
36,60,55
82,96,49
26,90,33
13,67,70
8,22,65
6,47,77
5,41,94
60,70,71
3,19,77
34,76,44
41,44,56
28,97,52
77,88,90
7,64,79
31,59,19
17,70,88
7,35,93
0,20,73
48,56,48
22,67,75
7,73,49
18,41,37
35,69,82
29,55,71
59,77,58
16,35,66
26,61,21
25,92,36
43,96,51
2,92,60
25,46,91
57,89,47
26,43,46
41,79,83
6,13,49
32,95,59
30,82,3
2,7,12
12,55,26
40,90,66
44,98,6
15,75,55
15,22,10
47,74,19
42,63,95
22,71,51
16,43,94
4,91,99
62,73,21
9,54,15
40,96,92
43,72,66
30,41,10
3,73,62
34,58,46
27,98,88
58,74,57
37,81,74
25,81,98
11,21,48
15,33,85
55,96,45
24,26,46
6,77,9
42,91,36
29,58,37
5,92,45
12,18,85
32,43,84
17,61,50
33,92,78
44,62,61
25,45,77
69,83,16
83,85,61
44,47,92
69,76,65
46,80,1
10,56,39
55,93,12
10,79,4
57,60,92
84,91,81
46,82,65
1,85,80
22,24,33
46,64,12
26,58,23
21,40,91
18,93,15
0,26,99
18,88,90
51,61,26
14,54,72
16,29,63
16,62,81
0,87,88
47,92,31
32,69,99
83,95,14
80,94,2
50,62,97
2,45,6
25,26,46
20,69,86
28,80,76
12,35,45
8,42,77
82,97,17
25,88,33
3,41,52
5,90,95
10,46,35
56,57,45
41,92,85
54,56,29
34,71,88
51,56,74
22,25,24
28,50,8
79,87,51
0,6,4
36,39,48
32,53,31
58,71,33
42,97,97
56,97,35
63,82,75
46,91,33
81,93,64
63,71,82
3,25,51
37,54,32
68,88,96
82,90,33
38,85,81
24,82,61
26,47,87
31,46,13
80,98,73
15,73,28
28,78,64
22,74,48
64,77,65
69,78,19
10,48,90
3,87,28
9,87,9
7,87,78
3,69,98
50,71,70
56,86,59
25,48,35
51,88,80
20,83,31
18,60,13
48,88,50
39,74,51
20,31,75
41,60,34
53,89,49
17,77,24
85,88,83
21,69,22
49,66,16
21,56,50
11,60,37
2,14,54
40,68,49
15,60,87
13,36,86
15,34,67
6,32,21
31,84,2
37,64,82
1,77,16
5,70,93
43,93,77
33,83,98
7,55,80
57,80,17
49,89,6
10,12,84
43,80,88
11,63,97
18,89,4
33,80,77
24,97,51
13,47,44
45,74,12
60,78,57
1,72,84
10,92,48
32,79,85
40,74,9
72,84,21
75,77,22
12,81,17
56,83,85
2,73,48
43,89,19
64,80,5
28,63,95
26,97,100
39,77,38
45,75,63
1,50,61
60,97,66
16,97,67
35,57,55
19,84,89
52,98,21
15,87,58
33,40,88
26,84,52
43,44,22
70,86,51
22,70,6
8,33,91
10,42,94
61,85,89
22,43,74
26,87,39
0,61,58
67,81,85
26,96,43
23,42,17
50,81,63
0,22,79
54,70,28
36,70,72
69,75,7
8,74,53
2,69,100
17,40,60
46,65,91
63,74,42
8,10,88
0,88,73
56,60,63
51,82,67
63,87,13
32,89,53
14,80,42
39,56,4
74,83,71
78,95,6
40,75,56
0,14,7
48,91,85
9,47,49
62,63,67
39,50,38
67,86,43
42,48,93
70,71,38
60,96,30
17,31,78
56,79,6
54,58,69
10,89,73
51,84,46
78,93,65
17,87,83
76,87,82
10,77,100
4,80,70
52,59,55
31,56,25
24,83,24
38,42,31
20,40,100
24,92,83
8,77,3
11,27,90
22,63,9
35,67,40
58,68,8
58,86,46
37,55,68
62,86,81
86,89,81
12,54,22
5,18,98
42,90,40
33,59,18
11,39,13
45,55,19
8,43,38
1,73,46
11,15,18
65,82,97
24,46,23
6,38,21
56,77,94
57,61,64
21,22,95
8,78,20
56,81,44
9,64,57
75,80,67
5,23,95
47,73,49
49,98,70
12,98,96
63,73,68
35,60,42
39,93,5
22,69,11
13,23,29
26,95,14
70,96,88
71,85,90
43,76,11
10,24,49
32,45,8
2,6,14
46,48,98
4,45,47
59,62,60
67,77,64
24,74,94
50,58,11
62,83,41
8,12,100
45,46,66
16,44,58
31,53,93
43,74,34
49,91,49
89,92,36
20,86,51
44,70,44
9,80,75
58,93,12
42,94,32
23,73,13
20,37,98
32,41,7
59,90,13
84,94,2
33,91,5
36,76,23
23,92,40
4,49,24
58,65,89
18,77,64
38,66,19
29,34,6
21,93,40
9,24,85
78,96,97
39,71,10
17,28,57
54,95,78
38,46,36
66,89,45
10,35,87
26,63,84
45,89,11
23,57,99
88,96,5
81,97,100
28,62,53
54,85,96
0,29,2
59,79,4
26,80,42
1,68,64
30,96,84
93,97,100
42,84,33
20,58,43
41,58,35
48,59,91
22,75,63
68,70,40
1,51,48
3,28,41
40,73,8
8,70,6
12,34,12
67,71,32
5,57,23
10,78,24
47,82,47
31,37,1
52,84,87
18,56,24
57,65,71
6,60,7
21,47,46
27,85,55
15,40,15
77,86,55
40,83,92
3,80,86
33,34,98
7,67,32
24,52,79
37,65,15
61,69,88
71,83,8
50,74,32
8,94,66
16,69,70
19,48,98
17,68,95
66,95,69
64,90,40
0,93,50
24,90,93
38,68,52
32,80,30
14,44,79
28,29,75
5,55,91
68,94,81
15,86,93
66,92,50
51,97,36
47,87,64
55,78,79
13,22,72
42,72,99
0,62,2
6,56,58
13,94,31
46,58,37
62,76,70
38,82,99
2,10,53
50,83,69
32,62,95
11,37,32
53,78,5
41,86,61
20,92,30
32,97,64
28,57,28
30,94,92
3,45,38
35,63,37
66,79,42
3,52,86
57,97,56
48,76,81
42,54,33
48,98,66
76,77,74
39,84,57
39,98,55
14,62,53
57,87,35
11,59,12
4,84,17
23,68,79
44,63,21
14,59,1
7,11,12
27,62,94
84,95,69
56,69,10
24,60,44
1,57,57
39,70,70
2,22,34
12,46,73
18,26,16
16,93,72
2,74,25
25,98,82
33,44,43
36,81,12
51,53,10
48,90,53
25,37,17
25,62,45
72,98,57
1,35,51
74,76,65
26,72,78
52,96,79
46,92,90
59,61,6
15,83,3
65,89,25
8,96,38
0,52,19
17,91,62
18,90,26
13,79,46
35,92,69
49,87,100
7,36,98
28,35,28
47,78,25
38,70,58
8,11,49
18,84,90
44,51,35
42,57,48
73,78,87
31,76,51
4,50,4
30,45,61
21,90,23
45,53,96
25,35,36
74,94,79
10,85,25
17,63,14
7,91,63
53,58,29
10,64,7
50,66,3
9,10,8
13,48,73
37,92,70
25,65,65
31,57,91
1,71,53
23,85,24
7,83,6
63,97,22
51,94,92
37,77,63
13,87,48
96,97,56
21,49,95
88,90,26
18,51,10
41,95,58
85,90,70
33,86,58
34,95,22
36,69,52
34,54,77
21,33,21
17,90,60
12,63,91
27,51,52
23,77,30
44,59,47
28,96,74
26,69,76
3,46,89
7,48,55
55,75,86
81,94,14
55,58,38
25,63,90
52,60,67
43,79,62
66,82,56
36,43,51
44,58,73
41,57,63
48,82,54
57,68,54
51,58,70
69,89,6
25,50,69
6,8,22
9,16,25
47,98,59
64,75,88
4,32,51
16,61,60
48,97,54
38,48,76
38,59,38
23,64,64
50,61,79
30,98,46
14,22,10
93,96,45
13,69,91
2,39,48
28,67,54
32,48,82
43,92,62
14,41,18
44,57,33
8,83,80
67,74,8
9,61,86
31,43,44
56,62,81
8,48,90
11,97,66
59,65,85
45,70,91
66,78,22
67,92,34
8,98,22
54,72,9
13,49,26
29,45,24
8,51,44
36,96,18
59,64,82
72,88,58
43,48,29
30,47,42
21,35,86
55,69,89
41,48,87
51,79,1
15,69,40
0,36,60
4,59,86
68,97,19
5,34,17
14,92,61
44,80,90
48,96,42
33,45,16
6,75,95
10,90,31
51,77,39
24,55,100
82,94,82
65,72,15
0,95,45
27,34,78
26,76,60
27,71,20
93,95,88
44,86,62
22,47,71
35,52,92
24,72,71
15,45,65
73,82,69
87,92,37
24,70,65
15,57,25
3,20,75
71,74,1
29,88,90
18,69,21
22,89,49
60,95,60
15,59,42
37,44,84
64,74,33
23,48,15
12,33,55
11,40,77
13,26,3
39,44,29
2,21,75
55,57,80
85,97,30
75,82,85
38,39,3
72,83,6
84,85,27
4,63,56
6,97,54
23,24,22
22,56,85
15,56,96
20,32,75
30,72,50
8,79,98
26,52,30
43,84,46
13,65,63
31,51,96
60,79,98
48,53,86
54,79,33
79,88,62
21,67,4
33,93,93
45,54,11
5,67,22
76,97,94
59,63,16
1,5,84
25,56,58
21,53,26
35,80,44
44,91,68
28,38,11
8,21,50
4,74,99
49,62,3
8,95,95
20,43,69
18,55,28
3,88,72
30,95,42
36,47,44
14,72,67
8,26,42
44,69,83
21,41,33
34,74,86
65,95,91
26,28,31
27,56,39
30,60,63
0,71,96
20,97,94
76,79,38
7,9,62
49,73,89
0,0,0
