25,54,83
28,47,99
23,29,35
31,44,35
13,51,53
29,41,15
18,38,59
4,21,18
29,43,92
14,57,3
4,18,38
4,7,74
3,48,31
21,24,68
6,55,56
41,42,65
12,13,80
36,46,74
2,49,11
22,36,85
2,15,64
26,46,35
24,49,48
7,13,43
16,24,78
18,46,84
7,46,50
29,31,8
8,57,37
19,21,23
26,50,17
4,6,72
16,25,52
1,45,11
3,28,6
14,44,81
20,47,48
11,44,93
45,50,57
7,17,60
3,39,45
5,53,89
7,45,78
39,49,29
11,23,30
3,24,99
12,39,31
25,50,35
8,31,37
35,36,100
13,27,82
13,53,29
10,55,97
34,44,46
8,23,55
8,47,45
6,50,16
7,53,1
37,38,31
31,43,93
3,4,4
0,24,75
21,26,54
32,57,15
36,54,75
0,18,75
2,37,16
21,57,63
17,29,11
13,16,27
14,25,35
9,25,98
3,5,67
7,55,36
6,46,97
3,15,47
30,42,15
6,11,28
34,53,17
33,40,28
14,55,48
19,32,21
18,39,72
6,36,86
15,42,50
22,26,68
32,45,5
19,42,64
27,31,81
25,49,83
9,23,5
4,50,53
26,36,70
22,42,52
34,50,28
43,45,58
6,22,32
3,33,40
33,55,69
10,51,48
5,35,84
28,55,43
35,51,13
2,9,17
25,38,57
12,18,9
20,46,58
17,46,61
5,37,90
19,37,59
8,15,63
21,40,95
19,47,23
2,18,9
25,35,32
9,12,39
18,37,47
44,47,13
21,25,35
8,37,98
1,40,51
29,42,31
22,24,93
22,33,24
3,41,16
21,38,90
17,24,7
22,48,63
43,51,78
42,49,69
33,54,81
35,42,89
2,20,70
7,30,45
16,17,70
15,43,44
36,38,26
10,36,87
31,40,79
4,55,77
51,55,26
34,45,46
25,27,7
12,25,72
22,28,5
9,33,5
9,48,63
17,39,90
5,48,97
21,35,89
0,21,55
34,54,43
31,35,3
0,29,65
46,47,46
7,16,42
17,52,64
14,41,13
16,37,46
25,31,52
39,57,6
47,54,64
16,26,7
31,52,44
16,57,84
23,48,51
8,27,99
30,48,56
4,19,7
3,38,36
23,41,3
28,49,47
34,57,49
54,57,7
52,55,45
45,53,20
14,37,74
13,46,15
21,27,46
2,35,74
27,40,25
15,49,18
24,37,100
14,21,68
2,3,60
22,47,27
49,56,75
6,37,64
48,56,78
18,34,10
48,53,45
41,53,75
6,38,71
32,54,25
6,41,33
11,26,68
44,54,77
16,54,21
37,47,94
2,23,68
22,50,24
53,55,77
8,36,74
1,37,67
0,45,16
34,41,60
40,50,84
24,42,19
2,51,63
16,40,34
25,56,34
38,40,60
43,46,45
20,41,15
15,18,51
21,46,58
13,24,57
30,47,19
16,35,80
12,49,81
16,23,9
27,39,82
15,20,85
22,57,55
35,50,20
6,9,75
40,53,13
2,21,57
15,30,19
42,45,34
27,47,38
41,52,58
6,43,9
44,45,89
26,42,70
12,35,3
44,48,52
24,40,86
33,47,38
17,19,8
16,39,61
30,40,83
2,54,62
6,54,7
54,55,92
33,38,87
14,31,57
5,42,80
0,48,78
30,50,62
25,40,2
38,47,93
44,57,2
16,48,25
22,46,32
1,42,9
45,51,50
2,22,89
42,47,42
20,45,31
2,46,39
0,20,42
5,7,51
20,24,8
1,30,96
0,42,58
47,50,30
13,49,20
24,57,86
16,31,25
46,51,76
10,43,10
35,44,21
12,19,94
3,22,95
10,53,90
1,48,86
3,54,37
0,56,25
41,50,74
3,53,43
30,49,35
32,41,58
17,47,59
27,30,89
5,25,28
0,27,2
7,29,47
12,30,2
31,53,73
28,37,24
42,46,24
15,22,16
35,47,22
4,54,27
11,37,6
6,48,98
9,46,51
3,25,72
2,57,64
8,32,36
0,26,38
42,43,56
3,19,33
2,42,22
8,52,76
46,50,2
2,45,60
10,25,27
22,55,18
22,30,78
22,56,22
8,24,73
18,50,59
19,31,77
15,54,71
6,56,35
34,37,21
24,28,44
52,56,83
4,56,73
45,49,88
34,43,42
13,54,12
24,47,57
22,29,66
0,53,3
41,54,84
4,13,100
4,12,9
45,46,7
18,57,21
6,31,60
2,39,25
5,31,97
32,51,44
45,52,61
24,41,76
39,48,8
23,52,67
49,55,57
8,18,49
20,31,30
17,30,93
12,21,14
8,34,72
24,25,5
17,37,72
26,30,2
31,39,20
8,11,16
7,36,54
8,21,94
20,32,42
13,41,92
20,42,2
31,47,72
47,52,14
0,35,32
30,33,90
25,45,88
42,52,71
29,37,96
15,35,66
7,57,32
0,33,79
33,45,43
29,55,58
7,20,94
1,2,27
27,41,8
10,29,74
15,23,93
33,46,63
25,55,90
39,42,60
30,31,15
20,38,55
10,12,62
47,55,97
52,57,47
27,44,80
23,56,3
10,19,8
27,35,28
21,22,38
13,37,84
4,44,35
38,44,20
22,38,60
0,55,8
25,46,59
8,41,71
29,35,51
13,28,51
25,32,41
10,32,71
16,41,2
6,53,30
14,33,25
4,31,17
0,7,93
29,30,34
39,52,79
24,29,94
38,57,54
2,43,42
12,44,36
12,17,21
9,17,24
3,6,32
10,28,74
31,45,42
20,23,16
27,42,51
15,56,89
18,51,76
9,55,69
27,28,44
2,40,18
9,53,75
15,45,34
18,52,4
1,32,3
1,50,79
12,51,66
24,31,73
38,43,97
3,47,72
7,50,13
48,57,84
17,21,70
16,46,35
16,55,97
7,38,15
43,49,7
6,24,78
12,41,81
16,44,64
31,37,79
18,32,74
4,15,92
38,39,43
9,31,88
46,48,42
1,54,88
4,23,4
9,22,60
14,18,22
43,54,50
13,21,46
2,32,84
22,32,8
20,25,18
7,35,34
46,56,47
10,22,95
13,44,59
9,13,22
7,27,31
5,47,23
0,47,48
18,41,52
9,20,24
25,30,68
23,55,97
4,34,4
10,44,63
20,48,35
1,21,38
1,57,38
3,43,67
32,33,42
32,40,74
8,44,44
18,43,86
3,30,92
13,47,68
34,36,73
2,52,53
11,32,93
14,16,41
8,14,33
18,29,86
30,37,16
24,26,65
10,41,45
26,51,9
12,36,27
0,54,2
19,30,70
33,48,92
10,54,59
28,53,15
10,37,63
7,33,49
26,55,88
2,30,63
10,35,83
21,29,67
5,20,93
10,13,4
50,53,10
37,57,62
12,46,53
26,32,43
1,44,88
4,10,86
16,32,97
11,53,29
42,56,60
13,20,57
19,44,15
2,26,88
24,44,72
1,24,22
37,49,95
10,26,11
3,16,53
11,22,28
19,34,45
36,48,94
8,39,76
11,55,33
4,42,68
8,26,89
17,25,5
28,33,65
16,47,81
3,11,77
13,25,82
2,28,9
0,0,0
