13,29,13
18,21,100
21,28,42
0,4,3
18,31,59
14,23,19
5,13,28
26,32,23
14,21,74
12,18,36
17,32,66
28,32,44
1,24,4
1,7,19
12,25,92
1,12,90
9,19,29
12,13,33
14,32,10
3,7,70
12,31,29
8,15,76
22,25,42
6,20,46
13,27,64
0,11,93
1,8,95
18,24,68
14,26,62
5,29,38
12,17,66
28,30,62
3,5,92
2,26,26
11,20,78
14,18,13
13,26,75
13,32,81
13,25,28
2,13,41
10,14,76
14,29,65
2,16,91
23,32,79
17,25,78
5,17,94
1,28,48
8,11,99
10,25,46
8,20,47
9,15,99
20,32,34
18,23,7
20,27,35
10,24,10
4,13,61
6,17,71
20,26,90
17,19,95
11,16,75
8,18,65
31,32,38
13,21,18
0,27,63
7,30,28
5,15,98
12,26,82
5,19,8
4,15,64
14,31,99
18,29,78
8,25,77
25,30,98
8,14,75
6,29,19
1,3,36
23,31,43
12,30,88
1,27,53
5,24,37
0,24,78
0,16,54
5,14,87
7,17,46
0,13,77
2,19,96
16,20,8
13,17,29
4,27,62
3,26,28
6,9,27
6,15,39
15,28,11
2,28,52
24,28,85
5,7,81
5,23,5
4,26,81
7,16,89
0,17,19
29,31,11
9,21,34
7,32,98
19,20,59
8,10,80
3,31,7
9,11,91
3,19,94
12,24,73
7,14,7
13,15,11
14,24,19
4,31,34
15,24,63
7,25,10
16,23,41
6,32,14
17,28,30
2,8,77
16,31,72
6,24,65
23,30,60
12,27,7
10,22,14
1,16,27
3,4,87
23,29,13
1,9,77
22,23,37
10,27,69
0,12,34
25,28,79
10,15,50
7,29,96
1,6,85
6,18,42
11,13,88
6,25,60
0,6,96
25,31,38
13,14,7
0,29,42
1,13,29
15,26,74
5,12,91
15,32,2
8,31,21
11,23,38
12,19,94
1,30,45
22,32,81
9,22,19
3,12,87
17,22,27
1,5,17
11,32,22
30,32,4
15,16,81
3,8,42
7,9,27
8,32,18
17,29,51
4,17,59
0,20,1
14,17,42
2,30,3
2,10,55
3,29,78
25,32,38
3,21,31
4,11,81
1,26,66
9,25,6
15,30,71
4,25,87
20,31,97
4,29,85
20,23,1
16,26,32
9,30,100
7,24,9
0,9,4
6,22,55
0,21,34
7,28,91
1,21,91
0,31,23
15,20,40
18,32,69
8,13,73
10,21,60
13,18,81
19,24,72
9,27,92
3,13,96
5,8,63
5,31,3
0,32,58
3,25,15
4,9,73
7,22,5
22,30,30
6,14,96
5,30,88
2,21,26
6,31,37
4,18,9
12,20,54
9,29,87
5,25,46
6,27,59
1,18,91
2,27,67
19,23,96
2,20,48
3,30,45
2,29,28
24,31,1
4,8,32
16,21,43
17,20,68
21,30,40
19,31,83
12,29,27
5,26,91
4,22,29
5,27,80
0,5,28
21,29,55
0,30,7
7,15,27
8,17,31
5,9,91
7,19,95
7,18,12
11,17,6
7,12,72
18,30,93
16,22,23
11,15,99
17,21,16
12,16,43
8,19,46
19,25,34
8,23,84
1,20,56
4,24,88
9,20,98
5,11,78
1,22,23
4,12,98
14,27,43
20,30,57
21,27,5
21,22,41
1,11,2
6,26,33
9,14,94
5,28,36
4,14,99
0,22,65
30,31,25
17,26,81
3,27,82
16,29,53
23,28,39
11,30,52
20,28,18
9,17,8
11,12,42
11,29,37
5,18,18
7,20,32
3,23,36
3,18,35
9,26,90
2,31,71
6,10,30
0,14,72
0,0,0
