3,75,76
57,66,51
19,67,37
2,28,28
3,20,70
26,76,7
40,83,75
64,67,97
19,63,66
36,44,85
6,82,63
51,68,61
70,81,82
5,32,19
17,58,17
15,58,22
10,30,15
56,79,39
16,35,72
0,73,78
22,83,66
3,58,10
35,43,73
49,69,13
27,53,70
41,77,98
63,65,44
5,52,87
37,81,41
12,72,82
21,79,23
31,34,48
5,30,29
51,69,84
38,49,29
4,55,49
40,62,59
44,78,70
66,82,66
53,62,5
22,79,39
8,56,96
16,55,71
35,61,50
18,77,17
18,66,62
28,31,22
10,23,26
39,67,24
48,56,15
21,31,69
36,79,43
10,82,99
36,73,51
10,22,47
8,51,84
27,37,22
41,72,97
37,62,83
42,70,12
13,39,74
5,75,64
55,75,97
44,81,60
10,36,75
9,25,41
8,78,86
37,48,57
26,68,20
7,62,8
17,26,47
6,37,39
4,51,38
3,62,64
4,68,12
10,44,62
0,5,61
9,70,45
44,77,54
13,17,72
56,65,74
53,83,37
18,63,85
3,48,31
6,32,49
1,70,80
40,56,26
18,35,69
47,79,18
33,44,45
30,35,20
65,76,33
51,52,8
66,77,19
49,73,28
18,27,40
28,51,4
34,61,88
7,24,33
74,76,98
21,43,34
61,84,24
2,78,12
61,76,87
42,76,20
3,9,87
37,71,51
21,74,27
11,13,43
55,66,35
2,13,86
75,80,8
38,39,46
30,80,71
3,38,62
47,65,14
14,75,99
66,68,16
7,78,18
46,55,8
1,65,69
15,37,1
38,66,78
9,54,87
44,72,48
7,46,14
57,74,72
1,39,46
51,75,98
32,68,47
15,28,59
30,75,21
32,55,14
35,37,58
13,35,74
22,25,58
25,66,92
52,76,68
35,47,12
42,79,38
43,81,95
25,55,87
2,64,64
27,57,67
4,79,77
6,76,30
28,58,34
9,71,61
0,32,87
33,48,73
60,84,71
7,50,74
20,84,69
13,63,89
40,78,31
58,66,12
51,64,5
44,61,58
45,51,90
22,31,84
9,48,3
14,43,31
63,79,89
29,83,59
20,28,82
0,51,9
29,78,59
45,58,69
11,81,70
7,77,92
48,50,50
12,29,61
3,64,64
18,37,4
46,47,9
26,34,45
59,80,67
57,58,56
23,45,23
19,69,36
35,62,30
11,32,22
23,78,9
68,74,60
5,7,63
32,47,19
62,75,15
9,67,78
7,64,95
9,74,4
3,49,100
48,76,30
46,71,54
63,70,15
22,33,93
18,73,37
21,80,29
4,82,85
50,55,74
43,45,100
15,76,77
7,31,94
11,59,25
3,24,92
9,60,97
16,47,12
36,53,47
48,61,20
25,57,45
17,35,38
20,71,14
44,52,10
18,51,81
35,58,93
23,24,71
2,73,74
24,35,44
19,49,91
5,57,56
29,77,93
48,51,6
59,79,66
23,28,98
6,34,97
5,48,8
33,56,88
10,39,20
13,51,56
42,60,20
6,18,32
29,49,79
2,69,41
53,57,50
15,71,72
37,75,82
52,59,95
10,17,67
4,27,37
32,50,66
72,80,67
14,58,43
30,41,70
8,21,15
10,12,27
30,40,6
15,78,94
45,55,77
6,80,21
70,80,29
3,32,67
32,82,56
21,69,28
7,70,13
29,39,83
40,84,100
62,80,56
62,66,32
7,80,96
6,73,5
27,76,3
2,49,22
3,61,38
3,45,88
60,67,72
33,39,53
22,76,62
74,82,100
54,65,60
9,83,6
33,47,100
3,6,55
24,64,33
23,59,40
5,18,22
45,75,47
20,58,30
25,79,8
43,58,56
39,59,37
36,75,73
14,16,83
35,82,12
17,60,12
0,38,77
26,50,60
11,30,28
73,78,3
21,70,6
1,45,1
22,43,74
67,70,96
24,56,36
45,69,10
60,83,27
4,70,53
33,54,34
31,80,25
37,55,28
20,37,80
51,56,4
5,23,19
44,64,56
14,77,98
3,15,27
2,34,28
37,59,65
14,52,95
8,49,21
18,48,12
65,70,59
38,58,31
10,42,65
22,34,88
8,31,61
17,62,12
68,71,17
37,40,57
2,36,88
6,70,80
37,65,47
11,26,1
27,83,80
38,45,53
1,62,34
33,55,39
45,62,16
14,48,31
16,52,100
1,24,14
53,60,4
64,77,62
21,28,50
40,47,53
7,47,51
53,59,35
4,78,28
40,49,62
63,82,24
57,84,56
13,26,71
5,77,21
26,83,72
42,47,44
40,69,90
15,44,47
20,30,40
45,59,45
18,22,1
13,80,62
5,41,68
47,52,14
3,21,27
44,51,30
8,72,91
4,12,73
24,48,73
45,77,65
23,64,16
61,70,99
70,75,37
8,47,14
6,7,33
29,31,40
67,79,1
21,47,64
15,74,36
52,53,92
50,62,78
52,69,25
35,73,100
28,52,92
26,80,69
79,81,72
17,77,55
44,54,43
18,57,39
50,57,44
16,81,43
17,19,39
22,65,89
40,60,10
24,58,24
9,45,83
31,55,83
3,69,10
23,48,34
0,15,16
50,81,99
13,45,10
35,42,47
19,62,77
13,52,43
21,40,74
71,73,22
24,40,20
17,52,87
19,66,37
28,48,89
19,29,58
4,74,56
6,51,61
1,56,13
8,13,26
67,71,11
28,42,1
21,78,33
48,64,27
34,45,6
13,53,24
17,56,80
1,40,33
18,19,13
0,25,13
18,59,95
36,57,86
0,72,20
24,67,67
2,7,24
30,65,64
4,66,43
36,59,6
75,77,93
30,31,51
65,78,86
23,60,17
40,46,44
1,16,9
71,82,73
8,75,24
52,79,34
4,28,62
2,14,68
12,38,38
45,54,40
16,60,68
38,62,81
8,82,45
35,64,17
4,84,35
2,6,63
5,66,96
18,45,44
65,80,94
22,66,12
8,11,13
48,82,73
29,35,56
21,61,3
34,39,73
65,79,2
42,53,29
22,24,77
54,57,51
5,26,80
46,82,91
44,80,99
41,81,89
31,40,44
16,28,52
9,33,91
14,47,58
4,29,7
3,31,41
73,76,100
9,53,29
13,47,39
34,57,13
26,79,35
25,42,58
21,29,72
1,43,22
49,66,62
66,81,91
16,61,72
39,76,2
41,75,71
9,65,93
20,63,71
25,31,90
26,52,84
44,50,16
52,64,56
70,72,77
5,76,37
60,71,42
46,72,18
49,80,61
14,50,66
46,69,93
51,57,71
13,83,14
11,71,37
9,43,97
26,60,22
57,60,98
37,38,94
4,18,63
14,26,98
14,60,20
20,62,13
55,60,69
64,73,43
19,52,70
42,55,24
13,15,54
53,67,36
6,67,96
29,62,76
14,25,72
82,83,54
38,65,93
15,35,25
55,65,18
42,84,8
63,80,79
4,8,11
58,80,29
15,26,52
0,3,66
16,49,48
26,75,64
22,60,47
71,76,60
50,77,62
46,54,80
23,61,64
31,43,4
26,45,47
50,67,87
32,57,71
24,78,8
39,68,18
31,69,87
51,63,6
61,82,86
29,30,70
31,51,83
10,32,59
45,79,57
42,59,75
10,37,10
8,42,62
62,70,19
18,74,69
30,36,70
13,21,93
26,35,52
22,39,80
23,53,37
13,22,4
8,58,19
17,36,80
28,82,31
24,38,62
12,31,84
11,44,99
4,9,75
80,83,95
42,49,1
18,64,76
12,68,78
27,68,97
28,73,85
68,82,71
15,31,23
59,72,7
18,54,83
14,21,69
20,52,40
9,73,84
56,74,80
1,42,86
17,27,22
2,9,66
5,58,40
62,76,30
72,73,62
2,46,12
59,78,51
56,58,63
71,81,53
10,66,17
11,17,72
65,69,33
67,73,60
52,77,85
2,22,88
11,82,18
33,71,14
9,50,97
5,55,89
29,42,92
22,38,54
36,51,72
33,49,97
54,73,36
49,55,45
19,43,32
34,75,89
52,65,3
5,71,67
16,25,9
68,75,48
40,54,58
27,67,45
25,83,77
29,80,6
59,60,7
9,59,19
10,75,82
37,60,83
25,64,47
32,79,88
11,25,43
19,51,90
49,67,42
37,79,59
27,44,18
12,20,59
42,64,40
27,71,94
0,75,91
46,60,57
28,36,51
16,34,20
9,41,21
24,76,64
11,63,53
47,82,84
38,47,43
29,84,38
0,84,100
6,42,28
1,33,43
21,58,54
33,45,3
4,11,61
76,82,86
22,82,54
12,27,14
20,21,7
4,44,60
69,75,39
17,42,33
23,55,84
8,63,81
39,83,32
18,46,17
45,80,50
22,80,73
62,69,97
13,67,47
7,52,81
54,58,6
11,51,27
20,78,18
24,72,76
34,49,10
41,45,59
32,84,68
26,77,88
34,50,51
32,45,92
13,28,11
16,23,10
16,48,82
40,65,89
5,59,41
47,55,28
49,71,93
2,77,87
11,37,94
25,35,49
5,62,26
46,66,13
35,77,41
4,16,84
4,39,24
10,80,78
0,68,34
14,64,14
6,79,31
36,41,39
46,48,72
15,64,32
15,65,8
3,80,4
25,36,31
26,27,37
38,72,43
23,58,27
2,72,77
23,57,47
21,25,36
52,78,23
4,76,82
24,84,43
28,40,16
10,35,27
18,31,93
4,46,30
56,62,92
6,44,89
13,79,38
20,55,12
15,80,1
42,68,68
8,24,40
28,83,97
24,65,29
16,43,82
57,77,89
32,67,70
41,65,29
0,27,61
28,71,58
18,38,22
5,83,29
35,69,30
3,5,94
11,49,24
23,82,79
22,77,41
47,73,14
32,33,56
20,60,76
59,73,89
26,73,15
32,44,36
24,54,9
52,80,78
19,80,97
17,81,21
34,73,64
26,65,34
21,49,1
6,57,76
75,76,75
26,44,14
12,79,30
35,45,61
19,61,48
2,11,1
47,83,7
36,48,54
50,84,86
58,68,6
3,68,51
36,52,29
31,76,17
54,74,21
36,66,49
41,59,56
18,20,18
11,38,55
33,75,12
0,56,82
7,60,47
35,65,4
17,65,76
6,55,91
37,50,92
40,77,11
28,47,53
22,68,79
42,77,80
74,79,5
43,78,75
29,58,74
57,65,43
39,55,48
30,54,44
1,59,37
57,68,49
58,75,19
71,75,43
44,66,92
5,81,70
3,53,44
33,76,58
17,30,65
50,66,30
53,61,79
7,32,17
67,82,6
8,30,33
77,80,58
20,61,10
15,45,29
21,84,50
20,82,100
3,83,84
30,67,94
33,36,93
16,21,73
7,15,75
30,79,64
52,60,52
52,75,56
51,76,98
0,34,100
47,64,88
59,84,2
6,31,7
36,50,21
18,30,55
1,82,74
34,43,20
4,58,19
8,52,7
8,68,96
11,18,13
42,82,90
43,60,21
16,73,13
54,69,64
38,73,27
10,57,92
19,39,35
7,42,77
16,33,52
55,57,75
4,38,19
0,13,63
46,58,63
59,61,50
25,75,100
15,30,59
5,28,59
30,76,45
25,26,63
20,80,81
8,33,19
53,63,7
0,14,23
44,65,67
21,42,94
17,57,62
68,80,37
33,34,22
2,35,36
38,42,94
48,81,21
12,13,33
28,49,4
29,33,70
11,79,54
6,52,24
19,37,34
13,71,42
33,59,99
49,58,85
3,30,69
11,62,5
8,77,41
2,18,33
50,65,44
13,43,65
55,74,6
36,70,97
13,25,99
74,83,40
56,73,23
76,84,86
20,27,65
27,79,76
49,79,12
60,73,69
12,35,60
3,66,17
37,61,37
1,32,2
0,50,13
42,72,73
53,79,36
5,39,99
39,49,76
45,60,43
7,79,67
6,61,31
8,50,55
67,83,54
64,82,70
36,43,70
14,81,68
16,20,13
69,70,74
22,32,52
15,73,97
25,73,52
53,72,28
32,38,83
7,55,34
30,71,90
2,16,49
13,68,9
43,74,3
20,66,51
10,43,59
7,73,31
14,40,64
9,72,41
0,35,56
11,12,15
28,56,31
11,56,22
6,30,69
22,62,38
59,76,82
29,56,51
15,79,42
26,69,49
60,68,66
13,73,37
1,48,69
41,62,36
7,25,4
45,53,17
3,4,94
11,75,78
2,4,63
71,84,66
46,56,2
69,74,84
26,41,84
27,82,29
19,53,30
19,46,59
9,51,41
14,84,28
19,84,98
37,56,7
8,17,10
29,79,20
34,52,65
41,69,90
8,53,78
8,62,42
19,71,5
2,26,5
47,63,100
41,68,100
5,9,75
43,55,9
16,17,12
5,70,69
62,78,70
48,53,38
64,66,27
10,20,100
18,83,36
69,73,82
67,84,33
33,62,76
17,45,13
55,77,61
24,83,44
6,10,95
20,45,18
30,56,4
43,57,84
6,17,84
26,47,62
2,51,79
8,10,39
12,56,15
53,55,12
28,53,12
55,58,47
42,71,20
11,77,27
25,76,70
12,33,73
27,39,61
28,57,70
73,80,88
11,34,38
14,34,99
56,61,43
22,54,80
25,63,61
44,70,26
67,68,95
75,84,50
29,46,35
17,43,52
17,71,30
17,67,15
25,44,92
59,62,70
76,83,10
8,44,66
1,41,27
47,84,38
24,46,54
19,25,21
40,64,87
27,54,83
9,64,21
20,29,24
10,65,74
16,62,92
25,40,64
14,27,54
37,64,19
13,14,21
26,54,6
0,55,42
3,72,34
4,6,86
0,59,74
56,63,61
15,60,32
2,82,50
64,81,3
35,84,24
32,53,59
22,59,92
28,78,20
1,52,37
58,81,46
77,82,100
36,56,76
65,68,49
57,79,66
55,72,35
33,57,63
5,12,40
42,57,73
3,7,2
21,50,93
12,78,91
3,84,27
10,46,57
0,58,23
6,50,68
6,60,10
3,46,63
60,82,99
31,67,43
30,55,37
43,64,73
62,83,99
83,84,50
27,65,36
23,77,79
39,73,5
7,16,46
1,78,28
37,68,41
8,40,84
6,15,17
6,69,57
27,63,40
19,23,44
35,63,33
1,19,23
55,78,92
45,52,98
12,14,91
23,79,3
40,73,61
43,52,18
14,74,20
4,41,72
31,83,34
11,72,65
22,53,67
34,53,38
21,35,52
39,46,32
6,40,27
13,49,19
65,71,20
3,25,65
15,33,36
43,71,67
14,31,55
38,56,83
53,64,56
61,73,51
37,84,67
29,51,8
38,41,63
18,29,96
29,57,34
7,37,82
40,67,61
13,32,100
52,57,4
35,51,30
58,83,59
24,32,57
48,67,100
10,15,37
8,84,56
2,39,91
33,65,67
14,49,85
22,70,79
21,36,16
12,74,16
23,68,62
6,62,91
37,53,28
10,70,49
60,77,22
16,30,14
27,72,58
6,36,10
50,71,97
48,62,86
14,71,98
58,60,50
42,44,68
42,74,100
12,70,59
42,54,84
20,77,58
30,52,11
12,67,80
23,65,11
31,65,16
51,73,69
50,82,6
28,80,37
31,41,14
30,84,95
8,80,62
0,28,38
60,64,7
44,45,12
17,34,64
64,74,88
38,68,88
5,15,66
74,75,81
21,54,10
52,74,33
7,59,33
32,49,75
36,78,40
4,81,94
22,27,94
61,62,62
4,7,84
28,67,87
23,74,14
42,65,58
14,32,92
5,78,38
16,53,44
9,13,82
2,12,68
33,52,55
47,48,31
46,77,94
0,43,56
64,71,33
47,50,54
7,19,75
5,42,81
1,14,97
16,22,12
72,76,43
7,18,91
20,50,81
5,54,42
16,51,90
4,5,75
21,64,59
8,45,6
52,66,44
12,41,22
10,18,68
18,70,48
17,25,38
12,81,11
59,68,14
44,58,75
51,81,75
29,64,76
46,62,98
12,50,77
53,80,49
27,50,5
62,82,77
38,59,17
8,26,12
47,54,61
78,82,20
21,77,55
5,16,94
16,39,70
20,54,82
11,39,68
1,26,85
29,43,92
47,58,59
6,39,68
35,66,26
60,76,64
79,83,3
49,64,32
27,80,98
39,81,29
63,73,44
51,72,43
1,31,21
70,83,5
21,39,21
39,58,45
15,41,88
17,74,11
0,45,83
41,76,27
66,83,62
31,59,31
13,78,42
6,77,27
28,62,18
46,75,7
8,57,41
25,77,54
17,63,83
27,45,26
44,60,57
28,68,93
20,53,34
25,69,92
30,51,76
18,23,93
57,83,47
49,61,72
11,42,31
26,59,78
10,56,73
41,56,92
50,68,57
34,66,62
27,41,12
18,34,52
65,81,60
60,79,12
3,67,91
45,71,18
12,25,90
37,77,22
20,22,76
66,72,34
27,33,43
28,45,78
1,55,17
17,54,51
15,42,14
17,21,98
28,44,87
10,81,97
24,53,9
11,48,28
43,56,88
10,49,32
8,46,100
6,27,64
71,78,62
16,82,38
48,59,75
36,72,92
9,58,55
37,74,66
40,58,20
2,65,73
21,68,83
33,78,93
34,59,68
39,80,46
23,49,72
41,49,49
22,47,35
33,83,29
35,75,20
23,80,25
12,54,53
2,70,30
21,56,63
8,55,22
36,46,35
66,84,50
53,78,96
28,60,65
22,84,73
50,58,77
1,35,52
71,79,43
66,69,73
16,54,26
39,53,48
61,67,23
8,74,49
15,72,24
4,22,38
16,57,54
17,46,20
22,45,31
42,62,10
34,38,52
21,22,63
34,71,81
7,38,68
42,67,93
7,76,68
27,70,72
24,51,76
16,75,83
19,48,84
22,71,98
31,82,23
6,46,11
15,59,38
6,24,28
24,43,80
15,66,28
60,63,45
17,37,83
21,52,27
16,32,19
52,63,88
11,45,74
33,77,19
47,61,41
47,59,79
28,72,46
82,84,91
59,69,51
27,29,22
1,76,39
10,77,48
0,46,29
2,56,74
15,62,86
4,67,39
32,72,99
44,67,9
11,15,11
46,61,73
66,76,75
13,44,62
20,36,96
2,52,47
57,59,82
62,72,100
3,74,48
7,49,94
36,68,47
69,78,93
2,53,59
10,72,84
42,78,70
3,39,48
49,84,83
1,47,72
31,44,51
22,46,17
20,44,38
18,61,12
13,76,60
38,69,41
46,64,25
18,60,85
34,79,80
23,30,100
34,56,73
54,61,67
61,77,2
51,84,29
18,81,36
72,81,18
11,43,76
38,40,27
43,75,28
5,25,58
27,48,51
21,59,93
20,73,66
20,23,14
19,34,68
47,69,69
32,80,63
26,58,54
31,57,63
10,45,19
26,28,12
48,71,85
24,73,57
19,42,31
0,2,14
36,81,82
7,57,34
56,80,20
1,23,88
60,74,59
56,76,67
25,59,55
46,83,90
21,32,100
2,83,9
27,61,13
49,62,76
27,30,55
31,78,8
18,67,30
7,82,78
21,37,90
44,53,44
19,68,33
9,21,32
37,45,84
45,73,27
21,44,2
7,8,71
59,64,57
8,27,34
25,29,76
50,59,94
38,48,23
23,73,37
5,44,25
26,62,72
17,55,29
55,71,36
10,61,15
2,42,46
43,73,53
6,29,84
7,14,27
14,79,43
60,70,13
55,79,84
27,69,35
34,83,48
57,81,6
51,54,43
13,57,61
3,81,14
36,67,79
22,28,31
35,52,1
19,41,18
33,82,93
41,67,92
46,74,72
49,52,72
16,71,67
29,37,18
56,82,8
16,29,24
5,80,61
16,26,78
50,74,37
23,62,14
72,77,27
41,84,40
48,55,15
54,81,41
33,46,88
25,78,83
4,10,83
47,51,65
2,21,95
4,73,14
75,81,49
1,15,24
22,57,49
39,64,94
78,81,98
4,80,13
3,8,71
4,21,25
60,81,60
0,64,45
14,70,93
26,78,43
33,60,4
71,72,74
16,65,60
37,47,77
3,71,44
9,31,58
0,74,61
55,63,57
61,71,34
32,66,50
45,66,60
22,81,65
58,70,1
1,81,6
25,74,61
3,42,77
51,79,94
29,70,66
12,21,47
27,84,53
68,78,19
20,74,100
42,69,27
57,62,30
27,55,88
43,46,79
42,45,99
22,30,68
59,81,73
0,52,77
4,47,41
31,52,62
29,34,83
1,5,55
39,56,4
24,60,17
22,75,6
1,25,76
9,24,93
38,54,2
1,54,25
5,43,36
23,46,4
28,59,87
1,27,46
44,68,46
6,21,99
10,29,53
9,37,27
20,46,53
53,75,66
8,28,15
11,14,15
25,33,59
49,81,67
58,65,69
21,26,85
14,41,55
19,27,44
2,76,99
3,57,80
17,51,70
46,50,82
25,28,24
15,34,36
12,36,12
57,80,40
62,84,3
63,67,20
1,28,38
21,33,1
38,81,86
4,77,59
68,83,37
28,46,36
23,56,82
27,78,24
24,82,51
49,57,100
57,61,8
31,73,22
61,74,10
7,51,85
29,60,74
66,71,31
35,79,95
45,64,77
55,59,2
20,51,38
6,84,17
12,58,26
10,24,8
0,42,23
11,58,24
12,69,94
51,53,13
72,84,2
31,49,75
13,55,96
4,15,85
34,48,36
9,82,61
61,64,28
4,71,35
23,81,72
31,64,11
40,45,13
23,72,11
37,72,40
2,84,1
0,16,66
73,81,47
11,22,79
47,67,85
44,75,26
15,82,20
29,50,83
2,27,46
45,63,11
41,54,63
12,62,18
16,63,68
11,69,20
52,84,70
16,76,81
32,43,28
12,22,54
22,55,10
19,58,29
62,81,48
14,63,58
5,31,8
6,72,54
39,66,79
5,24,71
6,54,42
52,70,12
31,84,13
17,39,96
8,12,38
14,22,35
11,68,67
23,40,43
20,39,4
78,80,96
26,51,73
33,69,74
32,76,25
4,14,28
17,18,52
46,84,95
6,48,97
49,65,81
22,72,86
6,71,97
9,42,31
14,23,32
3,19,44
18,79,73
31,47,5
45,47,3
3,22,39
40,50,85
54,76,83
8,76,90
46,53,61
7,44,27
43,68,28
0,21,5
3,44,82
3,76,21
39,79,50
28,64,26
69,80,100
36,64,86
10,21,11
34,80,89
3,60,78
24,34,41
46,80,3
35,48,98
28,69,85
13,30,22
13,72,70
18,76,38
50,52,14
25,70,33
69,76,71
13,42,14
34,44,59
23,50,53
49,77,60
21,38,92
9,76,6
27,64,58
55,76,34
1,57,12
36,49,72
38,57,12
0,22,69
64,76,69
2,40,27
11,16,74
29,44,25
35,53,7
14,28,64
37,78,34
6,53,91
74,77,34
30,59,37
54,82,86
8,15,28
64,83,85
54,60,65
64,79,72
10,62,46
52,67,32
81,82,40
31,35,45
12,17,30
45,72,64
26,74,43
29,66,73
41,55,58
55,80,69
30,47,77
10,28,20
26,37,63
36,65,68
17,48,23
11,24,89
15,25,13
20,65,72
37,73,21
0,20,55
79,82,75
30,68,41
10,51,93
55,73,96
44,48,63
4,83,63
50,70,97
11,60,1
17,84,57
55,83,99
15,55,92
14,76,6
1,51,24
14,39,3
25,51,88
43,80,42
9,79,13
30,66,93
32,48,23
53,66,73
15,48,95
10,16,78
30,53,12
15,16,14
49,53,4
7,65,56
0,67,58
8,9,82
76,80,9
3,43,94
42,80,55
62,67,19
3,79,5
17,41,91
8,22,74
18,68,29
26,39,75
28,38,56
21,34,67
24,61,10
3,78,97
39,44,88
36,47,37
34,36,79
24,31,7
62,74,50
22,58,41
65,75,29
37,39,83
14,24,67
1,58,45
11,33,80
58,77,45
9,47,51
38,77,88
41,70,44
50,69,79
30,46,72
27,32,91
38,43,3
1,60,89
0,65,38
42,63,25
45,78,94
35,46,37
6,23,45
27,34,66
30,83,81
31,81,86
41,47,36
18,72,75
16,59,50
62,71,15
6,75,75
26,63,95
0,63,23
65,84,77
0,41,63
11,36,9
0,79,7
2,41,89
51,70,10
2,31,43
9,69,25
48,58,41
7,63,88
24,45,97
48,69,33
25,72,16
41,83,50
5,79,53
23,34,18
14,42,65
32,35,60
9,12,76
38,79,51
14,62,10
12,83,42
28,30,27
67,72,4
18,41,93
5,61,93
16,38,45
1,50,24
25,41,25
29,48,37
18,24,97
20,24,1
66,74,3
41,43,78
49,60,85
13,34,24
63,75,96
20,38,86
50,78,90
15,36,91
8,20,80
27,58,9
21,55,64
39,74,57
7,20,81
42,46,12
0,60,58
30,37,73
29,45,5
1,73,72
3,29,64
31,32,4
8,67,44
14,54,99
7,75,43
5,45,49
42,48,34
2,29,21
8,43,92
0,19,90
59,67,96
45,81,71
75,78,37
8,73,89
4,13,58
23,51,13
38,83,21
56,84,11
7,27,44
17,29,9
38,74,18
18,80,90
43,83,70
1,68,82
69,72,20
67,74,65
25,46,61
69,83,15
59,63,13
19,72,28
32,54,22
23,39,22
77,78,37
2,3,41
34,69,64
45,46,10
4,33,30
21,83,1
53,71,51
54,70,6
1,61,2
24,75,5
38,71,32
25,37,75
22,69,23
27,66,42
6,43,85
26,82,45
7,54,90
54,64,37
5,33,78
64,68,46
10,19,47
1,66,21
37,42,75
38,51,83
34,41,1
32,41,6
1,46,16
78,84,55
34,82,75
19,32,88
70,73,89
10,68,78
34,67,63
16,84,27
60,72,33
9,55,10
67,76,73
0,31,82
33,81,81
39,45,83
43,49,63
1,74,11
25,56,55
22,37,25
3,14,60
5,20,85
30,45,24
23,66,89
58,79,23
20,48,69
60,69,64
18,58,70
2,60,11
39,52,55
10,74,37
8,18,70
66,73,91
3,73,91
58,69,62
23,36,55
64,84,32
15,56,90
17,53,9
69,79,24
27,49,94
31,54,77
9,18,93
15,39,70
0,9,2
44,73,63
4,25,3
38,76,90
9,36,97
38,61,60
61,66,37
22,63,36
1,29,29
30,64,77
26,46,66
60,80,51
6,74,28
68,70,14
23,63,50
37,46,8
51,67,16
11,78,13
19,33,31
63,74,56
34,55,42
41,57,5
9,16,14
23,31,88
26,53,76
54,83,88
61,81,37
42,75,69
51,83,83
2,79,46
20,43,69
16,40,32
18,42,64
14,66,36
2,45,29
27,38,98
54,79,53
55,81,100
8,23,2
13,69,90
14,45,10
60,75,69
20,59,37
33,37,35
4,36,74
56,64,21
25,50,24
47,70,69
3,40,39
63,76,58
27,62,93
1,72,86
6,59,9
19,64,76
8,37,80
14,44,48
3,18,65
19,77,94
3,33,88
12,60,30
30,58,39
15,21,21
15,29,83
61,68,95
39,75,91
43,70,24
47,57,13
30,50,73
51,55,36
10,84,45
28,34,64
70,78,88
1,69,18
18,33,42
57,82,96
32,62,87
43,67,15
13,65,48
75,79,87
36,84,16
0,78,98
7,68,41
17,68,48
8,36,97
24,29,81
14,59,68
0,69,98
9,35,42
36,38,66
59,71,25
35,39,76
7,58,30
36,61,44
13,29,8
62,68,38
73,83,91
33,35,75
18,69,79
12,75,30
29,74,20
4,49,30
24,59,57
0,48,84
47,72,61
20,25,82
73,84,42
19,75,83
25,45,51
53,74,58
40,41,21
40,52,47
44,82,54
2,30,3
21,75,79
30,61,55
40,80,84
5,50,15
49,68,86
55,67,40
19,26,85
35,80,2
43,63,2
58,74,65
5,38,93
60,66,85
8,34,62
3,50,56
0,12,47
71,83,69
44,46,99
12,73,60
1,67,62
7,9,26
75,83,77
72,79,20
27,42,78
12,51,21
65,74,18
4,61,29
3,82,74
19,81,65
10,53,10
13,62,5
5,49,58
10,83,67
30,38,20
5,22,5
27,60,81
55,82,84
6,41,34
15,24,15
19,55,79
6,68,74
16,37,59
0,4,66
17,64,28
15,69,40
39,47,48
16,72,11
9,61,19
24,26,46
20,56,25
4,57,90
12,18,61
35,41,46
25,81,52
63,84,43
8,59,16
34,46,26
21,48,62
2,44,59
33,40,27
16,46,100
51,62,99
61,79,30
20,49,96
18,55,50
63,66,99
15,19,45
9,22,21
42,52,9
34,54,17
8,69,41
59,82,59
26,71,52
57,63,12
11,64,54
3,65,49
6,22,74
28,39,90
56,69,99
41,82,50
32,40,90
6,28,94
30,63,76
30,74,75
55,61,53
21,45,2
9,19,94
45,67,56
17,23,95
59,66,53
58,67,60
24,68,2
6,26,55
33,74,94
5,56,93
44,71,88
58,59,71
40,81,22
73,74,2
17,80,87
67,81,47
6,14,91
41,71,97
54,56,31
51,65,35
39,77,10
31,62,12
4,75,21
40,74,37
29,54,85
40,61,99
15,53,57
47,75,10
40,79,84
48,68,52
12,23,7
22,78,78
1,4,3
18,50,5
2,33,19
16,74,1
57,76,6
1,20,52
7,35,74
15,46,52
37,43,100
45,48,12
61,75,22
12,28,70
19,24,4
37,80,48
65,66,6
29,76,52
46,49,10
19,31,15
49,59,43
56,81,68
0,24,62
46,68,47
31,71,34
49,51,61
57,67,63
21,76,36
3,55,77
14,36,67
9,23,55
23,32,39
1,12,9
18,44,23
11,84,57
46,81,99
4,34,22
15,17,89
24,42,43
11,50,68
36,69,45
28,37,58
2,8,10
36,58,41
10,14,36
48,65,77
8,70,98
65,73,86
25,39,28
66,79,31
24,74,38
1,13,47
61,72,52
21,30,3
31,37,82
25,48,60
80,81,62
69,82,34
1,80,25
37,76,84
28,74,78
14,17,88
4,56,68
49,83,24
56,75,69
45,49,11
54,84,15
61,69,44
20,70,69
12,59,63
2,48,68
11,61,9
22,56,18
20,75,92
45,76,76
4,37,85
3,36,64
48,78,48
34,60,46
24,79,52
4,35,84
30,34,38
2,66,54
44,79,51
7,69,42
1,77,91
16,66,31
11,47,52
32,46,29
2,80,95
14,55,22
29,73,12
49,63,90
29,63,70
17,73,45
11,28,22
32,83,95
3,51,75
31,42,38
46,52,37
33,70,85
20,68,70
24,25,70
54,55,10
37,52,70
48,79,31
52,61,54
30,82,92
2,25,25
32,69,94
13,31,21
26,72,71
16,45,22
29,38,36
6,33,86
5,36,98
18,52,8
7,39,100
6,12,87
27,52,77
2,67,78
1,37,55
44,49,55
12,64,41
56,78,56
64,75,41
20,64,59
27,43,50
30,57,83
64,78,25
1,36,7
18,26,69
2,71,100
6,56,79
16,56,14
10,60,60
19,45,19
37,54,71
42,73,81
3,26,19
14,19,36
48,77,4
9,27,46
50,80,53
48,70,47
12,76,12
41,61,36
18,56,10
1,44,29
11,76,45
76,77,54
19,22,65
4,63,37
29,71,79
52,62,69
18,36,69
32,71,75
0,47,97
39,40,65
58,73,3
66,70,71
72,83,74
33,84,13
50,79,61
43,50,37
0,40,6
23,37,77
47,56,91
3,54,56
3,63,11
13,54,9
9,46,14
12,39,19
39,70,1
48,75,30
50,63,51
11,67,36
53,81,54
8,65,26
34,81,14
13,16,40
28,43,75
19,36,47
0,33,28
5,11,61
6,81,80
25,34,53
4,40,65
4,31,79
0,18,23
45,61,100
10,76,22
23,54,26
26,36,92
24,55,33
4,30,60
29,40,76
41,73,11
2,59,80
23,44,11
49,56,16
23,43,87
9,11,7
32,34,49
0,70,66
35,57,45
14,29,60
56,77,19
14,67,37
45,56,55
15,54,26
30,42,2
19,38,90
38,46,71
5,65,57
17,20,95
9,15,51
9,56,91
1,2,90
27,36,32
25,68,65
40,70,5
37,41,92
27,51,21
1,53,68
45,83,71
14,82,25
69,84,14
1,6,83
39,60,66
66,78,48
34,77,32
20,32,48
44,69,76
4,45,71
44,56,78
13,81,24
49,54,7
4,50,39
39,41,85
53,73,43
1,22,17
40,53,42
8,48,34
43,44,19
7,10,13
21,23,31
47,77,42
12,43,25
1,79,78
42,50,14
26,48,89
59,83,41
53,65,99
18,65,52
43,69,48
50,60,96
25,80,25
32,63,45
65,82,57
76,79,71
67,77,77
6,35,91
68,69,87
38,67,18
14,61,19
46,79,21
19,78,34
33,80,57
17,50,25
24,80,56
40,42,55
57,69,61
48,63,41
4,42,10
65,77,30
45,74,1
30,78,15
7,61,43
52,56,83
14,83,4
2,32,38
15,47,61
25,84,97
15,32,54
12,15,24
4,26,81
14,37,18
56,59,81
12,47,26
56,72,3
66,75,25
2,20,90
70,84,4
29,81,57
16,68,14
2,15,70
7,71,41
23,76,25
10,78,76
31,58,4
19,74,41
42,51,92
5,47,67
38,80,20
38,63,10
44,47,61
51,80,49
17,59,81
32,70,5
49,50,92
20,69,87
15,38,6
34,74,87
26,70,28
36,60,36
4,60,54
68,72,23
12,52,57
7,17,86
3,12,52
77,81,34
25,71,22
35,68,5
31,45,98
11,52,72
8,38,5
24,52,22
43,72,93
17,47,86
36,39,35
9,28,84
39,69,63
35,76,12
12,66,60
53,56,91
13,37,57
62,73,92
1,63,17
41,48,75
7,53,50
6,25,100
33,64,81
34,40,13
52,58,38
9,30,21
15,50,79
65,83,47
24,30,97
10,38,70
56,68,69
39,51,87
26,42,44
39,50,100
12,45,31
15,84,9
35,81,12
34,84,53
22,36,97
10,55,3
0,66,31
39,48,12
11,27,39
29,55,80
2,57,26
38,50,36
10,47,63
13,70,73
78,83,11
29,59,77
13,20,53
52,55,1
20,35,62
55,70,45
47,60,47
27,59,41
0,82,4
6,58,75
14,80,10
16,44,84
43,47,70
2,10,82
52,72,86
36,54,75
49,76,4
31,61,74
16,78,71
39,82,68
50,61,39
12,80,61
25,32,59
19,82,19
5,60,58
63,78,9
63,77,48
14,73,26
27,77,23
12,63,33
50,64,19
30,48,54
3,13,55
7,56,91
43,77,9
5,14,98
35,83,11
27,31,77
28,79,14
28,35,58
70,74,13
24,41,99
41,50,58
56,70,18
14,51,100
46,67,94
17,49,81
19,59,85
35,67,82
72,74,13
6,38,79
17,83,39
31,53,45
32,75,17
1,34,94
10,11,92
64,69,52
36,63,80
17,32,20
57,71,100
12,16,14
2,61,64
2,74,12
41,52,3
0,53,14
16,36,97
72,78,61
13,18,62
28,61,10
2,17,23
20,72,91
16,64,27
5,64,75
1,18,84
43,66,49
9,10,100
1,7,9
9,34,26
15,23,46
77,79,23
9,38,48
36,45,7
49,70,16
40,66,25
23,84,74
24,49,84
10,41,71
33,61,26
62,65,20
45,57,14
0,49,50
38,75,82
30,69,11
23,41,93
0,77,81
32,36,100
40,59,100
9,29,58
47,78,2
80,84,84
33,72,32
51,77,9
79,80,89
10,48,28
43,53,20
46,76,67
4,23,34
10,69,93
67,78,32
32,52,3
43,65,83
35,72,18
56,57,97
26,43,20
10,71,24
33,67,12
6,78,3
39,71,38
58,78,56
42,83,46
30,70,99
27,56,42
20,31,33
36,74,9
24,81,25
44,84,49
0,0,0
