66,71,68
8,66,75
9,82,95
2,91,88
22,61,3
5,85,89
36,87,61
56,76,7
11,27,65
11,29,76
2,35,40
24,58,29
7,22,18
48,52,83
13,34,44
77,84,48
29,55,5
15,44,79
41,73,78
11,58,99
33,84,60
59,65,74
67,82,16
48,62,72
64,73,76
3,19,7
21,38,57
28,88,98
3,11,74
16,84,9
34,54,66
3,20,81
15,40,65
29,64,3
46,73,6
23,44,80
17,77,51
25,79,58
26,31,100
4,65,51
47,69,30
12,87,81
12,16,67
19,83,8
26,90,71
83,92,66
25,26,68
53,77,61
1,17,28
2,13,83
26,86,57
73,78,7
16,32,67
66,81,96
58,86,42
24,73,4
10,17,92
66,78,80
20,34,56
57,82,98
18,55,83
43,86,76
88,90,91
24,26,3
18,48,28
41,86,31
40,64,23
55,79,78
0,35,55
13,90,6
10,14,73
10,44,19
9,31,74
68,87,76
44,77,33
13,19,18
36,68,29
16,79,12
28,67,65
83,84,14
89,90,12
63,85,5
38,45,2
24,30,47
49,70,85
21,80,53
58,77,77
53,65,3
22,79,90
77,92,83
24,67,48
39,51,47
44,62,60
14,80,77
12,15,61
2,22,31
46,50,58
0,83,97
51,62,21
1,16,8
58,83,66
4,84,74
35,54,85
66,89,76
52,70,62
2,32,16
16,87,48
28,41,35
10,42,2
58,88,34
40,42,63
67,89,50
36,38,20
2,34,28
2,80,95
28,29,42
22,80,46
5,13,63
16,31,45
18,77,33
23,79,17
62,69,52
11,65,69
20,55,11
54,85,61
26,56,48
1,62,75
26,30,87
68,91,89
64,84,20
40,54,73
11,72,34
11,18,31
68,86,16
51,78,12
4,69,45
21,25,20
53,86,72
7,29,6
32,72,80
6,83,68
78,92,36
26,45,67
42,43,61
46,68,77
14,29,49
5,88,78
81,85,9
74,77,34
29,40,25
18,42,33
0,18,61
83,91,5
19,34,62
13,76,24
0,43,74
43,74,78
26,55,49
47,70,89
39,74,89
15,43,87
32,40,76
46,56,66
5,59,70
42,89,19
27,62,28
6,64,51
79,86,7
3,64,99
75,85,84
52,80,34
3,83,5
40,86,43
22,85,32
37,82,14
48,70,39
64,91,46
28,74,91
17,87,43
78,80,38
50,66,13
44,56,98
28,82,41
29,56,7
43,48,73
27,79,60
0,88,94
10,54,58
7,92,6
7,25,71
19,37,28
37,51,97
19,23,100
21,44,47
45,64,79
51,69,22
0,6,41
6,20,65
45,58,44
45,88,79
13,92,90
30,60,17
0,79,19
59,68,27
68,77,93
10,15,87
23,90,17
18,86,80
28,48,43
15,75,16
72,89,35
42,62,14
9,40,9
31,51,25
0,30,62
36,78,2
22,35,87
33,57,10
34,91,98
17,76,99
48,77,49
55,85,72
74,83,17
73,83,97
31,54,41
54,74,1
6,76,11
16,85,53
17,60,26
68,76,95
43,72,18
18,53,90
61,62,60
71,92,23
7,86,22
10,65,18
75,91,80
8,12,8
37,43,33
67,75,45
48,51,65
12,24,16
9,25,49
37,72,24
30,41,27
42,57,92
72,81,95
13,89,97
26,47,7
24,71,57
5,19,88
53,58,48
87,88,99
27,40,5
49,68,72
0,10,6
10,21,62
23,45,16
60,70,89
23,86,17
57,86,41
44,87,78
26,34,61
30,73,56
7,87,65
51,64,16
45,68,51
60,68,90
22,77,54
60,76,52
31,80,50
25,55,67
6,81,72
33,47,23
2,6,59
31,89,43
26,65,39
22,73,29
12,79,93
39,59,46
33,49,67
3,89,66
43,87,38
18,45,60
52,77,70
32,81,32
15,34,35
22,65,78
23,53,41
37,85,90
12,50,57
24,69,1
19,38,71
35,67,88
21,46,14
5,54,27
47,77,44
18,62,70
7,81,74
38,44,100
77,78,100
23,67,51
78,84,47
8,64,21
11,46,81
27,89,56
12,67,61
14,77,79
33,53,64
25,92,17
36,56,1
23,39,60
42,90,85
73,85,12
31,46,25
38,40,41
20,37,88
11,92,85
2,3,93
17,37,47
54,66,15
21,65,3
90,92,59
3,6,86
20,25,79
50,85,20
28,81,74
3,15,51
42,59,89
11,91,72
17,22,3
65,77,94
39,46,72
49,80,50
17,66,54
3,34,89
12,51,16
4,72,26
36,40,68
35,63,94
1,67,41
27,49,71
24,53,25
8,79,33
38,81,27
37,44,10
23,37,31
78,87,18
28,71,64
31,84,23
22,48,5
16,71,88
42,73,83
42,72,79
15,78,1
2,58,56
59,63,7
0,39,4
8,48,90
25,77,91
65,91,82
60,72,23
5,80,4
57,66,44
36,72,52
5,11,13
15,26,34
16,42,74
9,32,5
12,89,14
31,68,81
27,44,54
8,73,29
70,90,64
16,21,26
4,57,43
35,52,11
16,63,30
64,66,10
14,26,13
73,74,63
0,32,89
39,77,16
34,77,10
33,56,18
39,52,29
14,40,43
69,79,58
22,69,88
30,69,2
22,56,16
53,54,93
50,77,88
14,59,33
28,32,81
13,48,69
32,58,34
36,91,79
17,64,57
20,58,90
9,30,21
54,63,65
30,71,64
38,78,86
69,78,95
66,86,10
49,51,50
62,77,19
29,84,76
23,60,25
9,14,52
1,14,13
49,87,88
3,92,46
31,70,80
3,45,71
6,69,83
46,65,25
3,90,90
18,87,46
4,34,44
88,92,96
0,13,4
9,57,85
78,81,31
5,21,87
2,64,97
29,89,22
16,18,29
41,47,90
58,72,96
53,59,15
72,74,100
56,63,88
37,63,70
4,30,59
2,7,70
31,59,9
43,73,55
23,66,5
30,54,71
37,79,57
37,54,33
48,65,94
40,58,55
44,80,56
24,79,16
69,88,71
15,47,42
45,56,29
38,39,10
41,85,67
15,16,12
8,40,27
4,18,14
24,63,49
8,19,22
31,64,90
21,55,76
62,72,21
31,56,43
33,48,54
7,84,53
1,77,25
23,61,64
54,55,9
62,63,11
36,42,40
30,44,22
7,62,20
70,80,42
46,60,95
60,88,18
1,64,10
40,63,33
5,47,32
13,88,53
5,29,47
8,41,88
46,92,18
66,67,13
69,91,10
24,92,98
15,77,49
33,70,48
9,84,16
21,57,5
20,67,56
3,59,67
46,84,15
26,67,90
9,54,96
79,92,62
21,37,5
20,80,76
61,81,16
7,74,30
18,28,62
51,74,45
56,80,50
38,83,16
35,41,26
12,61,37
5,50,22
62,90,47
7,51,13
14,25,55
34,64,2
47,53,16
3,35,96
2,36,74
3,62,74
44,64,81
85,88,40
47,57,36
18,84,86
40,50,34
34,46,82
52,61,41
28,79,98
29,34,29
47,87,66
64,77,52
22,42,73
70,89,22
13,84,49
27,39,40
2,52,3
50,80,14
32,64,8
12,34,79
51,68,29
44,79,31
22,39,85
45,50,67
6,18,48
28,60,91
13,70,17
24,70,12
63,75,89
11,90,23
6,9,89
80,81,13
7,13,84
32,70,55
9,89,88
66,91,92
70,82,72
1,54,60
39,62,62
2,27,67
4,46,62
14,44,71
16,53,95
0,81,10
23,83,99
1,81,55
39,49,64
31,60,71
1,10,100
27,34,85
65,73,86
19,40,77
9,28,37
13,81,54
21,32,86
29,75,26
17,51,63
23,36,55
35,78,94
28,86,51
14,30,89
79,90,61
59,86,51
38,61,71
69,87,91
9,12,5
55,66,79
51,91,82
16,58,71
41,77,75
33,92,30
52,56,87
32,37,20
31,39,74
31,57,45
22,92,6
6,24,17
52,87,79
49,62,99
48,50,59
37,88,42
18,40,30
57,91,94
31,69,18
2,81,58
42,60,33
0,67,85
0,76,44
38,89,22
51,65,54
52,73,99
2,55,48
9,60,45
52,67,55
52,75,5
50,74,78
7,88,8
9,77,96
19,32,59
30,83,77
4,39,17
0,36,49
14,66,37
56,70,31
17,47,42
2,70,3
5,63,98
22,26,79
73,81,84
43,90,88
18,30,54
6,31,92
65,82,51
2,85,73
30,48,26
41,54,39
29,43,95
4,59,83
8,80,78
38,82,99
59,77,36
56,88,55
35,49,78
48,90,35
3,63,51
81,87,35
21,47,71
7,60,26
58,79,28
24,57,72
44,89,90
14,23,91
58,62,89
54,76,45
69,81,79
2,16,22
3,9,41
35,71,62
26,64,59
0,31,86
14,35,18
77,86,46
32,48,13
58,82,75
4,87,49
29,48,22
10,62,39
17,26,75
7,52,52
64,90,90
28,87,72
29,49,60
51,83,33
9,64,34
20,47,34
32,77,94
50,63,93
13,49,63
15,72,86
63,71,65
66,72,54
6,80,4
73,89,61
45,59,9
50,84,20
20,22,99
13,77,10
79,91,41
24,54,79
23,42,53
38,73,40
26,87,82
49,85,45
35,77,83
6,89,16
51,53,54
9,34,54
68,89,17
0,40,81
37,53,87
43,77,47
26,44,76
32,49,12
61,86,12
31,74,96
39,57,66
8,70,37
5,53,51
25,39,72
0,77,82
3,43,26
12,73,66
21,42,1
35,36,57
3,47,4
47,89,80
39,90,96
12,82,50
6,82,26
17,49,17
6,44,13
2,68,52
9,58,91
33,58,3
1,19,45
18,33,94
47,52,80
31,81,30
12,53,61
15,73,14
2,30,31
66,79,86
11,23,50
6,90,24
59,90,100
4,21,78
70,71,18
48,69,33
35,89,20
42,49,70
7,85,55
2,87,74
5,6,12
45,87,59
49,63,57
24,75,80
49,56,3
38,84,10
29,65,48
2,15,63
18,71,55
56,82,54
78,79,46
59,64,80
6,23,9
51,84,62
30,84,50
3,46,40
25,81,50
58,89,97
79,83,58
10,63,53
26,75,79
31,41,85
41,75,31
41,84,79
6,88,66
25,60,40
72,88,2
47,67,2
46,54,65
67,88,83
62,82,21
19,85,82
7,34,93
55,64,65
25,68,16
30,37,96
4,53,64
31,79,93
45,66,92
1,59,76
51,90,37
16,67,4
11,64,67
1,34,73
24,38,12
28,59,40
33,59,67
32,60,8
40,65,3
34,75,57
27,48,39
2,74,22
15,84,46
24,88,58
10,84,28
7,64,35
27,41,57
41,74,27
50,87,66
8,16,94
60,67,65
39,47,43
45,57,76
44,68,77
8,59,22
84,92,11
47,48,12
56,74,36
14,71,55
10,49,12
25,29,63
34,38,70
39,86,57
13,21,11
40,82,81
4,20,24
40,53,60
20,36,16
11,87,17
11,69,47
53,76,49
64,79,49
7,53,31
21,89,20
30,75,64
13,65,12
49,92,38
21,27,31
38,49,55
1,24,60
24,35,56
1,83,96
21,87,99
49,69,80
29,73,3
9,47,64
1,42,22
9,24,42
24,82,4
18,83,57
21,67,65
44,53,34
26,58,64
7,90,57
10,87,78
21,73,28
85,89,26
62,91,75
29,79,55
18,34,76
71,80,70
28,57,25
20,49,26
63,83,26
47,50,9
21,92,43
57,69,98
60,91,4
20,24,29
14,28,31
21,63,95
1,27,53
20,74,40
4,16,60
55,87,24
71,83,37
0,75,55
3,70,36
6,66,90
10,52,73
42,64,70
48,79,85
10,36,80
52,90,64
63,81,63
50,51,71
67,91,50
42,83,63
4,25,5
40,80,78
32,36,66
3,52,28
1,7,12
65,83,28
46,80,26
61,87,6
9,26,31
27,91,97
19,30,49
29,60,64
69,82,80
66,82,99
16,45,2
44,66,55
31,71,17
53,73,96
46,86,68
19,87,46
21,77,85
56,71,73
7,40,54
31,34,4
63,67,100
22,51,16
54,84,38
43,46,55
45,61,43
63,90,47
43,63,28
60,87,71
5,20,88
38,79,97
3,16,7
2,90,17
70,86,13
29,66,60
0,15,78
25,62,57
2,23,1
1,6,27
22,71,6
23,33,85
63,79,18
21,86,25
14,87,31
58,78,48
13,83,61
13,57,1
71,88,93
33,81,84
23,24,34
19,42,74
34,70,85
59,81,65
15,71,35
61,88,76
33,44,79
0,90,34
2,66,54
23,54,28
44,61,57
30,46,34
35,57,38
63,76,19
0,45,64
44,58,4
34,76,100
17,81,48
83,88,10
44,71,36
35,53,35
7,48,84
35,47,43
22,37,62
41,56,91
9,72,100
70,73,20
14,17,11
10,71,9
9,44,9
40,52,13
52,65,43
20,91,99
34,47,27
26,41,40
5,34,23
8,76,22
64,70,39
26,63,95
4,85,70
10,68,8
31,38,73
41,59,93
39,43,79
64,65,85
41,89,89
47,82,76
5,28,46
12,18,13
87,89,15
69,75,8
4,79,25
33,43,15
7,19,97
19,41,95
3,65,86
4,28,5
15,51,44
2,10,25
82,90,76
7,46,84
0,19,12
6,21,52
19,64,22
37,49,3
60,81,50
56,92,99
73,82,20
20,40,15
2,17,91
6,11,55
71,87,34
20,81,60
42,66,43
45,84,55
2,78,29
8,37,57
52,62,40
33,82,57
39,73,96
34,52,13
34,48,67
23,35,28
16,89,35
15,82,9
13,69,64
23,81,24
35,65,75
38,41,96
16,44,56
18,66,66
10,56,94
68,90,82
20,77,86
54,78,95
3,5,60
78,85,94
52,66,92
54,92,78
54,88,88
49,71,63
47,73,88
47,92,10
6,33,17
61,70,89
72,85,14
38,50,97
60,66,40
49,86,51
11,60,38
42,48,7
7,32,98
37,39,28
55,90,38
36,92,74
13,78,87
47,56,75
35,37,71
12,77,64
63,73,27
52,71,35
2,77,60
8,22,70
28,66,57
55,81,57
20,30,65
48,86,46
25,78,14
55,72,30
38,77,64
54,61,66
25,36,82
28,36,70
19,43,24
18,20,28
0,42,51
5,90,90
0,51,52
38,75,25
13,82,71
11,84,72
23,92,57
2,20,92
16,33,96
5,51,77
90,91,30
13,22,7
45,85,43
25,40,42
27,65,5
65,71,48
3,61,93
0,44,90
20,41,65
69,76,87
60,69,46
38,85,56
20,31,82
23,55,24
23,48,28
22,75,52
16,81,77
7,24,47
38,59,85
74,89,87
35,79,10
9,83,94
8,91,87
27,61,45
38,64,54
25,90,81
17,68,40
18,32,28
4,19,91
30,58,22
11,30,64
61,67,62
12,54,60
5,68,70
41,82,60
46,47,5
32,63,76
54,57,62
26,91,51
11,81,12
31,53,96
46,58,52
30,87,18
4,49,55
59,74,83
53,80,40
20,66,65
53,87,82
9,66,97
25,74,72
21,45,82
64,69,91
4,6,95
40,61,6
1,12,12
18,19,79
34,73,92
55,60,98
41,60,18
4,23,55
24,43,95
61,82,53
59,85,91
9,42,36
30,89,22
28,84,52
8,27,46
31,67,86
3,82,20
48,81,11
21,41,79
24,78,48
60,74,39
26,51,62
4,29,75
38,62,67
3,49,59
23,65,81
59,84,65
5,24,48
42,50,27
41,87,55
0,73,82
35,74,12
33,80,80
47,61,90
12,56,79
13,91,37
51,87,87
32,71,46
19,63,80
0,71,84
71,74,34
3,87,9
8,65,36
0,12,88
44,75,47
86,91,14
54,79,49
62,67,56
19,86,55
16,26,45
71,89,94
86,87,24
4,58,65
61,92,52
0,59,29
11,31,66
33,68,95
34,57,4
21,85,47
12,33,8
33,71,9
27,80,71
28,69,58
31,44,44
19,53,31
58,87,8
10,74,80
20,42,61
87,90,31
27,36,70
24,34,60
47,79,26
44,63,75
62,71,10
31,65,35
3,78,76
7,57,15
22,59,30
1,86,94
15,65,16
5,23,76
2,57,41
7,38,53
3,91,81
62,68,78
71,73,23
44,69,91
36,53,79
8,35,54
63,92,23
13,63,64
75,83,33
33,69,41
27,71,79
19,92,2
65,80,38
50,79,64
43,75,70
53,62,96
52,74,85
52,64,8
45,83,77
36,76,57
26,62,51
19,47,47
8,24,69
41,49,23
52,76,100
3,39,99
31,50,27
42,65,80
37,66,98
22,44,73
54,81,30
23,75,20
27,46,13
48,87,25
2,21,99
6,70,5
10,80,74
9,45,82
58,65,64
9,76,87
52,53,76
6,10,22
20,27,3
4,15,17
34,90,32
36,88,72
23,69,54
37,78,76
75,84,50
1,40,53
53,67,72
10,59,60
48,66,4
10,28,91
58,64,43
60,84,49
5,31,34
7,30,75
46,79,42
14,90,67
27,90,16
21,64,50
5,81,24
15,53,5
53,74,72
38,56,49
35,90,50
49,58,75
12,88,99
34,88,44
42,77,94
8,34,27
63,86,94
50,92,28
62,79,31
13,68,92
52,78,84
40,79,12
12,14,38
22,32,66
60,63,46
24,84,63
51,76,61
25,46,67
5,27,4
14,91,41
16,82,91
17,59,58
59,88,75
25,33,10
19,77,65
19,89,74
0,56,12
40,69,88
31,33,33
47,63,19
51,54,35
42,47,55
6,52,32
71,76,100
0,60,69
79,89,94
51,79,46
9,70,98
70,79,68
55,82,7
1,8,81
42,63,34
44,65,77
57,79,97
79,81,46
84,86,24
5,26,33
11,68,94
21,58,1
53,78,95
41,92,76
33,41,22
20,64,2
17,32,3
9,19,22
22,54,60
73,90,93
27,88,9
33,38,64
5,30,44
50,69,35
36,47,41
36,77,79
7,17,94
14,68,15
19,68,20
50,89,99
17,27,26
43,71,40
7,31,24
21,33,37
35,83,64
7,55,89
23,34,87
8,85,93
43,61,78
70,84,7
61,75,63
38,68,4
41,90,63
13,42,62
67,84,51
80,82,90
30,67,29
10,61,93
9,27,59
34,51,74
56,83,33
31,35,54
4,50,79
22,27,93
13,28,81
17,54,15
4,13,38
11,61,41
32,69,79
37,40,8
6,37,50
8,83,71
23,58,36
14,37,4
23,72,86
11,79,84
59,76,26
52,72,59
22,74,96
5,48,65
68,88,52
58,85,73
26,77,21
9,43,50
11,54,76
9,67,3
19,70,84
65,87,43
3,4,77
26,36,14
0,33,49
3,33,1
44,92,23
32,52,82
6,67,50
48,91,10
2,38,50
43,54,33
38,66,54
23,52,40
6,63,60
66,87,32
0,48,39
19,62,60
33,40,75
32,45,97
88,91,7
50,55,67
75,80,26
10,41,13
57,81,21
1,46,2
66,69,66
38,70,33
45,91,55
36,80,42
2,42,78
1,51,28
13,52,63
34,39,47
17,55,81
21,50,13
25,53,56
44,81,12
12,70,74
8,29,4
60,65,26
3,54,47
12,65,70
30,39,93
7,10,83
5,12,23
30,55,99
17,75,67
29,57,60
65,72,7
5,69,47
79,82,72
10,55,82
12,55,33
5,18,68
17,34,86
68,73,29
8,90,92
12,57,15
33,64,17
21,75,86
34,58,37
16,28,44
5,83,17
8,54,13
46,90,72
30,51,80
45,77,71
35,88,54
23,77,41
26,73,12
33,66,35
24,64,23
48,68,39
14,89,22
20,68,79
32,83,63
8,18,26
29,38,95
20,87,20
15,39,30
25,76,45
1,80,100
1,53,77
1,79,46
5,42,8
56,81,2
0,87,51
21,22,90
51,60,67
10,12,30
13,61,65
36,73,98
8,33,30
14,82,51
0,68,46
40,76,3
38,46,45
15,89,79
39,53,63
46,63,55
64,81,44
68,75,80
22,25,17
38,92,33
7,68,33
62,66,3
44,72,44
37,59,89
30,61,47
3,30,19
82,83,59
0,16,67
1,75,95
12,81,52
49,74,49
45,60,82
64,71,88
7,23,78
17,88,78
55,73,47
19,20,91
5,38,36
16,17,37
33,42,78
8,55,40
37,46,28
17,79,13
29,82,93
46,67,22
18,39,15
17,42,75
1,37,15
70,72,69
66,73,66
11,43,42
30,59,62
56,58,87
84,90,18
32,90,63
25,35,58
15,60,76
34,85,93
26,38,84
67,69,24
36,85,75
3,41,51
36,67,42
8,63,83
30,88,9
3,80,66
41,80,75
8,46,46
59,62,82
12,40,66
29,33,57
29,78,3
52,89,11
85,92,26
12,35,76
54,64,16
23,57,40
72,80,27
43,81,29
13,15,47
30,34,24
13,26,34
30,76,15
5,44,95
1,50,83
11,51,46
44,45,43
18,27,33
2,59,84
61,80,93
80,91,13
27,33,11
10,73,55
49,78,16
65,89,96
58,76,74
0,25,96
26,48,57
18,80,14
43,79,43
49,64,32
50,70,23
52,88,75
39,44,6
57,67,99
2,18,12
14,46,18
22,57,33
13,25,84
5,74,67
27,57,98
51,52,41
53,75,47
14,47,26
64,87,29
44,46,25
46,64,100
31,88,5
39,67,81
34,83,93
28,80,98
33,76,55
50,78,1
0,82,45
30,77,1
28,47,16
2,9,63
38,74,2
13,23,97
84,87,87
21,24,16
1,66,46
2,79,7
1,88,65
3,50,28
51,70,50
16,50,19
34,43,78
1,84,89
22,50,20
18,69,54
49,50,12
18,60,1
33,87,7
4,31,94
73,91,46
25,89,25
8,51,72
14,21,32
1,23,52
2,33,89
11,82,2
37,81,71
59,92,54
47,54,61
23,59,80
27,76,96
0,2,77
50,58,66
17,25,48
19,33,48
18,59,74
54,65,54
76,77,73
55,78,13
8,61,26
13,44,88
68,79,58
58,60,3
40,92,57
66,88,63
39,76,75
12,19,74
27,45,74
18,25,32
9,46,52
51,67,98
18,31,20
53,71,89
4,88,99
0,86,79
21,48,58
5,76,18
44,49,97
31,85,71
37,86,85
4,62,68
61,65,2
20,43,70
9,22,79
12,13,58
14,18,71
14,62,65
7,12,99
10,60,42
27,85,78
4,76,57
1,28,55
13,40,81
46,75,52
49,81,78
6,84,25
38,48,96
43,57,14
21,29,22
37,41,29
36,51,28
77,79,75
59,66,21
41,71,14
1,30,63
11,75,22
3,36,96
20,85,89
0,29,14
26,80,10
6,50,90
51,88,97
4,91,82
40,90,95
25,84,57
29,71,66
51,71,66
76,84,47
13,37,7
36,66,68
61,69,97
31,32,1
27,28,78
31,86,4
5,82,51
30,92,5
25,63,28
69,86,99
24,61,10
24,50,51
52,79,64
17,45,64
36,75,84
9,48,29
8,92,13
3,79,21
2,14,28
21,34,65
2,4,49
80,90,76
2,5,3
32,88,36
57,75,6
50,62,94
63,89,33
41,81,65
1,31,5
54,77,33
25,30,57
4,26,80
13,56,54
25,48,79
4,51,60
33,52,43
19,67,50
53,72,16
58,73,4
34,89,11
19,81,78
5,64,81
68,84,13
8,39,59
65,69,75
16,91,81
16,60,97
2,41,9
12,38,31
33,78,65
0,92,19
38,86,64
24,48,54
23,68,15
30,50,89
36,64,15
85,91,25
70,77,68
47,64,25
34,92,61
37,75,78
69,83,20
39,84,90
50,68,32
10,70,28
41,43,3
7,49,30
11,70,37
24,81,3
15,20,20
36,41,7
47,78,20
56,84,9
7,42,3
59,75,98
29,91,20
25,80,85
50,81,17
6,65,82
66,74,54
1,58,51
7,73,84
58,61,17
49,75,93
46,53,22
4,38,23
31,91,78
41,69,21
34,87,39
28,63,17
18,61,26
33,72,29
32,66,64
81,92,97
27,38,4
34,36,57
60,82,56
65,70,59
46,82,63
2,31,20
28,91,90
42,70,13
38,55,29
28,85,23
61,63,17
11,67,11
27,42,69
8,45,82
7,50,3
2,50,33
13,75,38
27,53,7
48,75,38
21,59,57
10,91,79
5,77,73
5,33,83
43,76,59
10,75,6
37,55,76
48,71,15
24,47,6
57,74,11
30,65,66
10,89,86
4,52,7
15,58,62
26,35,38
75,89,71
29,32,68
29,83,47
11,49,96
11,26,42
72,77,46
62,70,19
13,85,85
9,23,19
14,63,46
48,74,39
0,74,21
24,72,40
4,35,70
22,84,18
37,92,48
73,86,84
26,39,88
29,72,59
5,43,41
59,69,88
53,79,35
7,11,81
0,38,25
56,62,93
2,8,85
32,91,15
28,58,17
0,80,60
68,74,78
11,14,9
14,81,71
29,80,97
1,45,1
54,89,23
15,30,61
62,84,7
17,78,86
20,82,31
11,57,43
4,45,96
18,82,61
22,33,89
15,27,80
6,58,53
11,15,19
60,71,92
62,88,22
53,85,93
12,66,70
14,70,14
21,70,21
53,83,81
45,86,3
52,83,95
40,77,49
7,65,79
63,88,98
23,28,75
49,61,73
49,83,29
9,55,94
51,56,3
6,19,99
59,73,53
21,36,78
28,89,34
15,32,94
57,61,75
13,24,32
50,86,35
42,88,19
36,61,99
19,51,29
62,80,87
52,92,33
7,82,87
35,85,86
47,66,19
10,82,21
84,88,31
14,58,26
28,78,53
57,72,15
16,86,17
52,81,76
31,66,71
6,39,96
2,71,37
66,68,72
7,54,70
23,50,69
35,69,6
10,72,74
9,61,46
68,82,39
30,70,43
35,72,57
37,83,94
33,35,76
45,75,50
17,38,66
22,62,4
29,35,94
46,51,44
9,49,62
57,62,5
37,89,74
64,68,42
30,79,27
13,32,75
71,78,98
24,60,37
1,20,86
27,75,49
9,80,33
72,91,94
41,65,84
10,83,72
8,49,20
7,83,68
15,33,58
27,35,51
51,75,50
69,85,5
78,89,37
12,90,8
18,75,60
42,82,86
9,33,74
12,28,27
26,88,2
23,85,69
6,8,79
22,87,24
10,19,35
4,33,73
19,31,51
24,89,86
9,73,20
72,84,99
6,7,27
19,72,76
23,49,24
32,56,100
40,41,61
26,68,22
23,25,18
51,57,79
3,24,32
59,83,50
61,79,60
33,46,56
1,44,34
50,82,29
32,92,29
59,60,32
54,91,98
34,59,17
3,58,62
47,81,45
8,14,87
82,85,85
71,82,55
34,78,5
7,77,26
63,69,41
30,52,91
60,73,86
42,74,83
80,87,26
18,57,24
75,88,75
22,66,19
37,47,30
4,7,44
11,20,45
29,53,89
1,2,84
48,82,79
35,87,47
38,42,76
59,89,57
10,69,62
21,71,10
23,43,28
42,58,71
23,91,41
10,34,60
44,88,89
19,71,61
41,58,21
61,72,4
39,60,47
2,47,87
9,51,66
62,78,89
40,72,65
71,77,48
73,92,53
37,70,81
45,54,55
16,75,2
8,89,84
74,80,99
18,44,7
11,13,42
9,69,35
55,63,98
40,74,77
67,83,73
63,66,67
43,85,30
68,81,1
1,76,3
23,38,47
64,78,97
20,71,30
16,19,57
27,29,92
54,59,73
36,65,73
20,23,95
41,55,23
62,64,29
41,53,84
47,59,31
17,70,6
36,86,89
19,59,32
4,42,9
31,48,87
44,51,24
26,40,25
11,83,18
40,87,28
8,71,1
61,73,47
36,52,68
20,59,62
42,53,42
26,71,84
1,3,16
10,25,6
20,76,47
63,74,54
29,67,76
34,67,97
27,52,4
32,55,13
61,89,10
5,60,16
39,89,45
55,92,63
12,74,36
1,65,48
17,67,38
48,61,8
33,75,86
11,32,65
50,67,9
70,92,43
74,85,39
30,35,60
1,9,6
9,68,52
22,83,13
31,36,32
24,39,54
27,87,72
0,22,51
27,54,49
46,55,78
28,56,64
9,88,20
9,90,100
50,73,30
5,66,58
19,21,100
66,83,52
43,51,65
15,90,58
43,47,70
23,56,58
30,45,26
58,70,65
6,77,21
32,35,51
12,72,10
9,39,56
8,32,53
24,65,90
22,49,5
15,66,63
46,72,25
19,58,6
15,46,80
21,60,86
8,26,10
57,68,63
78,82,82
67,85,73
33,51,20
45,51,55
2,40,18
5,89,55
9,36,31
42,75,76
35,82,70
48,78,98
56,79,99
71,81,42
21,51,23
17,35,46
22,76,95
27,32,10
11,40,42
13,33,45
25,58,8
47,90,18
17,21,28
45,52,94
10,92,71
56,59,68
39,41,49
1,74,64
13,51,88
16,51,23
72,76,95
18,50,68
6,74,34
10,50,16
58,91,64
51,73,1
0,52,49
11,45,57
5,49,91
30,85,84
75,81,47
76,92,93
48,56,39
50,90,97
34,56,80
22,46,32
82,87,82
19,65,70
44,82,89
39,55,84
15,87,93
74,87,58
24,76,24
39,65,85
15,22,66
26,60,73
21,79,50
44,78,4
2,61,25
30,91,4
11,34,57
75,92,23
65,75,63
46,89,14
0,62,26
6,26,52
81,83,70
41,91,54
39,63,30
45,90,99
47,55,81
17,69,13
38,47,33
18,24,89
10,58,86
6,27,76
30,40,49
47,83,25
13,60,79
27,72,38
76,91,4
44,60,29
73,75,46
56,75,59
13,53,38
5,86,62
27,50,55
43,84,85
58,75,91
1,39,22
72,73,91
26,42,94
15,24,55
23,88,32
31,43,89
13,45,64
3,40,8
12,83,15
24,66,97
49,52,3
17,89,72
48,64,66
36,37,96
78,86,2
58,80,57
76,78,95
4,63,73
49,89,12
68,85,35
64,75,35
17,58,100
5,9,18
72,90,34
33,36,6
8,56,21
53,56,38
75,87,32
57,87,44
23,89,98
55,75,64
20,56,72
58,81,66
54,83,73
20,53,13
28,44,99
3,60,40
32,86,19
24,25,100
8,87,98
54,82,64
32,33,80
35,43,70
48,92,31
11,48,22
30,32,11
28,33,37
41,70,12
0,70,80
11,80,79
12,25,96
5,32,68
62,87,62
46,87,2
42,86,31
61,90,22
44,91,10
25,28,23
18,22,19
36,79,31
84,89,7
5,17,94
31,42,82
22,60,41
15,56,76
15,83,79
42,67,82
29,46,14
46,85,63
17,90,27
62,86,91
6,38,100
3,73,7
2,60,80
50,76,53
9,13,41
20,88,31
26,83,36
63,82,10
47,49,83
6,29,45
38,43,12
5,25,65
55,65,16
39,42,5
27,47,33
47,68,74
39,69,30
28,77,56
4,8,62
14,85,75
19,29,20
13,71,22
1,71,72
35,73,30
18,38,52
30,42,91
89,91,66
68,80,87
40,89,16
3,12,84
46,91,81
8,68,30
66,84,21
14,60,92
13,36,65
50,88,5
49,90,19
15,52,75
59,82,55
44,70,65
36,82,52
11,17,10
3,42,28
4,17,2
25,70,7
85,90,23
64,85,83
54,86,4
46,81,20
56,87,15
3,21,61
32,42,96
3,7,81
62,65,65
59,79,35
69,84,9
12,29,90
31,63,10
65,81,69
2,56,91
53,63,24
22,72,72
46,74,47
14,88,42
7,27,19
65,68,77
34,49,46
37,76,18
18,35,99
33,37,19
6,92,29
7,21,20
8,38,90
29,47,46
25,87,73
3,56,69
11,24,47
29,74,22
14,42,77
76,83,93
46,62,17
10,66,12
4,92,65
70,85,11
1,78,30
27,74,26
38,53,3
16,64,100
37,68,16
38,60,72
3,72,2
20,62,10
28,46,10
44,67,43
63,64,56
64,82,38
9,71,72
22,91,6
6,42,52
22,47,84
7,63,19
40,83,100
21,91,97
34,82,33
11,25,44
31,72,98
48,80,45
25,41,76
25,65,15
58,63,68
33,63,59
75,79,34
30,74,11
14,19,63
28,39,31
13,62,66
13,86,58
6,15,55
75,90,52
40,68,36
28,65,83
44,54,86
57,88,95
58,59,38
17,57,85
39,50,35
17,63,77
26,32,81
9,20,98
25,42,86
43,59,10
86,89,93
29,42,83
25,37,91
22,29,65
8,78,28
13,47,30
40,45,92
3,74,87
42,56,89
14,24,68
91,92,7
56,91,2
26,69,54
0,14,70
63,84,76
43,68,47
21,39,1
28,30,61
3,8,67
38,58,38
25,52,89
30,36,97
6,35,40
39,40,11
7,70,5
16,29,92
58,74,53
9,35,48
77,87,55
64,92,87
16,34,36
49,88,53
69,73,90
59,80,24
36,83,33
57,70,41
25,31,73
24,68,29
36,46,66
3,55,45
13,41,95
4,36,14
16,52,7
10,46,53
41,66,4
17,46,42
12,20,38
21,49,87
22,86,93
60,85,99
50,72,51
60,62,72
35,64,58
65,76,78
57,64,26
72,75,40
33,39,1
27,82,11
45,65,41
19,66,26
61,85,98
9,85,84
48,76,37
42,92,40
57,65,94
29,36,49
12,85,63
56,78,3
8,28,72
49,79,60
30,33,42
13,79,97
17,85,20
40,75,7
67,73,92
60,90,10
3,22,95
65,84,87
30,31,72
45,81,74
21,78,45
11,21,23
4,86,26
36,84,30
8,84,6
13,29,26
33,61,84
84,91,6
60,79,35
73,88,24
7,69,3
14,64,67
34,42,85
51,85,66
28,37,14
6,60,19
10,67,5
55,59,86
13,20,6
24,56,40
27,67,26
1,29,61
18,72,14
36,49,24
9,75,8
26,29,81
15,41,28
76,88,43
61,64,38
54,80,48
68,78,18
40,88,29
64,88,60
32,41,31
10,77,50
68,83,55
67,71,15
38,91,99
5,87,90
56,68,65
42,52,16
52,57,46
16,49,85
25,64,48
0,27,62
80,85,91
8,62,29
45,72,89
6,54,28
26,79,12
6,59,40
31,76,88
74,88,22
12,45,47
48,63,39
52,60,45
5,67,88
69,71,59
55,67,45
28,35,12
65,66,72
15,36,33
57,77,4
19,52,78
19,55,21
43,64,38
70,91,48
25,27,66
12,37,93
7,47,68
39,48,79
16,57,14
18,43,66
21,68,80
15,63,24
16,41,12
36,43,4
8,36,90
22,78,94
0,9,58
42,45,47
10,86,11
5,61,55
27,31,30
39,71,91
39,56,99
78,91,41
8,21,66
65,92,75
1,43,52
22,81,57
36,90,64
25,47,56
29,86,76
14,52,62
36,57,65
63,80,49
10,43,46
26,46,18
40,71,3
11,36,68
12,92,48
22,43,58
14,83,25
86,90,81
25,83,16
45,92,21
35,48,76
14,31,33
29,59,4
7,15,3
35,55,14
9,10,31
2,84,54
6,56,66
32,74,12
45,69,39
49,53,90
17,82,52
43,60,90
51,86,15
6,40,88
29,37,38
35,62,71
46,76,56
4,70,89
77,88,60
0,57,93
18,70,12
74,82,46
59,71,3
38,88,44
1,48,91
53,61,50
53,88,22
18,29,60
77,83,74
6,32,96
33,91,53
12,27,81
17,72,72
13,64,15
21,30,7
39,91,6
18,49,18
10,22,94
86,92,82
4,71,57
15,62,82
49,76,5
48,60,49
4,73,14
19,91,89
52,69,73
80,89,76
33,86,38
0,78,73
17,20,54
2,89,47
25,43,54
25,57,66
27,69,28
56,72,17
12,59,8
34,55,83
45,80,11
60,77,50
8,72,34
42,85,76
11,38,52
22,24,53
39,45,97
40,59,70
20,89,74
53,70,36
19,78,41
48,58,75
17,18,1
1,89,37
25,91,50
61,84,52
21,88,52
41,62,74
50,53,49
25,38,35
47,74,5
8,57,65
83,89,89
17,92,33
20,75,57
74,84,15
20,70,87
43,58,41
41,67,95
27,83,68
37,80,86
55,76,51
38,69,45
10,90,99
26,70,41
31,92,89
16,68,27
3,53,31
49,55,67
16,90,46
58,66,69
48,49,58
43,55,95
4,66,90
41,57,12
26,82,53
21,53,75
11,55,14
10,39,59
16,66,30
14,74,85
36,63,29
53,68,23
9,59,31
0,4,66
20,50,28
25,69,67
17,41,92
35,50,71
75,86,27
15,21,9
0,0,0
