10,16,66
1,31,68
0,27,52
4,17,67
9,13,36
2,4,92
27,31,54
19,29,84
2,20,85
0,31,10
6,21,25
2,28,42
4,31,50
6,13,96
10,22,74
12,13,1
1,23,67
11,13,15
14,23,74
3,15,7
23,27,30
1,29,90
0,17,21
1,13,7
14,20,25
8,12,60
3,13,92
10,24,62
23,26,10
15,19,36
6,8,5
7,8,67
20,24,72
16,24,2
9,30,80
0,14,76
6,24,14
16,19,31
11,29,6
0,8,78
10,14,9
18,22,14
22,24,19
0,11,30
4,21,84
1,16,91
12,25,32
18,27,9
3,7,52
2,18,72
2,29,56
8,22,32
4,23,24
19,25,55
8,25,70
2,14,49
18,29,12
27,30,95
6,12,10
0,9,72
21,29,28
13,14,82
0,23,19
1,20,6
6,9,75
20,27,21
0,28,18
1,26,23
1,10,61
10,18,35
4,11,41
2,31,61
14,27,21
18,30,83
22,31,56
23,25,13
26,27,12
21,27,6
3,23,53
0,7,23
23,30,16
8,18,67
3,22,60
8,28,78
17,27,10
16,17,59
8,17,11
8,13,36
20,26,39
15,29,95
6,7,59
6,27,58
12,15,33
12,28,8
12,20,77
2,30,2
1,15,98
5,7,19
17,18,99
11,28,61
22,28,20
9,16,15
3,26,61
5,28,87
7,22,18
2,11,19
8,16,95
14,21,14
3,8,48
17,28,44
4,27,49
12,30,25
7,24,64
7,25,57
5,24,61
12,27,42
30,31,50
4,22,69
5,13,90
11,15,73
17,20,39
0,3,16
10,17,81
14,22,63
8,11,61
3,27,96
19,23,77
12,31,80
11,22,84
5,10,30
0,21,11
19,31,54
13,28,16
3,4,26
4,9,37
12,29,22
3,28,47
10,23,21
5,22,19
4,20,44
6,26,12
16,31,18
1,3,26
16,30,7
21,26,34
2,15,11
3,20,18
24,30,36
13,22,17
7,10,46
9,27,23
18,23,59
15,20,61
7,17,42
17,29,33
16,23,29
13,29,15
1,30,53
0,26,12
7,23,73
9,24,8
14,19,96
13,30,98
3,9,88
3,10,33
5,31,14
1,7,1
2,25,2
7,26,10
12,14,22
17,30,10
24,28,82
13,26,68
22,29,70
19,22,93
2,8,17
3,30,62
15,25,37
12,23,59
5,18,25
13,16,84
11,26,72
24,26,1
18,31,8
26,29,93
2,13,93
13,20,55
4,5,21
1,6,6
3,17,26
26,30,68
6,18,62
1,19,85
17,19,80
15,30,76
21,22,92
8,20,75
19,24,45
9,21,36
9,25,96
5,21,36
0,15,13
13,24,26
10,29,43
9,31,33
8,19,81
6,20,14
5,30,91
3,24,21
12,26,38
10,30,16
14,15,12
3,25,59
5,17,22
26,31,67
10,21,66
20,25,82
3,29,35
14,16,5
2,6,71
4,15,13
7,29,80
17,25,3
16,25,42
3,16,58
10,11,27
14,18,55
21,28,11
14,31,67
21,24,76
0,13,81
15,28,38
16,18,71
15,26,3
9,10,35
16,22,25
6,10,40
18,25,20
19,26,73
8,31,44
10,27,55
6,14,67
17,26,36
0,20,88
15,21,53
11,14,90
7,30,57
18,21,42
5,12,95
1,4,54
1,2,88
13,21,70
15,16,45
18,26,11
17,31,20
24,27,27
15,24,74
17,22,90
5,27,77
24,29,10
3,21,30
6,28,90
18,24,57
7,16,48
3,14,34
14,25,43
20,23,24
7,12,46
1,18,84
15,27,23
18,28,53
6,17,10
14,29,50
2,19,31
5,19,39
6,25,54
2,3,4
22,27,93
2,10,30
12,16,7
12,22,21
3,31,28
11,19,30
1,5,25
15,23,71
2,27,49
25,27,25
16,26,33
1,28,50
8,27,45
4,25,6
15,18,96
10,25,34
4,13,25
19,27,46
5,15,21
6,29,82
15,22,36
10,15,4
13,27,46
5,20,14
7,14,73
23,28,75
0,10,24
10,31,83
9,18,64
21,25,20
8,23,18
11,25,50
25,26,52
16,20,85
29,31,46
7,27,16
28,29,27
1,8,43
5,29,2
0,6,48
16,28,10
5,25,5
5,16,58
13,23,90
11,30,34
9,15,93
12,24,46
1,17,7
7,31,62
0,24,75
29,30,28
13,15,32
12,17,45
10,20,15
8,24,23
14,17,55
20,29,7
19,21,5
19,30,66
8,21,75
1,14,75
9,28,50
6,30,23
2,5,52
20,22,71
6,22,10
16,21,49
15,17,97
22,23,53
8,10,93
7,18,97
10,13,32
10,26,10
28,30,90
19,20,72
2,12,79
3,18,65
6,15,20
7,13,74
7,19,82
1,12,99
15,31,32
4,18,89
0,0,0
