10,41,75
0,32,70
38,45,97
46,60,15
23,25,21
13,54,35
4,18,79
6,21,25
3,44,94
6,59,91
30,61,41
29,47,77
43,57,13
52,54,52
1,38,22
41,54,76
31,58,7
0,39,71
17,30,78
10,35,34
13,26,43
9,57,83
36,59,36
9,53,11
28,55,21
15,43,73
14,50,14
12,55,58
19,49,16
1,15,84
56,61,41
46,47,22
17,56,56
13,34,79
23,52,92
1,13,40
22,32,83
11,59,4
23,50,69
41,59,47
18,30,37
5,17,37
18,32,10
31,54,100
4,25,24
7,54,57
3,16,52
14,53,17
33,60,94
40,46,80
14,19,29
16,56,3
1,45,1
9,23,82
23,26,9
8,56,29
0,25,44
57,61,86
9,24,24
1,10,31
38,43,71
51,52,87
2,53,34
35,44,90
28,36,76
13,29,42
17,33,26
47,49,21
59,60,68
24,44,13
37,43,73
4,37,100
10,52,76
31,39,18
2,14,7
6,53,81
29,45,74
32,38,46
13,21,37
12,30,8
13,16,42
11,57,35
36,58,58
1,18,22
11,30,98
33,44,66
24,54,14
2,43,21
4,17,23
44,47,13
0,46,39
0,53,63
11,43,10
7,26,27
28,34,85
13,25,76
28,40,81
38,57,59
8,10,59
1,20,66
17,44,63
36,49,31
21,26,92
12,28,88
1,11,65
43,56,77
29,37,97
44,52,19
11,45,87
6,32,16
44,49,52
9,33,52
26,42,7
1,55,45
8,18,41
6,42,51
9,42,42
42,43,44
11,15,70
11,23,11
14,32,8
3,56,95
12,39,48
16,47,46
49,52,77
15,41,24
7,57,28
30,37,56
49,57,11
23,56,94
1,25,95
31,53,89
21,34,59
4,36,65
24,35,91
10,42,18
18,56,1
27,30,43
10,26,93
33,45,54
29,54,7
39,61,57
12,61,49
17,43,33
21,58,27
14,24,15
50,57,52
1,21,84
34,50,15
6,38,96
42,46,78
13,36,8
38,48,99
16,41,87
29,60,55
5,7,14
37,41,96
45,57,60
49,56,96
28,37,97
3,28,4
0,4,24
29,36,97
15,49,76
14,20,51
2,20,4
1,3,99
32,49,62
17,51,3
2,7,38
6,13,16
1,50,2
0,29,1
4,22,26
2,50,47
29,32,8
5,20,54
23,45,97
3,7,39
0,20,48
11,34,46
25,44,12
15,20,73
24,37,68
22,25,55
9,60,14
2,41,52
18,27,46
4,33,80
15,37,58
34,59,4
39,44,74
30,32,35
9,51,72
26,52,80
15,51,81
30,44,94
27,32,90
20,30,9
17,40,66
22,28,94
22,61,27
22,54,63
40,50,98
3,43,73
1,36,9
2,59,94
34,52,65
9,21,98
1,51,92
22,29,81
21,56,37
1,4,56
3,49,19
29,30,74
4,45,28
4,31,9
14,26,30
47,51,87
48,55,30
4,6,72
1,31,9
45,56,45
20,34,11
10,13,13
14,55,70
30,49,39
17,45,14
21,45,57
12,50,18
9,22,48
21,24,67
41,57,44
43,52,73
21,50,22
16,36,9
7,11,30
25,43,4
36,50,41
11,61,52
6,47,58
24,58,8
27,56,56
3,61,57
52,59,96
3,12,73
2,6,18
30,46,78
11,48,71
18,57,6
34,58,51
27,60,9
16,38,27
51,54,43
6,28,92
17,47,58
32,39,79
25,45,100
33,50,5
31,40,61
21,46,28
18,40,14
30,42,40
37,45,71
0,26,92
17,29,99
26,30,22
6,31,62
19,24,45
5,54,80
7,31,88
30,56,99
1,33,33
7,36,83
18,24,67
19,26,30
23,39,5
22,23,23
5,34,22
8,29,91
39,43,16
3,33,59
2,16,63
32,43,47
10,18,26
2,18,17
16,34,61
1,14,70
3,11,12
3,42,40
9,52,58
21,59,77
23,53,6
21,33,84
8,25,66
3,54,1
37,59,55
7,61,18
22,40,98
24,51,13
19,41,61
0,49,2
26,33,96
15,19,1
2,19,78
8,48,29
36,61,77
5,45,90
41,44,90
14,22,79
7,10,83
49,53,13
17,37,52
23,34,26
49,58,69
14,56,31
5,51,37
58,60,35
25,42,52
1,22,40
11,29,90
13,15,90
8,19,59
48,56,33
0,28,37
22,48,75
41,51,43
16,49,37
6,36,98
19,36,7
34,47,30
7,13,84
49,55,48
50,56,61
3,35,95
2,57,45
33,57,38
26,41,40
47,48,32
30,45,46
8,21,57
29,48,11
1,23,36
9,35,37
8,24,65
12,25,91
48,52,31
3,4,21
27,59,47
9,58,29
25,50,64
31,45,34
1,60,6
19,34,1
4,60,33
9,50,83
48,57,4
1,28,51
15,46,59
12,52,34
45,47,62
3,58,66
1,41,35
35,45,56
7,21,27
16,37,53
5,28,57
3,18,92
14,15,33
20,59,11
11,54,7
31,47,54
10,32,58
21,49,86
23,42,100
30,59,1
16,58,64
9,59,32
21,42,24
0,31,21
8,16,32
8,37,23
2,22,89
1,42,2
37,57,24
2,27,74
8,51,33
21,51,42
3,27,3
23,40,26
43,61,59
22,41,11
7,43,83
29,59,15
45,52,71
17,41,66
30,54,58
7,23,8
5,19,97
7,20,63
3,6,8
10,21,51
6,11,17
41,46,14
43,54,94
35,43,96
51,61,19
35,53,54
53,55,24
48,59,6
35,46,86
19,60,15
20,36,54
4,54,53
8,32,51
4,59,71
5,22,40
6,27,16
29,43,78
34,51,76
9,13,47
27,48,67
45,46,28
8,22,84
11,12,13
25,51,76
44,48,60
54,55,68
1,12,6
19,61,76
18,43,5
1,16,96
60,61,75
24,41,75
33,48,25
6,8,30
10,57,45
2,5,60
5,56,10
10,54,72
9,41,35
5,43,12
27,45,6
19,38,65
47,60,18
36,41,17
23,29,29
18,36,15
1,2,83
31,55,7
14,43,7
15,59,55
46,50,34
2,26,20
27,47,79
4,44,34
17,54,31
6,29,77
8,9,90
39,51,62
2,61,89
13,35,1
24,29,26
31,52,100
35,49,19
58,61,21
28,32,53
16,55,97
4,40,73
7,25,66
12,32,61
17,46,64
42,57,93
2,52,54
7,50,85
1,34,57
3,14,58
40,58,32
13,46,14
48,58,81
10,45,78
38,44,21
17,50,3
20,50,2
36,48,36
10,53,46
14,57,64
20,37,64
37,51,51
19,47,73
25,55,67
29,40,53
30,38,89
26,27,76
0,36,98
15,42,85
14,61,88
8,57,49
5,16,15
11,31,10
48,60,7
13,49,68
25,48,20
19,48,7
28,58,79
13,61,21
11,60,71
6,25,87
5,57,69
37,46,1
18,41,38
13,24,68
24,30,45
8,26,20
0,17,12
19,56,91
40,54,79
0,2,58
36,46,19
15,57,36
20,21,93
39,59,10
13,56,66
9,14,56
8,34,41
38,58,61
14,27,90
4,20,54
7,51,81
20,32,72
21,25,71
14,52,26
49,50,8
1,48,93
7,29,28
16,32,60
23,43,38
41,45,25
10,36,98
9,15,7
6,61,53
55,61,23
2,13,62
23,46,7
21,57,54
43,45,13
4,43,88
22,44,47
18,55,41
8,38,84
3,47,41
9,30,41
0,55,69
14,49,7
39,55,12
40,48,71
36,55,85
26,45,12
2,60,92
32,60,53
9,36,44
16,26,90
32,42,77
33,35,43
26,57,68
7,34,81
21,29,90
5,52,71
16,52,89
26,50,31
31,60,72
9,55,44
39,52,21
45,60,39
17,61,36
34,56,55
26,31,32
1,52,90
10,28,63
50,61,24
46,57,89
3,19,11
17,57,6
37,47,81
25,47,93
45,48,81
22,42,100
1,47,86
22,38,72
5,53,69
31,59,97
54,56,56
17,59,91
20,43,66
7,9,74
33,51,49
30,33,11
12,38,78
14,59,42
2,10,42
38,52,26
3,57,46
12,22,94
14,16,97
19,20,47
8,58,79
19,51,19
8,17,83
26,47,1
28,57,41
37,55,42
26,54,77
12,43,71
37,49,85
37,48,7
4,34,67
7,60,2
41,49,56
32,58,92
16,23,41
12,21,50
53,61,93
2,31,92
53,56,85
44,61,48
12,46,81
2,42,8
10,22,7
13,51,23
6,22,92
42,49,8
17,24,86
9,28,57
7,17,78
48,50,61
33,37,59
21,36,64
5,36,1
49,51,49
7,37,55
5,23,78
23,38,92
51,58,63
34,38,37
38,50,67
9,17,19
30,36,34
28,47,11
17,58,58
25,34,10
40,57,86
16,54,33
25,36,42
9,61,64
35,60,54
54,57,49
27,36,12
29,52,43
22,31,31
7,46,42
7,18,83
5,15,56
16,53,100
26,36,82
8,28,43
30,55,82
47,56,95
10,56,62
40,49,18
38,56,88
8,35,89
29,39,14
7,59,30
7,41,75
31,35,2
5,50,18
7,40,36
4,5,32
42,61,93
15,36,51
29,51,37
11,53,37
6,12,62
10,46,45
3,39,72
0,59,3
35,50,46
22,30,5
43,44,39
25,54,77
11,22,10
34,44,90
23,37,100
18,61,82
28,39,87
36,39,41
27,39,44
22,47,43
32,37,27
39,40,89
16,31,32
30,57,43
15,48,100
51,55,80
40,45,7
3,8,37
37,39,10
38,46,70
41,58,58
24,56,31
22,34,3
10,27,28
3,40,46
2,56,83
33,52,20
20,41,8
27,46,91
44,58,51
15,29,51
3,20,94
9,43,70
35,54,67
17,19,55
42,60,13
37,52,22
46,53,83
43,47,33
27,29,84
0,0,0
