5,31,98
0,8,81
10,13,21
24,25,29
31,35,12
8,28,98
4,17,85
9,24,78
1,23,65
9,21,10
15,25,84
5,28,53
2,37,78
6,30,18
7,38,98
23,25,75
2,27,63
20,22,17
23,38,54
28,36,28
17,32,69
15,16,41
23,40,30
2,8,4
13,31,35
8,39,17
21,26,12
3,25,64
13,37,46
22,32,9
4,31,81
19,25,28
11,30,63
37,40,6
1,3,7
7,10,97
14,30,32
1,8,95
6,8,81
22,26,90
21,28,18
6,28,48
32,36,31
3,4,17
29,39,18
23,29,67
5,17,59
6,9,25
26,30,37
0,2,74
12,26,31
7,14,2
22,39,51
1,6,87
31,40,25
8,15,34
6,37,89
0,17,71
15,24,4
22,37,57
12,16,72
12,22,55
24,32,4
34,35,88
9,27,86
21,39,54
7,32,33
14,40,50
14,25,11
17,20,92
31,39,15
28,31,85
6,38,51
14,32,95
4,35,62
22,27,97
21,29,84
4,12,18
22,40,44
8,10,69
10,21,58
31,34,21
25,26,2
15,31,92
17,30,71
19,36,3
4,34,97
2,38,23
1,5,44
15,35,71
30,31,50
24,33,25
24,36,70
13,23,68
10,36,21
1,19,88
24,27,20
21,31,89
18,34,43
15,34,53
28,34,12
4,11,39
7,29,74
7,37,85
1,27,61
16,40,62
1,32,84
18,21,45
8,19,20
12,21,38
11,21,28
35,39,76
7,22,22
30,39,22
13,34,2
9,29,86
8,25,81
16,30,48
2,33,74
10,32,100
10,27,52
16,22,83
0,5,51
14,22,78
1,33,50
22,34,26
1,39,85
2,17,30
22,24,15
3,36,69
29,32,64
14,35,72
11,17,91
33,36,93
25,35,96
23,26,81
15,39,62
1,2,67
28,35,23
10,15,28
14,36,9
6,26,94
3,24,12
19,35,28
3,38,98
12,34,74
3,39,99
12,24,83
0,22,60
30,33,9
10,34,45
14,31,86
10,17,39
10,40,74
15,26,53
7,21,96
32,37,22
10,39,67
21,33,73
4,19,51
2,31,76
11,33,42
5,26,4
7,23,4
4,16,16
11,18,52
0,33,81
27,32,32
3,37,45
12,38,45
21,34,19
18,29,68
32,39,85
13,28,20
16,25,1
28,39,96
10,33,81
23,39,77
15,36,5
26,37,30
1,17,52
38,40,33
27,40,89
8,33,59
13,14,71
12,35,2
2,19,89
12,28,19
29,30,36
20,40,16
12,13,32
14,28,13
9,13,41
3,30,15
3,6,36
2,5,9
22,38,37
1,4,9
17,39,15
24,39,40
2,25,94
4,38,58
22,29,78
32,34,79
1,29,70
16,26,3
3,22,16
10,24,66
20,25,36
24,35,51
6,24,90
0,29,76
3,34,23
15,27,15
32,40,99
29,38,24
26,36,71
5,9,27
13,18,14
3,16,41
13,40,16
12,17,93
5,21,19
22,33,56
21,40,75
8,12,4
16,33,65
4,26,40
24,37,87
19,34,63
2,39,100
1,26,55
19,31,35
5,38,67
14,26,15
14,15,13
15,17,32
5,35,46
3,21,34
9,10,27
0,38,72
19,29,65
16,32,44
27,36,69
7,20,49
9,26,10
1,37,2
10,31,81
23,24,29
20,27,14
9,19,9
29,34,70
22,31,46
8,23,60
11,40,28
27,35,49
11,26,81
0,14,5
9,12,6
23,30,20
12,36,87
9,37,78
12,29,39
8,16,50
4,5,13
29,33,69
4,9,97
0,34,21
25,40,92
2,4,60
19,24,19
18,23,19
25,38,15
15,21,56
3,7,89
0,9,47
8,13,5
17,35,67
6,31,53
5,13,92
0,28,8
7,15,97
10,18,6
26,32,82
0,15,20
3,8,13
36,38,88
7,25,71
6,13,77
0,23,73
16,18,2
1,11,68
9,40,82
14,37,21
8,31,19
7,31,75
11,20,86
7,28,61
10,16,5
13,25,15
18,39,10
21,32,76
31,33,70
15,30,16
11,25,40
26,39,15
3,10,91
6,7,13
14,19,1
13,17,21
17,25,39
0,21,17
15,40,81
18,38,13
10,14,94
27,31,84
4,7,44
14,17,59
11,27,65
2,20,20
22,23,95
0,24,54
0,0,0
