33,64,83
16,72,72
19,65,73
48,62,18
16,34,39
13,30,51
6,72,76
10,60,8
22,58,82
5,53,60
36,70,1
53,59,34
28,58,97
66,72,6
5,29,42
9,39,67
35,61,98
33,62,59
5,17,16
59,68,77
61,71,97
37,60,54
41,42,99
16,24,38
6,15,99
45,58,38
7,63,1
6,61,88
8,34,92
5,15,37
35,72,10
35,60,69
2,37,11
40,53,10
6,26,62
20,54,27
21,32,23
37,59,14
28,57,55
11,41,85
2,34,81
11,45,22
24,37,5
13,46,86
2,66,100
51,70,86
8,64,65
9,63,65
20,25,86
6,71,88
65,67,46
15,35,88
33,43,18
0,26,87
26,43,79
20,69,30
41,60,72
5,43,68
31,37,33
24,32,24
11,14,75
10,30,82
45,46,72
45,59,37
15,69,65
17,65,68
55,65,14
58,64,8
44,47,38
15,55,53
9,61,67
3,59,27
17,28,78
0,33,86
61,65,49
20,64,28
33,36,3
11,46,90
11,68,21
30,39,3
30,70,58
36,48,48
54,66,74
28,41,46
1,60,22
29,58,71
29,71,80
26,46,76
48,68,69
30,47,24
32,49,84
0,39,74
61,66,19
13,60,45
16,49,86
31,44,100
21,49,19
54,69,90
57,63,55
11,53,60
22,37,64
42,57,11
4,54,29
58,61,42
23,59,59
1,45,40
31,59,32
21,63,82
18,53,59
3,13,79
49,61,41
42,72,74
7,40,57
28,47,87
32,69,32
38,47,2
14,29,27
8,18,37
54,57,77
44,58,79
37,44,9
54,67,37
29,43,83
28,53,41
21,54,75
21,66,41
25,51,68
15,32,22
1,15,100
2,44,78
52,59,42
19,68,42
11,19,93
12,72,54
34,51,15
30,40,74
3,30,30
10,69,36
18,50,32
28,51,21
1,31,18
39,44,36
49,59,91
16,69,48
25,70,16
36,51,100
27,71,9
13,23,70
37,65,68
28,55,20
39,58,97
5,68,59
22,32,41
35,47,28
15,70,57
6,59,8
44,69,52
4,33,96
31,70,18
7,64,7
57,67,35
52,72,1
66,69,45
26,65,53
52,62,50
26,57,75
4,51,28
46,56,89
33,49,53
4,47,36
39,50,65
10,37,96
33,41,28
15,21,74
29,61,15
8,51,68
21,47,72
2,21,28
2,26,41
23,70,42
20,51,51
23,69,71
9,33,25
7,31,84
45,62,60
20,63,92
12,65,99
9,15,77
33,44,55
52,58,68
58,62,59
5,35,9
15,46,92
17,55,67
14,23,100
3,57,36
2,14,55
24,38,7
20,42,56
11,72,35
10,26,47
39,61,55
15,71,87
65,72,49
23,40,60
42,61,37
1,40,22
2,60,77
21,71,93
38,45,34
41,55,35
52,56,44
37,63,78
21,57,91
13,51,98
16,53,41
4,40,78
0,6,1
21,59,70
31,49,27
3,50,83
48,57,60
7,11,33
41,59,9
11,15,79
37,54,34
2,54,88
31,66,12
12,47,64
60,69,12
7,9,93
42,69,63
17,64,68
35,66,100
25,36,60
14,31,93
3,71,42
56,60,19
5,44,83
19,32,77
22,54,80
21,31,94
7,61,35
11,38,21
9,31,73
49,51,27
36,61,12
8,27,11
10,14,54
27,40,78
16,66,82
16,36,24
24,36,87
12,16,16
15,33,52
22,26,57
1,21,12
40,67,76
60,72,25
33,46,58
0,9,56
9,24,3
9,17,19
16,25,64
14,44,63
6,29,63
13,61,94
19,50,67
7,37,66
7,66,15
4,56,65
35,46,16
2,22,20
8,32,48
33,56,2
39,72,1
16,37,17
5,52,28
24,52,69
37,49,78
26,56,76
2,49,41
30,60,93
64,68,68
2,17,88
47,71,49
2,56,33
58,72,5
55,64,6
17,47,80
37,69,78
8,48,4
46,47,99
18,49,17
6,9,11
20,59,87
18,21,53
12,39,39
55,60,93
29,63,11
6,42,26
20,52,54
38,46,86
11,52,78
48,55,17
11,36,35
33,60,24
4,13,55
26,54,63
43,67,54
23,67,28
9,50,43
24,64,34
52,61,71
13,70,90
26,37,62
13,57,85
2,12,25
55,62,88
57,70,64
24,26,89
47,58,97
7,23,95
31,60,63
3,43,70
50,64,99
22,28,48
8,41,90
13,20,24
9,30,71
27,61,61
5,22,38
14,53,49
28,37,66
7,49,1
7,57,33
7,32,82
12,26,57
16,63,56
21,39,26
14,62,3
52,57,1
51,57,82
37,71,87
2,72,93
5,9,47
36,56,98
16,60,45
32,60,21
20,66,63
2,53,89
62,64,56
34,44,26
25,34,73
43,47,37
60,66,89
26,64,84
27,64,3
6,40,32
2,59,90
3,10,71
25,58,57
11,67,84
16,29,78
4,38,28
8,19,68
7,69,7
1,26,19
21,52,73
22,46,23
2,42,52
6,39,73
34,56,2
42,67,40
1,23,34
27,49,14
51,52,61
51,53,8
43,44,31
47,54,23
18,28,51
62,72,93
5,16,30
5,49,80
13,49,1
66,67,7
2,23,72
53,72,29
22,63,21
13,72,22
23,37,39
42,52,94
43,58,61
12,22,75
49,57,24
18,48,18
68,70,24
22,38,19
2,41,57
14,38,66
22,61,92
14,56,6
23,31,90
0,15,98
21,58,39
2,40,64
50,55,78
15,37,83
29,59,98
35,63,14
18,44,28
8,35,23
3,67,16
54,58,78
2,50,4
21,26,84
39,56,64
43,68,54
21,40,48
40,65,20
10,61,46
35,49,86
60,68,72
19,56,40
47,51,10
5,55,34
4,27,19
43,46,46
39,66,79
15,30,53
21,45,48
12,32,98
13,59,38
19,34,44
22,65,94
35,56,91
3,40,52
14,36,82
8,49,61
15,20,29
1,27,57
2,10,87
8,67,68
9,67,19
27,33,75
11,24,23
12,44,45
8,15,14
6,24,76
9,52,71
19,62,29
39,53,94
40,47,68
3,6,34
19,38,99
33,50,32
1,52,52
53,68,20
3,61,92
41,56,71
21,62,97
28,36,97
32,57,92
24,67,52
11,40,10
2,63,87
47,62,61
12,60,92
9,60,17
45,56,88
43,50,1
2,6,39
5,37,56
25,69,64
0,25,13
37,66,88
14,43,15
13,36,61
45,52,88
30,32,56
8,31,62
26,52,7
15,53,77
14,63,22
11,54,58
51,62,39
12,31,60
23,65,87
20,58,50
46,52,76
10,51,96
4,57,28
26,33,90
1,46,39
26,41,18
36,46,93
14,28,9
10,23,35
34,59,60
23,35,23
0,27,95
10,34,59
0,71,61
29,41,86
0,47,43
8,62,51
3,53,16
22,60,8
22,24,79
21,38,59
2,64,85
4,11,28
4,32,85
11,35,93
7,62,2
28,33,85
18,58,72
15,60,23
20,43,26
44,63,17
6,41,75
20,33,70
28,70,22
6,55,22
1,28,82
45,63,1
11,65,81
17,59,5
4,41,11
56,66,33
24,51,88
25,62,13
8,12,16
4,64,87
23,26,63
3,60,44
24,28,9
32,63,96
16,50,5
65,71,45
23,51,43
1,42,44
6,31,77
20,44,89
4,42,33
51,61,16
37,53,97
57,64,31
54,64,31
48,65,98
6,53,86
53,54,5
2,31,99
12,52,38
15,72,92
43,72,11
12,50,96
43,51,23
2,24,75
14,58,37
0,50,90
44,71,35
41,68,22
2,61,49
42,53,13
38,55,9
44,52,56
1,8,61
9,29,47
3,70,60
51,59,97
15,51,72
17,69,7
7,56,25
6,70,34
28,71,24
7,12,72
12,66,58
53,60,56
6,64,6
38,72,36
18,65,9
48,66,67
22,34,67
15,39,1
28,32,80
15,62,77
15,18,93
49,52,67
31,32,30
13,63,33
46,70,19
54,59,93
16,31,88
30,52,3
61,63,96
9,20,52
31,58,32
3,55,6
8,44,8
26,51,6
46,60,53
29,60,7
43,49,30
23,36,71
42,46,97
55,56,62
12,71,41
22,45,24
43,63,22
53,69,74
25,37,39
62,69,2
5,67,84
39,43,64
34,43,53
35,59,32
16,26,87
14,22,91
2,47,12
7,25,27
36,62,12
25,63,41
47,49,50
23,61,84
1,11,36
64,67,83
12,25,20
7,15,52
25,53,67
23,27,70
44,65,26
29,34,91
39,59,9
4,12,81
17,48,88
35,69,56
6,69,96
18,51,59
55,61,4
19,57,1
43,53,53
67,68,23
25,44,33
68,69,87
52,69,5
4,59,97
41,62,35
51,67,24
2,5,26
46,63,43
21,56,90
44,54,55
27,43,25
49,72,4
27,57,51
36,57,48
15,57,10
5,45,58
13,15,9
0,70,74
26,69,46
26,42,65
55,71,49
10,50,97
0,17,13
26,63,71
5,63,84
10,36,6
3,47,80
21,51,18
19,70,39
36,71,97
9,59,48
15,17,31
13,62,20
5,14,35
10,42,100
13,31,71
44,59,76
40,46,6
1,13,43
1,62,9
50,60,17
17,68,50
14,64,18
30,48,57
32,59,53
46,65,23
21,37,9
2,19,9
27,28,16
30,58,82
45,68,86
29,30,51
26,55,78
5,12,57
28,67,75
18,36,88
7,59,97
10,58,43
33,39,8
57,60,70
70,71,39
26,32,46
38,42,44
18,69,49
48,67,66
18,71,10
1,32,26
0,49,76
48,71,66
46,48,5
53,55,67
21,46,44
41,65,19
64,69,15
39,70,62
32,65,68
56,65,22
17,19,53
5,10,88
23,34,73
22,36,11
58,70,94
18,29,16
27,30,77
44,62,74
52,53,5
63,67,33
0,64,98
10,19,68
1,68,90
21,70,40
0,52,85
18,52,39
5,33,19
28,52,52
36,45,7
10,66,31
10,56,46
5,19,90
8,47,10
15,31,67
59,67,24
6,8,21
25,43,61
23,54,55
10,24,79
17,38,88
8,29,5
23,62,35
0,0,0
