19,35,78
10,13,77
15,85,5
54,82,65
52,75,69
32,61,1
37,81,17
51,65,54
15,22,24
2,20,24
5,14,8
21,32,7
26,37,69
30,52,14
17,80,95
7,31,59
4,16,77
13,73,9
36,64,18
12,47,27
44,74,28
24,56,51
32,43,4
42,64,77
16,69,65
66,69,65
32,51,34
52,73,85
26,56,30
2,83,80
35,60,19
29,79,99
64,77,70
12,64,27
14,18,43
19,51,8
29,48,78
14,44,76
47,63,67
33,69,4
31,62,62
15,45,75
42,73,35
51,57,79
33,38,53
25,52,18
36,50,90
14,58,91
17,64,7
32,55,31
38,55,60
42,69,2
14,53,73
11,19,82
11,52,63
33,45,58
21,25,98
17,74,62
11,43,22
40,77,38
20,34,56
40,85,84
28,71,7
56,60,63
72,85,47
13,79,46
37,79,72
16,82,42
74,80,46
7,51,76
28,35,45
9,36,50
54,72,19
15,37,57
30,80,62
25,48,34
40,71,55
15,40,49
50,71,79
19,76,90
46,53,90
23,25,16
42,79,82
69,79,60
17,68,53
49,63,50
9,40,65
6,54,63
3,62,75
43,52,33
30,58,79
43,60,39
59,67,30
40,70,64
28,57,26
19,71,15
25,26,69
6,59,72
23,77,95
28,74,81
51,71,66
14,20,85
59,73,93
47,72,34
54,84,34
19,61,39
32,62,67
46,70,60
53,74,42
18,21,47
39,61,55
67,82,62
35,65,91
42,82,26
26,74,64
62,85,77
12,26,42
30,77,6
15,24,9
25,82,25
42,56,26
31,78,1
33,68,91
35,39,77
30,41,10
6,43,20
6,80,28
47,65,97
50,61,99
29,85,39
8,33,77
9,35,66
39,76,64
56,59,59
28,65,87
3,34,57
13,62,89
45,64,24
26,57,96
65,80,65
42,59,50
47,51,70
54,75,16
4,15,64
20,41,41
5,50,35
54,61,73
3,19,54
79,81,32
35,66,6
17,46,76
22,80,91
22,49,52
18,48,30
69,77,84
2,43,34
25,79,99
44,68,63
39,56,89
23,54,59
17,32,37
35,64,93
66,76,98
8,10,59
36,40,28
26,54,25
40,62,1
74,84,89
13,16,75
62,73,91
23,78,74
3,60,40
11,73,37
3,15,37
28,44,74
0,59,97
71,74,85
26,44,45
45,53,89
26,45,80
40,82,28
33,64,60
34,46,95
14,72,21
64,72,76
4,28,21
30,40,97
28,81,82
24,48,29
2,3,74
56,61,92
10,30,81
21,45,48
14,63,49
43,74,73
21,55,15
27,50,5
11,72,63
53,85,63
14,51,1
4,58,72
77,84,49
53,63,93
31,84,61
54,78,2
15,36,58
17,24,72
20,65,64
22,25,65
7,17,46
60,83,8
23,55,39
16,23,70
18,65,32
66,68,69
2,85,65
46,79,12
35,50,97
41,75,70
47,75,32
4,51,40
57,74,39
8,41,61
17,22,15
59,62,80
5,34,32
2,70,67
20,46,53
6,83,41
83,85,42
12,15,69
2,84,60
32,57,86
53,73,3
19,22,10
2,53,56
5,63,53
70,71,85
13,58,13
16,60,10
44,47,84
58,63,71
36,79,69
53,81,44
2,40,3
17,28,59
27,28,75
23,38,71
49,55,17
47,83,51
1,25,21
6,71,18
3,66,11
41,65,18
50,84,70
4,37,84
30,33,94
16,71,83
35,54,55
16,24,61
1,62,94
61,80,21
12,39,99
55,67,13
41,49,79
25,85,63
14,79,82
18,64,65
62,79,23
6,35,16
3,31,57
11,31,69
10,15,23
3,50,50
59,74,80
26,59,10
1,5,41
29,31,62
69,70,32
34,67,35
29,75,28
45,68,44
6,13,43
54,80,5
9,56,86
26,75,13
5,30,62
15,34,4
30,39,67
10,85,63
15,42,67
43,44,41
9,10,45
12,60,72
21,41,15
1,50,16
5,27,91
8,34,19
22,41,41
26,70,63
56,71,35
38,52,35
40,66,50
27,78,47
40,57,92
53,61,44
56,72,31
19,67,18
11,32,38
34,79,53
5,73,76
7,65,97
84,85,16
7,60,35
12,71,69
24,33,99
76,85,7
3,24,93
31,42,25
20,54,85
20,78,66
34,51,96
28,70,46
34,84,31
2,16,72
78,85,77
42,63,89
57,72,24
36,66,81
5,83,27
8,70,27
21,61,6
0,26,54
17,53,27
68,72,44
38,46,44
24,46,23
53,62,62
49,68,33
51,52,22
5,25,74
82,83,58
5,17,96
22,65,89
43,72,74
10,12,75
17,63,82
25,66,80
30,51,46
38,44,98
12,20,39
28,76,18
41,77,21
52,67,62
2,66,47
42,44,80
50,76,47
6,75,42
0,54,93
74,75,64
60,84,37
31,63,67
21,36,81
17,18,4
25,71,57
3,17,52
58,77,65
52,72,95
37,70,9
13,21,82
31,65,61
70,75,33
77,85,60
1,61,12
9,18,57
52,68,62
33,74,15
5,62,97
23,75,69
38,71,98
8,49,87
0,15,51
1,52,13
35,44,63
23,51,92
22,32,68
64,78,69
71,77,40
1,45,61
3,64,97
9,33,47
22,46,33
26,50,75
4,85,94
47,57,45
10,76,62
56,69,46
19,85,82
38,62,97
6,78,48
52,55,78
50,54,70
25,80,51
14,22,35
63,67,20
8,54,34
39,55,3
15,21,60
17,69,86
16,58,61
19,58,87
2,39,13
13,33,63
48,67,92
6,18,10
21,71,29
5,85,51
14,55,77
4,66,7
33,58,58
24,68,70
9,59,90
16,56,87
23,30,21
9,39,31
5,48,36
20,66,90
61,65,50
9,63,32
49,51,94
8,43,23
26,77,76
44,82,45
6,26,37
2,72,61
59,78,12
63,66,15
12,16,46
59,65,69
33,77,7
22,79,33
13,23,49
0,40,75
71,79,43
62,76,8
22,36,32
34,68,51
20,21,87
15,58,2
10,28,7
12,19,58
8,73,44
55,61,35
47,66,51
13,19,54
22,83,97
40,59,3
5,47,40
18,50,86
65,74,80
36,68,88
6,44,8
37,43,7
13,18,26
0,83,87
40,53,83
2,36,36
1,56,28
2,14,57
26,55,2
6,65,74
43,53,6
80,83,40
33,76,74
38,47,9
44,67,9
11,15,8
35,83,62
45,58,44
51,54,84
60,68,53
43,83,5
28,33,67
10,17,6
26,66,42
1,82,32
0,34,39
6,7,38
8,80,97
33,78,88
1,34,13
25,31,29
66,70,62
17,67,46
2,9,88
15,57,87
22,69,41
73,77,35
9,47,42
5,44,79
33,41,18
37,58,57
43,81,15
15,63,5
15,51,7
29,63,73
2,64,73
61,71,26
27,55,48
3,43,14
39,63,24
59,76,78
56,84,85
45,47,13
8,52,68
29,70,10
24,44,5
28,54,97
12,65,22
69,78,41
4,49,23
37,61,91
23,41,67
25,59,73
26,78,71
43,73,13
17,33,17
30,75,78
1,64,12
14,16,77
0,5,89
11,56,74
36,70,16
0,28,20
3,36,58
3,49,63
21,78,23
9,62,93
39,65,71
3,58,70
24,39,37
54,74,38
3,32,85
37,64,22
3,78,44
1,70,63
30,72,48
31,58,11
4,84,54
55,70,76
51,78,6
7,43,49
9,51,68
38,66,41
39,47,44
42,76,77
0,78,9
39,70,29
41,67,58
27,64,36
51,77,87
12,21,4
21,70,55
39,72,93
9,77,26
27,43,74
10,54,29
56,70,22
30,82,55
41,79,57
18,81,90
75,76,58
27,66,82
22,68,50
21,64,4
10,34,33
26,68,66
11,68,98
31,41,86
68,82,81
19,27,12
34,47,64
57,60,29
18,43,78
43,65,30
0,33,10
53,64,33
12,37,98
4,62,24
17,19,54
57,81,57
68,78,69
59,82,29
4,7,83
39,69,77
48,60,63
42,53,2
17,51,7
10,55,19
42,46,18
64,71,35
35,52,57
21,40,96
23,69,54
16,29,16
7,57,63
29,47,38
77,81,46
15,17,30
42,62,10
6,63,95
8,38,90
41,71,66
0,52,62
9,14,55
48,57,93
24,58,6
24,57,25
55,58,72
44,56,46
38,54,93
46,85,76
44,83,71
27,35,81
73,82,24
80,81,46
50,60,18
46,75,17
9,67,39
40,44,92
20,47,35
37,66,67
65,70,45
21,26,57
9,43,77
38,82,64
14,71,44
8,19,18
15,55,58
80,84,98
2,32,53
28,43,41
6,53,13
79,80,18
32,59,7
10,24,67
25,51,34
5,56,82
25,28,77
15,64,32
11,78,39
43,63,89
34,50,80
27,77,87
43,66,98
10,40,95
4,61,32
54,68,29
72,83,2
43,75,70
10,84,1
37,38,4
4,46,5
38,40,12
32,80,11
32,85,34
13,17,17
29,65,51
15,79,80
24,61,44
28,59,19
9,22,93
15,39,87
52,74,61
1,29,76
12,38,30
33,50,46
3,53,38
35,36,13
23,29,16
9,41,82
3,70,74
48,55,78
5,65,64
66,67,51
56,66,51
38,60,78
27,80,20
16,39,52
28,75,20
19,49,57
14,38,93
6,37,66
40,84,60
17,39,85
7,63,7
12,33,6
36,63,88
11,61,32
11,26,72
31,68,29
14,77,87
0,29,63
56,74,32
22,44,85
33,49,46
19,31,92
63,64,24
11,22,84
4,71,31
45,75,41
11,27,74
60,76,52
1,4,88
21,38,26
22,58,60
22,50,57
29,83,33
46,59,3
60,85,3
23,73,9
25,58,75
23,50,76
33,53,94
9,44,5
9,79,57
56,83,96
16,74,59
7,80,48
27,69,33
50,78,14
59,64,76
74,85,93
38,72,12
54,83,40
2,49,28
11,85,63
29,44,95
35,43,83
32,72,57
43,57,42
7,24,38
60,71,99
64,82,78
37,63,1
22,30,65
43,78,76
7,28,40
10,53,70
76,83,31
41,82,27
0,3,72
36,61,90
27,68,87
39,85,34
10,36,26
30,54,41
2,11,12
19,83,81
9,65,21
5,21,27
19,50,63
34,40,92
30,49,2
4,29,36
0,9,11
7,27,62
38,56,77
6,48,84
41,47,69
28,62,5
27,73,12
8,76,73
5,13,33
1,77,86
56,75,37
26,39,14
17,35,59
15,77,62
30,73,84
41,55,43
69,85,95
53,76,34
16,33,62
13,51,18
19,38,82
6,15,18
46,71,7
51,70,27
14,48,37
42,49,89
50,83,29
44,84,7
20,48,53
11,51,38
71,73,82
22,76,63
43,80,21
61,78,22
8,22,42
19,34,54
21,27,57
78,79,60
19,26,85
15,76,51
0,75,9
48,82,73
10,72,86
23,31,42
47,52,81
17,58,15
53,70,9
12,67,45
53,67,46
25,55,3
32,58,94
7,13,85
24,30,97
16,63,93
26,52,34
5,19,66
72,80,27
44,73,16
17,83,45
48,56,31
21,47,18
1,85,20
32,71,35
19,53,43
21,58,40
16,27,90
2,7,8
6,12,43
37,46,22
6,77,35
27,84,66
4,75,61
52,77,32
34,63,97
1,49,24
21,29,92
13,32,87
12,50,37
2,38,52
14,82,83
52,76,56
50,79,87
12,51,83
23,65,13
17,26,20
4,38,45
68,77,92
49,81,46
2,8,94
22,82,81
14,31,75
12,14,10
5,11,13
5,59,93
30,43,28
53,71,58
44,64,83
33,62,47
74,82,18
4,17,96
11,69,39
14,67,32
35,71,27
3,35,59
62,83,31
37,82,51
23,36,81
45,54,20
4,53,24
60,73,99
81,82,59
8,56,15
44,51,68
10,22,81
73,75,41
57,69,75
34,74,63
12,57,37
29,76,3
7,45,30
78,83,7
2,10,38
8,74,89
41,63,35
29,59,8
3,42,80
6,49,74
5,66,65
28,53,83
60,78,42
28,55,20
49,85,50
39,83,76
9,52,3
34,56,34
52,84,21
36,46,44
55,84,90
31,39,50
31,49,91
20,43,73
2,77,58
6,14,82
6,47,13
60,63,76
4,70,62
13,78,63
2,29,69
14,68,65
37,55,33
16,53,64
1,58,68
4,6,1
31,38,51
9,76,97
21,31,45
48,81,44
25,32,66
57,64,64
31,36,84
29,42,6
40,55,11
11,30,53
52,66,82
44,78,91
6,9,21
29,37,1
40,79,24
0,56,4
12,36,27
3,75,21
1,76,76
36,49,11
14,59,12
11,47,56
26,49,76
35,70,30
22,63,20
41,45,79
2,21,31
2,44,96
49,59,23
1,74,94
6,42,51
38,53,90
18,40,63
11,42,68
12,53,80
31,45,25
54,56,93
15,70,54
57,77,7
36,80,4
30,78,9
23,76,94
22,40,86
6,55,97
12,66,89
27,30,9
6,20,44
49,57,88
6,46,61
50,64,56
39,73,94
31,71,79
55,56,93
39,71,30
42,72,15
65,85,20
30,37,26
15,26,26
15,71,58
49,74,57
1,66,89
35,37,46
14,74,64
13,24,35
37,48,79
8,17,35
0,38,77
48,73,82
30,48,24
19,29,6
46,68,37
38,78,61
68,85,22
14,78,33
3,23,30
3,54,6
15,66,28
25,68,90
19,40,22
32,52,17
82,84,63
26,83,59
7,77,9
10,69,68
0,68,93
39,80,48
4,80,78
14,24,8
15,75,28
34,78,27
5,32,27
47,62,96
53,69,32
12,56,35
57,65,40
21,49,20
41,70,1
43,48,3
12,78,28
10,26,4
31,50,7
23,58,38
21,74,50
76,84,49
24,27,72
29,30,76
19,84,44
26,58,17
20,85,59
37,59,17
3,51,8
37,41,18
58,74,69
52,85,26
38,67,23
17,55,57
65,81,73
1,84,98
5,61,26
35,62,1
7,67,28
54,76,90
10,19,41
18,39,35
56,81,68
2,12,37
19,62,28
7,76,24
69,73,61
4,11,38
45,56,21
12,13,19
7,19,13
29,68,61
33,85,39
10,48,84
61,68,44
5,60,88
37,84,99
10,70,82
24,36,93
51,56,70
22,37,43
28,37,75
52,54,77
5,42,32
31,53,36
35,49,65
28,77,20
34,76,36
72,84,34
24,32,52
28,80,15
48,85,33
47,60,58
24,84,54
7,64,23
8,85,44
25,40,90
5,49,8
46,64,40
31,33,9
34,37,66
18,38,56
0,76,73
10,25,40
52,69,10
28,30,20
0,7,95
21,33,82
4,73,33
29,66,89
45,72,15
22,52,82
43,58,90
19,74,67
50,51,32
72,82,70
5,15,81
16,49,70
16,21,31
57,79,47
46,62,71
25,50,74
68,69,7
2,15,13
3,81,25
23,63,29
47,79,73
58,62,26
48,54,43
14,36,12
50,69,72
3,27,48
82,85,12
47,50,88
14,19,98
4,68,98
22,59,98
21,76,68
39,84,73
28,63,99
67,74,45
14,49,62
27,70,91
1,18,60
19,57,7
41,46,58
0,23,90
26,32,24
15,82,2
27,59,3
6,85,46
11,57,47
27,85,19
51,72,52
73,78,77
39,64,2
5,39,24
56,67,65
8,77,92
1,21,27
3,68,9
24,77,90
20,26,76
13,39,45
46,51,40
5,69,40
5,77,75
4,55,67
63,81,17
17,30,62
50,75,67
33,75,11
32,66,83
62,64,64
12,69,81
20,27,44
7,10,12
21,35,63
0,35,97
9,20,87
32,77,78
68,74,5
29,32,70
61,85,76
10,63,3
18,29,18
1,73,67
11,76,16
34,49,63
16,61,35
21,84,43
3,5,67
2,74,62
41,76,25
6,36,62
34,61,50
9,81,15
29,73,8
27,52,74
23,82,24
20,76,7
22,31,5
48,59,3
25,65,81
8,9,89
20,24,43
18,37,91
21,67,26
6,39,48
21,68,65
35,61,15
72,73,43
65,75,76
72,79,98
58,59,84
75,79,38
9,68,64
25,83,74
20,75,66
3,44,60
21,46,13
26,64,98
41,68,48
12,18,85
10,39,97
2,62,62
18,36,28
56,82,89
0,6,79
8,83,93
17,41,74
34,57,56
18,84,88
7,62,48
49,61,73
20,59,27
3,59,3
55,66,38
18,49,25
31,66,57
23,46,46
23,83,26
30,66,60
79,84,45
57,76,97
10,83,98
57,67,84
13,45,95
75,83,14
48,74,18
24,37,15
17,84,7
62,65,93
15,48,12
19,79,59
1,27,41
4,19,63
55,74,67
3,48,63
26,28,30
44,65,39
20,44,72
20,77,6
30,42,84
5,45,10
11,74,51
8,23,70
12,54,33
32,79,6
36,81,29
56,73,14
0,66,81
52,61,85
45,49,27
41,61,87
25,63,27
68,79,84
5,53,34
61,66,17
79,85,3
25,54,39
5,33,97
14,52,73
10,32,6
12,63,91
29,82,15
44,81,32
36,58,29
4,22,92
5,6,49
24,80,75
12,46,7
14,62,95
7,34,30
10,42,46
31,76,22
10,14,86
25,49,95
14,35,76
14,81,74
22,71,58
83,84,42
29,33,28
18,61,63
38,42,50
5,16,54
53,78,6
18,44,38
21,66,59
2,6,65
6,21,58
6,62,18
41,52,90
9,26,87
53,55,83
24,69,69
24,76,41
14,26,70
55,71,64
18,25,53
12,23,37
8,32,61
0,64,93
24,28,94
31,75,17
38,84,68
61,82,14
26,80,22
7,9,37
35,57,36
59,61,14
34,77,52
7,78,28
27,63,72
63,73,46
20,40,70
12,42,92
56,63,36
11,58,10
27,40,5
6,76,51
59,80,51
29,43,1
42,74,80
36,75,57
10,77,9
38,39,64
45,81,82
28,50,65
11,12,41
1,48,77
73,84,22
33,39,85
18,66,66
30,83,70
0,43,13
39,44,46
72,78,79
62,80,75
1,44,45
64,65,29
4,42,73
60,77,91
69,74,85
65,67,56
5,29,82
16,59,3
46,80,43
62,77,23
32,84,47
38,65,33
9,48,86
38,49,41
42,51,80
32,47,75
44,80,45
7,53,89
30,85,84
19,23,18
44,48,21
19,66,26
65,76,95
3,38,86
23,60,86
13,74,47
14,64,59
2,59,25
26,29,70
43,49,89
34,85,32
26,27,16
79,83,43
16,52,35
9,73,88
5,46,12
9,82,31
23,85,10
30,76,97
10,18,72
0,47,57
35,73,96
59,83,21
14,15,48
74,77,26
1,11,94
9,28,63
28,31,19
45,78,4
16,66,54
30,50,91
11,84,28
46,81,63
15,28,49
29,41,63
59,84,91
1,14,40
8,39,99
1,68,73
16,26,86
10,81,1
13,72,4
39,59,60
19,39,99
26,61,12
34,80,28
46,54,68
44,77,95
37,56,2
4,82,7
29,57,99
9,49,6
0,19,86
2,34,88
9,32,87
75,81,97
44,71,13
31,69,66
21,80,16
7,48,28
61,64,62
5,82,6
33,60,99
32,36,24
11,79,50
0,79,77
23,32,77
69,84,69
35,81,48
24,83,81
5,64,27
77,80,8
23,66,75
50,67,57
22,38,82
43,69,96
27,44,8
2,82,93
41,44,4
42,52,99
26,42,29
43,70,18
17,65,62
22,78,88
5,67,7
30,44,5
4,18,2
7,46,10
34,35,92
9,66,41
54,60,88
0,63,98
40,72,62
51,53,11
68,81,90
27,39,18
9,71,79
36,55,50
19,77,73
21,73,90
0,49,89
0,8,91
71,82,65
46,72,16
25,74,10
28,46,39
33,83,43
77,82,7
37,69,70
13,52,86
18,59,57
39,45,88
45,50,67
40,54,20
3,6,12
55,76,19
18,77,29
25,64,16
63,76,69
7,25,63
41,62,80
45,76,84
32,53,46
0,65,44
41,48,42
18,24,67
54,59,1
55,59,23
47,85,75
4,72,41
8,67,38
60,70,83
20,71,11
47,48,91
48,79,3
30,31,1
64,69,66
7,56,10
46,63,15
6,27,83
47,59,72
38,64,7
9,13,19
13,83,23
23,56,63
9,58,2
20,69,43
2,61,53
63,70,81
25,75,89
7,81,96
64,66,58
23,52,33
0,31,42
4,60,7
1,7,14
14,33,31
36,47,99
2,23,22
67,84,3
57,62,14
37,68,90
47,80,43
7,18,16
43,77,57
6,28,28
46,58,39
40,61,71
10,62,19
72,75,22
11,55,60
1,19,65
6,64,47
16,35,7
73,79,52
34,82,57
13,59,35
66,84,21
24,62,3
18,51,85
18,69,66
25,47,84
40,58,16
14,29,94
23,84,43
9,11,94
16,84,97
21,44,21
63,82,35
53,79,65
57,84,40
30,79,82
26,85,12
61,79,10
23,72,2
9,75,41
31,85,59
6,81,62
13,47,53
3,25,17
13,55,78
2,27,94
67,76,6
36,84,21
19,32,4
69,80,48
58,71,16
48,52,52
7,40,92
8,18,1
3,33,54
25,67,53
11,80,79
5,58,43
11,81,92
40,50,56
10,78,12
60,80,59
9,16,66
0,55,63
4,13,59
13,61,46
34,60,9
7,66,47
22,54,83
20,37,28
49,52,24
37,52,38
28,82,90
25,37,21
2,19,79
32,49,52
38,81,48
70,79,50
0,45,68
18,60,72
39,54,49
53,57,42
23,42,57
27,76,62
3,7,43
58,73,13
55,73,33
20,70,34
43,71,21
14,57,33
51,63,99
44,50,86
25,60,43
19,72,78
3,10,89
32,63,49
37,80,24
54,81,57
16,34,57
62,75,15
2,24,14
21,51,82
38,50,81
27,65,82
45,85,70
8,75,65
48,84,48
17,48,73
21,60,89
32,44,57
70,81,25
17,50,46
7,32,90
12,45,41
48,76,99
47,64,11
35,76,48
22,62,61
73,80,80
50,74,47
21,52,2
61,70,66
46,67,31
45,70,74
20,31,44
2,45,18
5,9,51
1,39,1
15,44,85
70,76,66
20,57,22
3,80,29
10,45,33
33,43,49
2,69,21
17,70,28
32,54,54
15,53,97
1,12,82
15,18,50
8,14,42
61,67,77
5,20,19
5,81,8
3,79,84
70,74,10
22,23,78
14,61,82
11,14,89
65,66,59
1,36,59
58,85,11
52,53,63
24,67,9
12,44,29
77,83,46
29,36,7
8,48,39
23,27,27
6,69,29
6,30,45
31,48,14
30,81,13
19,54,48
2,25,54
31,35,58
10,33,65
29,81,85
32,45,31
2,68,64
38,59,49
30,59,90
30,63,98
8,40,90
8,63,54
16,79,31
67,80,61
24,45,50
16,22,78
20,63,15
18,45,35
35,80,47
36,37,49
29,60,14
24,50,60
46,76,49
20,49,63
68,75,27
4,69,21
18,26,31
66,74,53
17,66,71
67,79,69
76,81,12
18,85,26
48,70,45
4,27,58
15,41,36
7,37,68
41,42,13
27,60,32
63,75,31
3,37,71
18,19,65
19,41,97
16,25,36
1,69,2
12,40,13
22,33,17
2,50,78
0,80,2
43,68,58
11,21,67
49,66,67
36,51,95
33,54,26
34,66,44
12,43,93
18,54,78
21,85,40
8,46,36
6,34,7
27,46,66
1,24,2
8,82,43
54,64,81
67,77,45
3,76,8
69,71,17
13,29,6
36,67,12
46,69,18
42,66,23
52,59,11
1,79,15
26,53,36
1,46,85
18,71,28
33,47,78
27,57,11
20,74,14
26,63,41
1,10,53
6,10,59
33,42,28
68,71,6
6,11,52
25,39,26
5,18,3
18,34,30
49,77,33
74,83,29
49,67,15
46,49,67
30,47,61
2,48,88
42,68,62
30,69,5
38,73,15
74,79,73
14,76,50
49,60,39
62,72,27
62,70,32
5,12,65
54,69,18
65,69,9
4,64,30
24,63,92
47,49,65
63,71,64
8,45,56
19,20,14
0,74,7
19,37,76
12,70,64
8,30,44
81,85,27
22,48,13
64,70,86
12,24,94
15,67,83
2,46,88
5,76,33
10,50,40
18,28,65
24,49,23
2,4,88
75,78,99
18,83,18
26,36,84
12,25,35
36,77,37
24,29,40
11,46,31
44,72,18
8,24,12
9,21,65
12,76,39
10,47,49
40,45,15
52,82,49
14,85,57
16,70,75
7,79,70
56,76,86
7,83,50
18,67,6
15,38,46
33,65,68
18,46,7
3,14,35
45,46,81
36,39,80
18,53,59
28,49,89
10,11,39
27,75,3
48,49,30
1,2,46
77,79,61
26,65,73
21,54,83
9,38,3
8,12,17
4,65,11
56,85,58
17,82,19
45,71,37
39,79,48
28,48,1
25,62,84
65,83,67
12,41,45
33,79,50
9,61,3
15,80,47
4,24,12
24,25,33
26,48,67
9,24,96
15,49,93
31,40,48
51,59,10
2,41,20
14,60,76
28,52,66
69,75,89
34,55,3
24,74,97
44,49,8
57,59,8
8,53,65
17,43,56
11,37,91
42,60,95
11,50,59
0,50,82
11,45,75
10,41,68
9,83,7
13,31,41
55,63,90
14,65,40
34,53,16
55,57,32
46,66,46
61,63,22
41,74,95
3,29,32
43,47,17
12,82,66
25,38,91
24,34,59
17,75,40
13,77,19
18,33,47
33,63,50
8,21,43
56,68,29
58,64,58
4,41,52
65,77,97
18,55,79
26,67,90
18,22,96
2,5,86
20,52,25
49,82,3
10,64,2
44,53,55
49,64,69
59,60,10
14,46,61
13,43,10
23,43,69
25,70,99
27,74,36
21,83,62
6,60,90
0,4,94
40,46,72
2,17,6
0,25,91
15,46,26
13,56,23
49,83,60
71,80,52
13,22,29
38,41,74
51,60,81
13,82,11
6,50,57
70,85,41
41,51,68
46,83,16
52,65,90
33,35,35
7,85,24
66,80,57
28,61,99
6,66,45
11,65,88
55,78,14
56,79,18
48,71,93
1,75,24
78,82,37
12,62,25
57,70,27
7,59,92
30,34,77
43,76,63
14,83,8
28,64,73
39,57,60
16,20,37
24,73,51
37,49,81
28,45,7
12,72,48
25,61,63
21,81,55
4,20,30
6,41,3
37,57,40
43,84,57
12,79,29
67,69,34
19,75,22
71,81,71
44,79,29
64,73,37
7,70,43
9,42,57
11,60,58
31,32,32
51,85,88
50,57,4
1,83,99
66,85,54
3,67,34
9,27,18
34,44,20
12,73,2
42,75,85
0,58,27
9,85,71
12,27,56
60,61,31
16,42,75
33,36,28
36,59,2
34,58,32
11,75,98
22,27,53
2,28,53
6,58,25
23,74,75
39,46,43
22,34,43
33,71,87
45,65,91
37,53,4
18,30,21
6,84,94
32,33,86
55,80,50
32,75,54
19,70,43
0,21,70
75,85,6
35,47,73
4,34,87
25,33,2
30,32,41
15,72,76
65,84,29
59,75,34
14,37,56
39,67,47
5,79,7
41,43,56
12,35,48
13,84,19
34,39,78
16,41,51
57,73,22
40,43,23
66,75,86
18,32,45
48,77,24
45,80,81
11,41,78
11,54,66
42,54,64
19,43,49
11,66,98
15,81,16
54,66,22
6,68,15
13,46,81
21,63,47
70,84,5
14,30,30
22,66,57
61,76,12
70,80,54
27,29,34
8,68,55
12,80,44
10,66,24
8,26,16
8,61,49
13,76,32
17,49,65
15,30,43
39,81,89
35,77,61
32,39,99
64,68,81
8,27,84
61,73,44
1,59,43
5,22,85
38,76,45
0,10,49
2,33,68
45,61,99
17,60,8
18,74,66
44,46,2
44,59,51
13,53,20
28,85,8
32,69,63
10,52,7
15,84,34
54,67,85
50,68,32
3,39,91
1,20,60
63,85,54
29,35,33
8,44,80
6,56,99
1,72,40
22,35,11
9,46,44
31,74,76
34,64,8
7,36,23
21,30,96
48,65,80
56,58,19
39,62,35
58,84,15
4,52,73
10,56,49
8,13,65
49,75,26
6,45,90
20,81,56
75,80,23
7,82,50
70,77,37
57,83,91
11,70,47
11,34,70
34,38,12
23,62,92
19,24,80
45,67,81
9,78,28
30,53,3
16,83,26
7,16,36
68,84,7
49,69,11
7,26,87
62,66,67
29,46,49
14,56,99
11,16,78
3,41,94
15,54,19
55,75,68
32,65,19
38,83,55
9,57,14
8,37,59
0,32,36
5,74,54
58,67,87
33,48,43
55,83,30
32,83,43
16,81,57
27,37,55
3,11,4
29,62,70
10,58,70
35,67,69
29,71,12
14,39,23
58,76,74
43,62,22
80,82,5
33,72,30
7,49,33
27,61,56
40,47,57
24,78,60
53,82,45
31,52,77
11,48,23
72,77,61
65,82,54
30,64,2
73,85,46
36,74,94
56,80,58
15,78,32
11,35,3
3,83,43
5,31,64
27,38,39
52,60,99
31,72,94
21,57,56
10,68,31
35,53,71
25,41,85
50,65,59
35,56,9
36,53,53
8,36,3
39,68,11
8,66,14
20,62,30
50,70,20
5,10,98
16,47,51
21,24,10
49,62,63
6,79,19
11,39,91
42,84,62
60,81,82
1,55,99
22,81,3
48,80,22
53,58,33
45,60,42
3,13,80
14,75,86
1,30,80
41,50,48
18,27,44
7,74,82
33,80,64
64,76,97
27,48,40
1,80,16
25,69,76
44,85,18
3,63,24
10,79,52
32,70,98
20,82,53
0,39,60
17,21,50
44,52,58
7,12,57
67,73,12
7,73,77
27,79,77
37,65,39
36,73,43
47,81,97
22,43,98
36,41,70
52,83,29
20,23,57
12,32,26
32,60,26
78,84,30
58,69,7
0,0,0
