33,45,92
6,12,26
9,21,35
43,67,83
33,39,84
23,58,2
5,59,9
11,63,91
4,5,23
2,34,85
8,26,83
41,52,67
55,66,84
56,60,96
34,60,56
39,57,30
32,34,99
22,61,96
40,42,30
3,56,52
10,25,71
4,71,58
11,12,57
17,59,82
30,68,77
13,17,44
25,71,72
5,44,23
0,6,25
32,37,88
24,27,33
24,61,68
3,38,42
8,32,81
42,57,96
3,18,91
53,67,4
46,62,4
11,51,31
0,65,17
0,46,95
16,58,8
3,19,87
63,68,8
59,69,83
10,43,24
3,34,45
39,65,12
57,59,39
14,30,22
37,50,67
6,40,28
18,37,96
1,12,32
7,58,22
4,52,41
20,37,47
69,70,30
7,36,67
3,23,61
38,69,58
17,42,95
65,70,70
29,44,62
23,33,37
25,70,60
56,69,84
30,59,39
21,53,77
13,50,51
35,50,79
33,58,26
23,50,68
43,52,85
39,62,41
29,69,92
31,36,61
24,64,15
4,27,88
24,43,59
59,67,17
33,54,28
15,17,72
12,65,100
29,66,66
11,36,31
1,28,73
31,39,54
9,11,76
45,52,11
0,22,87
2,10,83
25,61,51
18,40,63
1,17,27
18,43,11
36,55,100
18,33,69
10,44,38
53,71,80
15,34,47
18,58,23
1,13,82
54,55,63
21,39,62
37,42,36
5,12,36
46,66,72
21,62,25
18,30,90
45,63,98
25,63,70
39,55,53
5,56,23
10,31,90
23,61,48
11,56,99
50,63,49
6,49,74
39,70,72
35,44,46
9,35,23
13,36,7
28,71,98
27,67,25
19,52,45
42,48,14
57,63,51
3,60,35
6,57,73
12,70,71
12,42,75
47,71,93
28,30,40
23,51,99
55,64,34
43,56,28
16,36,44
21,26,25
10,58,54
23,68,60
35,55,1
38,48,13
1,40,75
52,71,46
27,62,40
35,67,76
55,62,89
4,70,100
21,29,58
28,29,12
50,56,19
23,32,84
24,63,2
13,34,69
25,59,70
25,51,2
29,38,48
52,55,62
23,67,5
4,54,97
8,71,39
1,19,27
29,61,31
13,64,71
12,41,5
37,43,63
17,53,35
54,58,52
53,62,9
16,43,82
0,33,90
32,59,88
36,54,19
36,66,25
46,57,11
12,37,95
25,26,75
34,57,76
2,41,73
52,67,24
34,61,11
23,34,100
6,52,52
31,59,75
23,52,77
2,56,37
11,20,20
43,61,7
20,33,8
7,65,45
5,31,91
31,49,5
50,51,71
20,44,23
48,58,88
5,54,83
25,39,34
14,61,55
35,62,59
19,57,60
49,62,9
10,64,60
28,70,5
24,36,62
33,52,36
19,24,64
49,65,66
19,30,98
28,36,89
11,48,58
51,70,81
36,41,63
57,60,21
0,56,99
46,59,89
40,55,9
10,67,18
35,37,1
18,66,69
6,44,94
41,46,83
19,46,32
1,44,74
22,48,12
44,47,50
3,32,35
13,41,18
30,40,66
3,27,25
2,26,80
24,66,85
1,4,41
14,45,93
22,45,62
18,38,62
15,28,93
3,11,87
14,53,58
22,67,49
14,71,22
21,41,66
9,54,47
50,64,68
0,37,33
41,57,13
10,26,97
45,62,42
60,62,61
4,11,21
36,51,49
31,64,30
48,71,51
37,64,80
50,69,85
49,64,28
4,59,45
17,29,44
40,53,11
27,61,22
4,40,76
48,59,35
1,71,63
60,69,1
1,63,100
2,65,57
60,71,56
2,71,11
8,51,12
5,52,44
8,43,19
59,66,57
10,22,44
9,51,51
46,49,67
40,59,82
38,60,61
34,44,7
44,60,3
61,62,27
25,27,84
6,7,24
9,34,86
47,53,17
8,47,23
32,44,31
9,15,50
64,66,89
11,37,19
32,45,55
28,54,49
31,69,85
5,69,74
3,65,10
19,58,40
51,64,6
23,62,20
5,32,96
51,61,25
16,22,94
59,60,53
37,49,18
5,36,89
2,27,13
30,45,94
50,53,24
10,68,49
31,66,29
15,59,9
18,45,7
19,32,2
1,53,76
43,49,23
13,58,5
12,71,34
39,50,44
9,33,79
12,68,36
10,66,24
22,58,37
31,71,38
38,56,54
53,54,33
28,59,65
11,38,57
5,9,98
0,13,60
16,46,38
5,28,95
7,69,1
38,44,58
30,52,87
10,30,25
20,49,54
16,20,55
36,38,2
6,34,83
10,55,8
2,3,79
10,54,20
1,69,56
48,66,52
60,64,53
0,30,86
15,57,45
27,31,81
7,60,99
1,23,48
31,55,92
32,69,94
4,18,16
56,61,71
13,66,4
35,65,8
25,42,95
65,66,14
32,54,13
4,6,41
3,53,6
43,48,78
24,60,6
36,52,61
8,37,84
0,17,59
10,41,56
21,51,80
26,42,98
26,49,43
22,66,66
16,55,62
31,41,38
9,25,83
12,58,26
16,42,66
16,19,15
46,55,1
23,54,36
55,59,50
46,56,100
16,51,43
22,69,9
8,38,99
8,50,18
29,57,11
59,64,57
6,9,37
12,59,35
36,45,39
17,41,97
26,34,19
57,71,54
7,29,23
21,28,54
7,42,78
23,26,100
52,64,22
13,32,61
38,61,27
28,44,17
16,54,57
24,69,64
0,39,20
24,65,71
25,65,80
51,54,67
24,44,27
35,57,3
14,15,48
42,62,69
23,57,9
20,69,22
17,44,90
9,50,54
4,44,80
52,57,35
2,55,49
19,36,13
30,55,26
6,25,77
36,70,78
10,34,64
39,56,29
45,65,41
34,55,11
2,47,92
42,56,95
45,55,93
30,41,69
23,49,65
58,67,26
37,47,27
8,15,73
44,66,50
9,52,63
6,36,42
17,70,96
28,67,59
27,70,99
3,51,85
37,66,64
10,11,39
12,64,4
0,31,7
12,56,54
55,67,15
16,69,67
35,64,88
10,45,11
7,24,41
35,69,57
10,40,39
6,50,33
41,47,38
18,59,25
18,24,36
33,56,66
8,68,55
52,68,4
42,69,2
51,59,35
4,66,30
1,20,42
19,26,44
45,68,24
21,59,90
40,61,12
35,70,87
14,43,10
3,29,94
23,25,91
7,68,23
48,63,60
9,16,29
6,10,19
44,57,74
14,33,32
19,71,74
49,70,62
20,29,19
21,33,12
17,40,65
17,28,94
9,53,26
30,32,3
25,57,13
0,18,8
47,64,28
46,53,46
28,52,11
14,54,4
8,9,3
4,41,45
3,42,76
39,58,71
27,34,85
23,41,53
11,59,38
7,61,83
21,69,4
31,44,21
16,32,76
59,61,42
2,43,27
12,30,74
26,65,46
10,16,41
32,66,49
4,8,10
47,63,20
1,70,86
57,65,90
1,49,1
5,38,17
14,35,59
3,37,77
2,45,94
31,42,85
7,9,51
18,67,21
10,42,25
11,47,44
0,58,12
2,7,67
64,68,5
11,15,85
13,57,17
31,48,6
17,68,46
26,44,26
8,70,20
12,24,85
2,51,50
19,50,70
2,49,91
8,28,9
19,35,55
33,64,100
12,52,87
33,60,53
27,55,22
11,39,43
30,56,38
51,55,88
0,9,16
36,71,8
0,25,71
7,10,14
15,52,16
24,49,31
6,37,97
47,55,84
5,14,48
55,60,66
19,22,89
6,51,39
10,27,58
26,60,64
24,57,66
0,47,25
3,39,4
20,23,58
17,67,45
26,30,75
6,60,73
60,65,3
29,62,16
42,51,3
14,18,82
33,34,42
16,38,26
1,21,23
17,60,88
7,48,42
58,60,24
1,31,47
6,66,74
25,54,9
1,3,23
9,60,51
16,40,7
10,15,37
24,28,16
27,65,19
21,49,85
6,65,34
0,53,74
46,67,19
27,41,49
51,69,1
31,54,59
32,57,47
38,41,68
17,45,70
25,38,88
43,58,25
5,49,54
8,45,14
10,32,19
39,43,39
5,35,37
6,55,96
42,67,11
20,35,95
35,39,84
13,46,1
27,39,4
21,22,38
13,40,68
52,65,73
21,42,18
21,70,95
57,64,100
33,66,29
18,39,43
18,56,39
39,60,61
3,13,18
36,65,21
20,26,68
10,46,26
4,16,84
6,35,64
21,47,29
8,35,23
8,16,34
22,39,80
20,71,46
22,47,72
53,63,19
0,67,50
12,25,70
27,33,92
16,24,49
12,36,67
25,36,52
5,8,67
42,43,51
58,71,63
7,15,22
22,57,55
18,19,95
16,21,21
27,29,39
27,58,78
41,58,71
4,48,76
3,62,98
31,40,73
26,57,43
18,61,88
24,35,79
20,21,97
10,50,27
13,24,64
9,49,17
28,47,14
20,60,62
30,36,96
30,35,42
19,60,95
15,56,41
47,60,35
40,60,28
5,17,78
13,62,7
47,69,31
1,47,52
49,57,21
3,5,79
0,0,0
