25,60,48
4,12,82
6,22,53
7,74,11
3,65,85
6,14,59
9,77,71
9,26,14
28,29,46
23,42,62
16,25,62
50,72,86
39,57,51
51,64,96
2,4,50
20,57,41
10,40,55
20,43,13
18,57,72
27,38,14
49,71,92
17,32,53
61,63,56
29,51,97
45,56,40
14,27,85
19,76,21
2,26,90
32,47,46
61,67,68
48,60,45
0,70,97
17,34,60
24,58,94
22,57,23
69,73,21
24,55,55
9,76,15
26,67,68
10,47,85
25,39,86
57,63,96
20,69,93
31,75,1
68,72,31
20,28,33
51,61,100
8,29,52
1,69,31
4,55,72
59,73,99
33,77,64
25,55,76
24,28,21
3,19,69
4,35,96
15,76,5
3,20,56
21,38,44
14,16,41
43,73,27
22,29,98
39,70,96
1,74,28
10,65,67
27,63,41
2,59,37
4,53,11
11,18,46
3,9,58
1,53,59
5,77,81
19,69,74
31,37,35
28,34,95
9,69,91
32,38,96
32,55,87
1,57,8
56,72,18
14,41,7
68,73,17
62,78,74
8,72,44
46,77,44
19,71,76
55,59,54
13,67,7
45,68,16
24,36,6
22,73,59
63,74,8
31,46,63
30,52,63
34,55,87
68,70,69
36,48,81
20,55,36
4,24,99
0,30,88
65,76,96
33,53,30
26,49,35
50,70,91
1,14,41
36,69,60
0,77,32
67,76,21
40,60,75
19,32,72
18,51,31
11,26,52
5,40,10
46,66,68
23,40,36
14,61,7
60,77,59
11,23,8
8,39,21
49,68,47
7,21,49
4,11,63
2,12,59
16,42,27
21,45,74
21,50,69
15,39,40
2,40,79
12,31,47
22,49,6
45,69,23
12,72,93
70,71,55
55,69,31
22,24,74
23,45,9
0,32,35
0,24,96
11,57,55
3,42,44
37,47,76
38,76,77
44,49,50
57,67,23
42,75,86
30,78,3
3,44,79
1,13,100
7,65,56
0,11,67
15,72,25
32,68,87
26,33,68
2,17,53
18,43,19
39,63,38
24,53,98
4,49,63
0,13,61
38,64,79
53,76,87
51,77,50
61,76,47
16,30,9
3,16,87
61,68,40
36,67,9
27,72,80
5,62,53
3,22,10
70,76,87
53,55,19
10,46,32
56,67,79
23,75,48
6,42,45
44,69,94
25,28,85
29,71,45
12,42,37
32,37,60
8,75,45
12,50,11
39,45,32
67,69,61
3,6,91
20,60,4
21,49,23
26,29,59
47,75,89
41,45,71
11,67,8
5,50,54
25,53,89
9,71,38
43,63,48
10,31,95
46,73,52
24,57,30
33,76,49
43,55,80
31,77,2
32,57,66
15,16,22
23,50,2
63,72,92
10,14,68
28,38,86
12,43,59
3,25,54
4,73,34
25,35,9
8,20,99
20,48,31
39,50,86
11,39,60
11,19,77
11,55,64
41,62,60
41,59,55
52,68,42
22,32,72
22,48,51
52,70,56
44,73,33
18,22,91
29,36,12
17,20,90
16,21,6
13,73,81
29,74,38
21,77,90
16,72,68
10,39,44
50,56,37
44,65,73
38,77,21
13,55,45
30,72,80
4,56,41
39,58,21
16,32,64
41,44,1
49,59,37
40,58,39
33,59,3
38,60,94
64,77,26
41,53,63
54,60,24
35,71,69
5,64,66
50,73,63
9,40,66
1,31,69
66,75,63
7,33,21
9,19,57
66,78,56
35,77,3
50,63,93
39,62,61
18,46,24
41,47,34
34,64,30
13,65,5
2,43,68
32,56,86
14,33,13
38,68,36
30,31,17
33,37,53
25,76,67
49,63,35
19,41,36
13,42,100
8,41,19
49,60,36
41,75,72
10,54,98
32,45,53
12,47,52
21,30,74
34,72,21
38,39,57
11,20,8
8,56,91
3,27,11
54,73,75
8,16,71
0,23,91
21,40,39
31,38,90
50,71,86
21,70,97
10,56,63
15,50,68
39,60,34
3,40,62
30,68,39
13,71,72
38,51,74
12,52,61
48,77,81
74,78,24
29,78,97
23,53,1
13,56,43
23,56,33
32,51,17
40,51,98
25,68,96
60,66,17
18,69,43
1,30,87
65,77,67
17,61,66
0,28,30
27,31,34
16,44,2
12,34,13
66,74,84
29,52,53
37,62,1
43,57,26
41,68,3
19,73,56
35,52,89
4,62,40
12,13,66
55,66,63
16,64,43
9,48,40
33,55,1
16,31,26
44,58,35
6,62,39
44,74,42
42,66,83
43,77,32
45,55,44
6,30,86
12,36,95
11,17,93
37,39,88
13,52,51
52,54,5
49,73,35
5,24,58
35,41,87
14,55,12
37,61,58
28,74,43
46,68,29
65,69,27
10,66,39
45,53,39
69,74,97
57,71,44
25,61,26
32,74,41
0,5,11
30,73,98
54,74,74
27,67,12
6,65,42
26,51,28
25,54,94
4,69,92
9,70,27
56,57,7
4,5,35
37,64,8
28,57,79
52,56,46
12,32,51
21,67,73
75,76,69
26,69,84
36,38,38
68,75,1
59,63,51
24,69,14
8,40,45
15,55,44
3,67,78
48,76,78
37,60,71
18,50,6
58,76,27
61,75,77
45,58,7
32,65,98
30,49,3
0,8,69
28,70,91
38,50,43
9,47,23
34,73,60
25,44,76
20,45,60
23,52,55
4,36,66
45,64,6
20,27,23
28,69,1
2,38,46
5,10,92
7,63,100
33,69,55
44,75,89
3,61,51
39,52,68
27,75,77
20,29,53
14,46,14
21,56,100
4,38,71
53,64,18
38,59,84
13,59,50
13,51,82
4,48,40
22,37,50
20,78,96
65,73,55
22,50,96
37,69,81
26,70,7
49,56,97
20,61,85
13,18,64
19,30,93
33,67,94
17,71,11
36,65,36
9,41,38
2,57,78
12,48,64
22,66,92
19,62,36
12,67,82
10,22,53
23,34,15
33,65,62
67,71,72
63,78,4
29,49,65
45,74,52
26,39,83
32,62,8
55,60,87
32,43,86
37,67,9
40,52,78
15,53,7
28,50,15
4,46,77
29,60,83
13,44,73
22,41,69
4,31,32
37,66,14
3,21,86
27,57,43
0,52,46
40,54,46
14,35,10
3,13,76
18,21,6
24,45,57
28,61,89
13,24,71
14,48,85
31,61,40
65,78,88
62,66,99
30,56,22
53,69,92
24,25,39
14,31,59
2,67,34
42,74,90
28,55,95
22,71,95
41,78,21
5,63,73
13,17,37
48,69,1
17,18,34
54,64,98
24,68,10
60,61,46
7,45,42
4,28,94
70,75,68
51,55,66
11,44,68
33,46,49
49,64,82
14,53,26
10,15,43
59,77,80
23,63,66
39,53,50
36,40,1
30,42,92
16,69,30
17,55,94
41,49,65
12,64,92
8,45,80
47,62,96
3,71,17
19,59,11
24,26,45
23,59,19
13,49,21
44,51,94
10,67,52
21,62,43
16,38,16
4,39,52
26,62,24
39,77,56
8,61,30
44,52,45
52,74,97
28,56,100
41,71,23
18,30,52
9,65,46
71,77,81
30,45,18
14,69,8
10,70,46
75,78,42
0,25,77
35,56,10
13,29,30
64,74,58
11,50,21
27,76,61
68,74,78
58,74,60
19,52,37
15,75,73
59,72,45
16,73,41
40,49,35
2,58,49
1,45,72
34,71,23
23,31,68
5,13,59
0,22,54
26,31,98
39,49,77
23,24,56
21,28,95
34,67,9
25,71,96
4,54,63
45,62,15
24,46,45
26,60,4
4,18,71
19,57,57
74,76,16
46,71,79
42,68,53
61,77,62
25,29,48
31,70,20
1,73,22
21,55,20
26,72,36
19,31,21
43,58,33
26,61,93
38,45,74
23,27,43
3,23,84
8,15,12
23,47,75
58,73,40
15,57,49
30,33,18
5,56,63
11,13,34
12,23,38
32,67,70
0,51,49
31,74,76
17,25,67
21,63,81
12,56,65
35,59,28
2,70,79
0,35,81
46,72,96
30,77,21
0,76,58
59,71,59
0,57,97
32,69,18
10,55,81
34,45,88
41,67,100
3,75,99
20,34,3
6,63,92
3,59,18
4,33,5
16,49,71
0,60,3
25,62,92
15,30,25
34,40,89
26,35,61
19,42,28
23,26,72
30,44,90
27,47,57
16,17,64
12,51,81
14,43,52
39,78,1
31,76,69
4,70,57
6,27,52
52,63,16
27,28,30
38,40,69
43,70,54
6,18,30
41,77,88
6,23,67
24,65,59
45,77,64
48,59,40
35,48,64
5,45,69
12,16,13
13,48,36
8,26,36
19,36,86
28,72,46
45,75,31
8,68,5
26,38,46
27,36,79
46,76,94
37,73,43
5,9,63
18,41,18
7,61,24
18,65,33
40,53,1
9,21,15
27,61,60
28,48,90
9,45,21
25,50,13
1,28,41
1,32,11
35,67,40
2,37,58
27,50,4
9,57,33
10,63,53
19,24,21
7,57,32
13,72,64
42,71,67
31,66,12
7,47,71
20,46,55
17,31,84
24,39,36
39,73,97
28,52,99
0,54,68
3,35,94
6,41,10
12,21,28
27,32,1
10,64,52
3,10,25
15,67,9
16,40,98
5,46,17
39,41,100
9,53,55
2,68,48
29,76,72
39,44,71
1,4,16
24,72,46
23,29,85
15,40,19
22,64,28
10,44,92
8,59,10
19,45,69
24,37,81
5,31,49
14,39,28
42,60,64
0,27,13
42,65,75
13,22,53
2,47,36
34,41,15
22,28,49
38,55,39
30,47,37
5,72,18
29,33,77
39,43,45
44,61,12
15,46,6
48,67,57
16,74,20
42,64,57
21,57,63
2,69,32
24,56,73
22,70,40
26,44,22
19,63,3
48,50,21
40,77,78
8,71,82
51,73,53
20,41,98
43,61,48
1,59,100
1,40,17
6,10,8
2,15,91
0,15,64
2,22,4
9,62,43
37,58,39
0,75,37
37,56,66
8,51,74
0,72,79
16,53,87
26,64,91
2,72,65
38,74,63
10,61,95
2,48,17
66,76,81
4,68,52
6,21,15
11,25,29
6,55,57
55,62,8
22,43,17
53,77,84
2,53,70
58,67,86
3,29,65
54,72,99
4,29,56
34,37,39
33,50,19
0,47,49
37,78,23
49,50,21
52,59,76
18,55,24
5,25,88
10,32,64
34,77,38
20,65,31
7,54,9
34,58,72
11,71,53
41,52,22
7,41,10
56,60,14
43,64,11
2,30,18
57,65,9
18,61,14
27,30,86
20,63,38
32,58,12
23,30,24
29,31,10
23,71,34
39,75,93
47,76,100
4,17,61
52,62,77
2,7,33
25,67,58
1,18,77
58,61,74
8,35,67
7,19,90
63,71,45
4,22,76
56,74,48
19,22,16
54,58,19
29,67,79
5,21,31
38,46,53
3,55,3
43,66,12
8,49,21
46,75,89
69,76,13
48,52,85
13,33,60
8,73,73
26,53,81
47,56,12
37,57,29
20,72,44
1,66,7
18,33,95
41,63,23
35,50,78
57,72,38
4,42,21
4,67,5
24,67,65
70,74,94
76,77,83
34,65,15
2,52,54
14,29,55
21,43,5
23,43,51
8,63,72
0,40,10
74,75,75
3,57,24
36,39,74
33,70,97
8,66,74
25,27,4
17,57,8
47,59,98
52,69,69
2,31,66
43,67,70
49,66,87
27,41,51
47,70,11
0,39,22
39,61,34
12,17,51
9,78,8
49,77,5
22,35,42
18,23,71
12,73,23
46,65,27
55,74,61
22,63,64
11,68,60
36,77,61
6,37,81
62,76,9
14,73,13
25,65,9
24,60,33
37,59,51
0,43,18
6,24,10
0,33,64
10,76,68
25,46,2
13,57,97
1,48,88
52,57,74
27,46,64
17,38,24
15,31,85
21,25,82
25,47,37
7,24,35
2,44,66
8,76,58
16,60,94
28,66,87
42,77,52
16,77,40
25,31,13
14,72,43
20,33,93
13,27,42
39,55,79
1,58,31
28,33,82
43,75,74
21,78,71
16,27,22
68,77,79
27,60,91
11,21,15
11,56,8
3,50,62
5,66,94
11,70,93
5,48,17
53,71,72
15,45,59
38,62,53
54,66,25
36,72,69
14,17,7
39,48,98
50,54,44
37,74,16
43,76,85
27,66,13
52,55,86
36,52,49
52,58,98
34,52,33
52,72,75
2,60,40
9,59,91
39,46,34
2,14,47
41,54,14
62,63,100
18,42,25
9,43,7
2,23,17
36,76,53
15,22,39
66,72,8
52,53,61
31,42,50
7,18,77
27,58,92
53,62,86
8,54,69
53,72,22
47,51,9
27,74,85
18,53,23
17,24,4
12,70,84
31,57,62
48,61,14
48,71,39
5,16,38
5,23,54
1,60,89
0,20,50
40,45,9
44,78,35
14,58,13
30,75,53
76,78,51
16,28,89
31,56,25
6,48,91
2,45,39
3,26,44
14,57,33
14,30,41
29,57,80
51,72,45
11,58,31
62,65,64
15,33,75
18,71,74
44,45,5
16,48,21
24,74,74
28,59,74
39,47,41
20,68,66
59,76,16
7,64,47
5,38,61
2,49,27
23,33,80
62,77,14
8,65,67
20,54,23
18,36,40
20,39,61
50,67,60
39,65,76
10,73,52
32,66,82
30,66,3
6,45,36
6,15,1
19,27,91
41,42,34
3,8,31
16,37,79
25,48,73
15,60,5
0,38,5
36,66,8
35,38,20
63,75,87
40,56,7
59,62,59
27,52,23
21,64,50
1,19,100
13,77,43
53,67,19
42,46,25
19,49,72
12,74,93
46,55,51
30,55,50
36,37,32
27,39,98
50,76,48
12,14,7
34,70,88
26,74,12
65,68,34
46,49,79
44,66,78
38,48,81
11,37,22
8,52,90
56,63,42
7,68,60
0,49,92
15,56,6
17,30,21
4,6,6
39,76,42
50,62,17
0,64,26
15,58,32
1,29,8
16,61,95
32,59,59
33,35,72
40,78,90
10,49,51
35,73,61
63,64,100
3,28,27
30,50,86
48,78,50
26,71,2
10,11,41
46,50,7
36,42,27
8,22,8
43,46,13
5,15,71
5,68,57
12,53,88
49,54,13
56,78,88
40,55,32
0,10,81
22,55,29
4,15,68
52,67,28
10,21,44
4,9,5
22,46,22
26,37,22
15,19,44
16,58,26
10,38,92
24,30,10
2,77,69
28,31,65
54,77,87
17,49,73
17,58,79
45,65,62
1,55,13
1,54,97
33,38,77
21,73,30
3,53,21
44,67,31
9,52,59
29,48,8
16,35,69
62,70,26
24,38,96
13,50,3
43,53,73
55,78,1
53,75,52
14,15,34
68,76,46
12,29,96
23,78,46
1,15,80
43,72,71
34,44,21
27,40,14
34,62,56
14,60,20
11,54,48
48,63,11
0,61,90
29,40,83
3,7,34
35,46,79
64,78,75
23,39,20
13,70,79
55,57,38
64,72,83
11,16,64
1,50,61
16,39,58
20,32,57
3,38,49
27,62,1
23,65,77
36,45,17
44,70,32
35,40,68
2,10,63
1,16,99
29,42,82
7,72,48
34,42,52
15,36,37
1,43,50
42,57,84
13,40,51
10,28,68
29,66,17
22,40,45
11,41,40
14,24,61
26,78,70
29,44,59
51,71,24
1,67,77
1,72,27
15,44,72
1,75,22
46,58,82
25,49,31
72,76,82
17,33,59
5,18,80
0,17,49
39,66,44
58,63,48
35,36,98
4,76,44
26,58,41
29,62,80
18,78,84
3,78,66
6,46,41
42,56,36
11,36,53
20,31,29
23,64,80
10,24,77
3,41,8
5,76,78
60,65,19
34,38,23
15,21,49
10,60,75
54,75,40
23,60,49
31,65,49
22,67,37
5,36,80
7,15,25
1,62,28
5,47,76
20,59,93
32,72,11
33,68,65
59,67,34
39,54,68
18,25,15
66,69,70
11,15,83
45,60,85
17,42,33
5,14,66
31,64,15
54,56,17
17,65,100
15,25,32
48,68,64
5,7,1
36,44,54
23,70,59
10,34,33
9,67,27
4,57,38
18,52,64
25,32,66
72,77,53
1,65,63
26,40,5
50,77,83
9,51,35
10,13,90
61,62,99
6,40,74
2,55,71
29,70,99
7,13,7
53,68,76
26,47,57
5,60,61
1,22,18
23,67,96
8,28,50
40,47,28
42,53,64
18,47,36
9,39,100
26,46,77
38,69,82
32,61,97
12,71,94
12,19,59
3,5,22
21,58,69
42,69,32
7,51,52
53,59,34
12,40,99
41,46,18
5,55,86
37,38,44
26,56,97
29,37,45
8,18,5
14,25,50
5,78,74
21,26,19
51,54,28
11,33,40
37,50,42
33,73,54
59,64,99
0,16,82
18,32,54
38,47,50
39,42,81
57,68,37
4,34,22
8,9,42
9,31,20
52,64,81
53,56,93
57,66,62
51,74,87
10,20,63
20,24,23
19,51,91
38,75,43
12,26,55
8,60,89
25,41,23
8,24,73
23,57,78
49,55,5
21,31,40
12,18,48
48,74,33
15,70,35
7,73,13
15,37,59
0,46,60
24,73,3
20,64,21
40,74,76
27,69,98
55,56,15
9,22,33
13,20,74
9,25,65
23,49,1
7,29,84
3,45,56
45,72,41
7,43,66
28,45,78
27,64,21
17,60,88
35,57,38
60,70,62
55,65,15
45,47,37
15,66,16
53,54,34
5,65,48
5,30,28
21,46,38
27,29,82
41,58,32
5,57,79
24,77,86
46,64,93
0,21,43
42,58,100
58,77,24
17,21,38
24,40,33
30,62,33
59,75,68
22,58,95
42,78,58
37,53,64
45,63,30
47,64,76
47,77,10
62,74,29
1,23,45
10,36,85
29,75,60
5,37,8
53,61,50
1,24,80
39,69,20
10,50,26
5,26,71
26,54,36
63,70,5
11,32,41
46,48,68
22,78,49
15,52,44
23,35,100
11,64,68
13,60,38
9,63,21
25,64,8
3,68,58
30,48,84
56,71,99
51,62,58
33,58,80
35,76,53
17,59,35
9,60,84
47,78,82
74,77,26
7,38,61
20,23,31
13,43,78
46,52,3
40,62,78
0,29,73
30,36,99
57,75,31
55,72,50
50,65,51
30,40,68
11,61,11
46,67,2
57,58,68
7,48,41
29,77,87
44,56,60
6,13,67
49,51,36
29,64,30
46,59,50
11,59,66
12,76,40
6,11,100
46,56,90
31,44,82
6,60,65
35,70,92
54,61,31
28,73,58
57,76,29
42,61,99
9,36,100
26,75,47
64,71,72
10,72,38
14,18,51
9,37,26
35,58,3
20,50,83
5,49,28
69,75,54
7,66,69
42,73,86
5,35,28
28,77,31
9,50,6
19,65,69
20,47,99
15,49,8
20,44,87
0,48,94
38,72,73
27,43,74
8,32,14
21,51,6
12,57,73
16,66,87
28,40,67
47,55,49
34,74,77
11,42,3
22,45,63
6,38,12
8,36,89
7,55,23
11,24,65
17,39,30
11,35,37
1,38,71
4,16,28
38,57,16
31,35,85
60,71,23
7,46,38
28,62,15
49,61,79
40,65,57
9,56,29
6,34,66
10,48,92
40,41,86
48,64,24
10,12,65
12,20,89
47,49,83
58,62,8
15,51,16
17,62,89
18,26,47
70,72,32
49,57,100
33,78,97
35,74,96
25,74,21
20,22,4
59,69,56
30,39,58
53,63,21
2,71,91
37,46,28
26,45,97
36,78,76
50,55,22
32,78,59
11,73,80
18,38,83
34,49,28
49,76,29
18,56,49
43,54,91
9,42,69
40,64,16
44,71,24
25,42,61
41,72,56
15,17,93
19,33,75
3,48,45
32,35,67
36,41,39
66,70,78
16,22,46
33,54,27
22,25,95
34,75,40
53,66,81
7,50,74
27,56,2
11,66,20
14,74,52
44,53,56
64,73,74
19,23,82
26,30,61
51,68,43
60,78,77
38,63,7
15,64,6
25,75,15
6,47,73
35,75,75
8,34,97
2,56,5
60,72,79
9,35,63
10,69,9
17,73,50
35,64,92
28,53,36
2,33,32
11,14,16
5,51,83
18,28,73
36,57,92
17,48,15
66,77,67
14,76,63
33,48,4
32,52,5
3,34,7
19,61,41
29,35,87
38,65,37
31,39,83
21,39,83
38,53,37
48,53,42
9,23,39
33,45,77
13,30,87
16,75,87
34,43,54
0,37,38
32,36,97
28,35,99
7,59,63
18,37,12
13,47,84
9,66,34
56,66,40
20,62,76
39,64,15
17,43,51
47,60,9
1,56,72
71,72,100
33,66,87
25,36,42
57,78,39
19,78,71
29,72,98
22,30,97
21,52,16
1,42,91
23,76,27
7,67,8
7,16,14
7,69,20
14,52,17
50,58,94
15,62,97
12,77,14
16,43,47
6,44,31
3,37,63
14,23,47
5,70,24
57,60,32
7,35,40
18,67,85
13,75,5
37,51,51
65,70,43
39,67,52
54,71,88
7,14,49
40,42,25
5,19,78
2,27,32
14,36,51
11,46,65
60,75,54
7,53,42
27,73,37
22,72,46
45,50,46
37,55,87
31,59,85
42,47,17
8,17,99
26,43,77
10,74,51
2,9,82
58,66,23
65,74,9
11,27,67
3,72,59
45,48,70
2,75,62
19,56,73
7,28,77
18,34,88
25,40,50
26,68,89
28,46,89
2,76,8
33,71,56
11,60,46
6,9,93
14,40,50
7,76,59
24,75,47
6,64,56
7,49,12
1,11,75
33,34,76
37,54,9
5,74,65
1,70,77
53,78,72
44,77,36
14,66,17
8,31,13
22,39,9
48,54,100
67,75,23
58,65,44
19,75,46
17,50,16
66,68,78
9,74,2
26,34,41
20,52,12
23,72,90
14,63,94
19,26,59
59,66,38
28,42,18
53,73,5
6,19,80
32,71,77
0,55,7
4,66,17
10,42,15
55,73,14
45,52,31
13,45,27
24,47,72
22,47,85
18,59,96
4,77,4
2,63,8
1,37,49
44,46,11
23,28,20
3,39,80
19,20,14
26,76,24
13,39,39
62,69,55
28,51,9
22,53,26
1,51,36
2,6,73
36,53,100
4,51,1
24,51,2
39,71,18
0,3,89
19,74,75
9,24,25
11,49,38
29,58,23
16,52,25
41,66,40
29,45,28
1,61,49
6,54,11
17,53,1
26,27,65
16,26,64
6,70,80
15,20,47
22,27,37
57,69,49
14,75,62
7,9,57
37,43,61
52,76,74
11,51,17
6,52,85
13,16,47
33,41,18
16,45,73
5,6,100
36,68,34
41,57,82
20,76,58
13,37,99
43,52,4
33,52,90
9,17,46
8,48,63
6,77,66
30,46,12
16,20,57
12,22,48
1,44,39
10,41,33
8,12,66
34,66,68
12,45,64
11,53,66
29,46,40
1,12,95
7,37,34
67,72,95
33,64,48
30,67,89
28,65,53
12,55,28
1,39,42
5,22,26
44,48,72
38,71,60
43,71,6
51,58,72
24,52,68
28,58,26
4,21,81
14,49,79
53,58,19
17,52,39
22,23,2
58,59,45
23,48,81
47,68,99
0,69,50
15,54,73
11,29,38
13,69,51
31,53,52
24,70,14
37,77,71
2,73,69
52,60,87
59,78,64
0,2,53
1,8,55
25,45,47
22,75,76
42,72,70
23,38,52
31,50,65
59,61,68
17,45,31
20,71,8
59,68,94
77,78,81
4,75,36
13,31,7
12,68,42
19,60,55
22,51,58
16,68,1
27,65,86
72,74,9
4,7,54
7,40,60
11,47,13
12,61,6
23,41,50
48,58,9
38,52,98
14,67,75
18,44,1
2,46,4
49,75,98
51,70,99
17,35,63
3,15,69
9,58,32
62,73,49
35,62,18
30,63,43
14,71,12
62,75,50
1,41,98
26,77,76
18,35,34
9,18,41
6,74,53
55,61,5
25,37,78
43,49,49
1,71,80
8,42,75
35,55,17
30,76,48
24,41,88
4,45,42
16,67,76
19,28,89
50,74,10
25,30,44
20,74,78
3,24,70
31,48,4
47,58,30
13,32,24
3,56,28
72,75,90
46,53,5
4,41,93
31,47,8
4,64,65
39,72,27
11,52,61
12,33,77
46,51,44
36,64,73
9,49,99
47,54,85
1,36,5
36,63,60
29,41,10
35,61,90
15,27,10
33,74,8
7,23,8
56,61,26
40,48,85
47,66,15
25,59,57
24,34,6
24,31,75
37,70,2
17,19,21
37,71,86
15,32,57
52,71,19
48,75,56
49,62,28
6,53,94
4,78,10
9,64,56
31,63,72
17,40,5
5,17,58
0,14,15
27,49,13
0,18,72
31,40,81
15,47,94
28,30,70
37,68,30
7,77,21
40,70,81
25,73,14
10,16,82
40,63,39
31,52,1
2,18,28
23,69,17
3,51,57
67,74,80
14,50,51
2,5,67
16,55,77
45,54,50
5,52,25
4,71,26
40,67,25
10,26,72
12,78,91
19,40,57
34,46,88
18,72,65
16,34,97
22,38,99
46,78,94
34,57,63
53,57,59
17,63,85
30,43,92
13,36,41
30,57,24
49,52,37
23,55,36
16,56,24
30,34,76
44,63,48
58,72,100
43,47,94
17,46,26
24,48,34
35,68,58
9,46,85
10,30,79
10,62,4
3,46,85
12,59,55
16,50,43
57,62,20
22,34,18
44,64,15
23,37,25
24,32,54
17,41,47
8,46,96
24,49,63
4,50,46
61,65,60
42,48,50
30,41,54
43,50,2
36,58,87
10,25,16
24,29,9
23,44,17
51,65,36
4,58,36
10,33,61
18,48,49
35,45,43
44,50,30
10,51,8
41,60,100
14,68,31
3,36,90
31,69,80
5,34,41
34,35,36
26,41,41
17,64,69
0,65,86
12,54,10
46,54,33
49,70,72
66,73,1
24,63,9
2,61,46
27,45,72
21,36,86
55,71,79
19,77,22
14,70,22
0,0,0
