45,77,74
63,73,14
37,67,30
1,23,65
16,76,92
8,72,93
1,59,14
32,65,11
56,76,19
47,66,95
10,48,1
44,77,50
20,37,82
38,54,57
31,36,14
6,17,11
1,4,33
11,53,31
21,39,57
13,15,11
70,77,79
36,75,38
7,16,80
5,50,90
11,34,9
35,58,32
2,27,27
27,69,80
18,63,93
16,70,72
58,76,94
70,76,56
11,43,7
66,68,91
3,23,9
26,28,27
14,30,13
4,13,25
61,68,14
17,34,35
22,71,93
10,13,72
4,22,1
17,46,24
36,64,51
7,44,23
32,61,76
9,71,48
6,26,5
29,59,23
63,70,4
12,45,84
7,35,26
6,70,32
0,51,47
9,62,54
27,53,7
30,71,70
60,73,35
7,62,95
6,53,25
0,14,85
5,9,53
2,36,76
6,74,63
12,50,34
23,57,1
12,54,25
18,66,75
31,50,70
32,53,8
3,76,31
37,46,81
45,60,19
42,49,51
3,61,100
55,76,14
53,70,64
15,25,5
27,55,63
63,74,5
56,62,28
16,65,56
6,12,85
8,63,46
14,39,12
2,77,94
26,29,25
12,61,88
17,71,80
7,59,91
39,51,35
9,73,68
34,37,77
8,10,40
51,65,99
43,71,15
11,26,47
9,67,3
48,57,32
4,24,2
33,71,80
38,65,96
21,62,92
16,21,77
48,72,37
45,57,33
30,44,19
36,44,23
21,36,77
6,38,100
10,17,80
30,77,44
0,40,51
10,50,67
11,15,44
27,28,55
7,13,66
23,28,57
5,12,14
23,41,5
68,72,28
20,32,8
1,32,82
31,65,3
41,65,74
1,77,53
8,21,26
63,69,43
32,73,31
47,53,61
4,61,65
42,60,69
0,15,27
3,62,64
54,62,25
26,51,4
5,8,90
40,70,35
0,31,34
30,50,97
58,62,9
31,45,42
44,73,82
6,21,78
33,58,2
35,42,62
35,73,86
44,50,99
38,60,14
26,34,83
2,38,87
12,70,59
25,77,63
6,47,10
45,72,56
38,52,94
6,10,28
5,58,34
9,41,78
17,48,51
8,35,55
10,62,55
34,76,20
0,26,11
40,74,57
17,43,66
17,64,74
42,45,77
40,66,37
4,50,3
45,54,38
8,67,93
48,73,37
24,54,75
35,61,82
31,33,46
55,74,98
9,53,88
9,49,42
39,73,88
11,70,19
15,54,84
5,48,95
34,36,32
22,38,84
14,25,31
10,66,16
6,51,59
26,48,9
59,70,17
0,6,31
25,48,12
66,69,60
45,59,49
1,70,22
29,36,76
12,67,8
24,25,33
5,67,25
72,74,54
25,61,89
56,69,71
55,77,25
41,69,16
8,16,41
65,66,37
4,37,82
30,51,54
27,66,47
18,42,99
59,65,30
19,63,65
0,60,48
6,44,35
6,24,94
16,26,97
33,35,63
11,24,83
27,72,74
37,45,22
10,16,37
36,69,20
10,15,16
35,69,6
2,8,31
12,37,57
27,75,93
4,14,72
44,52,72
31,74,97
15,32,6
17,77,26
20,45,4
17,35,100
0,21,83
13,41,81
24,51,1
2,4,8
27,37,97
3,50,37
7,53,89
64,65,89
37,50,77
16,18,82
17,49,53
10,64,71
23,54,76
32,45,73
32,54,95
20,64,9
17,41,33
0,42,5
4,38,86
2,43,65
3,45,35
30,39,81
3,43,69
40,54,86
3,58,32
34,50,7
54,68,92
1,57,7
1,41,66
72,77,79
21,77,39
11,54,4
47,51,49
13,32,72
12,64,62
17,54,12
18,26,85
19,58,46
13,70,44
23,25,3
58,71,67
18,33,57
39,74,17
26,56,15
37,42,67
7,67,12
47,57,3
19,66,56
19,22,58
5,13,28
54,69,64
12,43,68
37,55,83
15,49,9
70,73,7
59,64,53
18,32,39
26,41,43
21,66,46
37,40,55
10,46,57
31,77,23
12,72,93
36,71,3
2,68,58
25,34,35
15,73,54
45,61,75
32,60,10
34,70,7
22,68,38
19,53,22
26,54,12
14,17,30
56,66,86
53,73,68
15,59,13
4,62,14
9,51,39
17,45,55
39,55,63
3,71,91
51,59,24
8,65,99
30,47,36
33,47,30
15,18,32
9,39,51
50,75,91
2,30,98
4,41,74
8,70,26
0,64,24
31,51,1
11,44,39
35,51,40
13,30,27
14,36,42
67,74,84
3,32,63
61,75,76
15,45,75
54,67,90
34,59,15
4,53,26
23,26,71
52,74,97
2,46,18
37,38,22
28,54,16
6,8,66
14,53,60
2,55,13
62,74,35
43,47,52
19,24,71
10,29,29
8,12,25
6,29,37
27,64,3
25,52,58
31,61,71
33,60,19
38,39,45
2,73,85
30,40,21
29,65,17
50,56,51
38,41,42
26,37,42
50,52,8
15,22,37
9,63,3
3,28,97
20,46,71
33,41,40
14,44,50
25,36,8
19,50,75
2,56,98
9,57,93
34,71,16
35,43,28
5,23,29
43,62,74
38,63,33
36,72,98
28,55,28
29,58,32
30,38,41
45,73,24
10,69,71
11,30,51
7,54,26
22,47,78
7,69,17
23,67,56
38,53,32
69,72,89
24,61,59
20,21,24
48,49,33
18,31,67
40,59,44
5,43,63
31,44,68
65,68,78
5,46,22
16,68,67
45,53,94
46,63,83
4,65,49
12,27,22
52,66,40
8,54,6
50,61,75
11,55,85
15,43,78
0,50,21
47,69,90
20,73,17
40,67,20
3,26,64
4,75,64
23,30,77
10,67,44
17,21,45
45,67,31
24,60,41
1,76,21
13,67,94
2,11,6
0,53,67
29,73,100
46,71,87
30,67,68
40,76,86
22,73,31
28,46,86
1,53,11
34,41,6
17,59,28
52,53,16
55,61,3
8,9,48
27,51,70
30,52,12
14,75,76
5,44,13
17,73,38
54,63,79
1,17,53
51,54,71
48,51,91
15,26,98
10,74,32
40,68,38
24,44,61
44,51,56
15,36,73
19,36,96
52,75,33
42,56,50
55,67,96
16,25,50
1,43,27
25,42,77
41,66,55
69,76,13
18,62,97
29,72,10
13,57,80
20,39,75
7,21,79
16,62,8
7,48,69
2,6,16
12,77,21
6,62,74
15,40,47
62,70,100
37,64,86
2,67,9
3,9,21
21,28,40
29,47,55
18,50,56
28,76,16
34,42,76
67,70,87
57,58,49
0,3,25
61,62,80
25,63,42
8,74,57
30,49,84
44,67,41
36,42,15
28,59,28
24,67,71
6,60,87
22,46,11
14,29,74
3,31,63
60,69,89
7,52,88
17,55,90
27,48,20
35,39,46
22,35,62
20,23,67
14,66,11
10,52,23
4,74,37
64,73,73
2,52,25
23,70,39
55,57,35
41,48,4
10,22,37
5,64,90
2,19,81
30,43,47
28,50,53
12,16,75
25,50,15
61,63,50
8,31,65
19,35,84
29,60,93
27,67,79
26,63,25
59,71,45
35,71,27
32,47,2
3,74,84
3,20,34
4,21,78
38,66,26
43,64,96
3,51,17
46,57,43
25,49,62
5,71,58
4,55,93
36,73,22
21,56,39
16,24,50
28,74,42
8,58,51
21,43,83
38,64,76
58,77,93
3,30,15
10,72,29
23,55,21
14,28,84
13,46,93
37,65,42
4,44,32
16,38,93
12,76,28
54,60,28
7,9,67
24,33,34
11,59,86
41,73,58
25,44,66
52,69,82
27,77,80
8,45,21
1,33,67
42,61,96
41,47,92
14,42,37
14,48,22
5,60,48
37,66,50
48,66,61
19,77,43
23,43,37
26,76,25
21,27,48
60,64,95
15,28,98
4,43,23
35,66,87
43,51,17
34,43,41
15,76,4
28,49,86
51,74,36
2,48,52
45,58,40
28,38,32
7,15,36
3,6,60
31,53,47
9,52,90
25,45,39
68,73,1
7,28,56
7,41,53
29,71,16
34,46,98
7,8,34
9,29,97
42,69,74
65,70,30
36,61,97
37,48,10
13,75,12
46,75,25
24,45,86
9,55,43
31,60,31
19,68,67
69,70,49
6,63,88
16,58,41
56,71,28
25,39,70
64,74,31
9,38,72
27,56,28
3,44,16
65,69,94
6,35,18
48,60,28
32,69,45
26,39,57
51,62,4
17,67,86
62,67,78
40,75,23
36,54,90
42,74,14
8,56,68
44,74,85
8,14,85
56,68,56
75,77,65
30,63,35
15,17,92
30,59,95
32,35,29
8,46,66
1,71,42
25,75,75
16,66,39
25,55,97
20,67,74
21,72,10
10,12,16
53,55,12
6,68,28
33,74,45
44,58,72
58,65,75
49,71,100
22,34,12
25,27,61
37,49,56
18,71,36
26,47,6
55,62,77
14,51,66
6,46,38
39,69,15
0,54,67
10,26,76
54,65,30
16,54,48
30,74,91
65,73,99
49,65,44
14,63,6
26,55,10
18,70,24
0,73,82
24,35,15
32,40,16
52,71,76
4,11,90
4,57,29
11,60,67
7,58,1
22,55,34
1,45,11
28,29,53
27,50,89
39,77,94
2,49,32
33,39,79
35,65,100
19,33,40
2,12,83
59,72,92
47,49,61
51,52,44
39,53,17
2,60,38
44,64,44
44,53,55
2,23,79
37,59,81
11,23,95
65,77,88
15,35,64
3,15,79
23,75,21
17,42,4
11,40,64
47,62,60
68,76,53
64,76,80
3,5,33
20,56,71
16,53,11
61,72,91
38,73,74
6,41,17
2,35,33
44,55,80
4,70,64
15,16,69
7,26,81
71,73,50
28,61,80
34,75,54
31,56,2
18,74,61
16,55,20
25,74,3
40,49,77
6,40,10
21,35,66
9,65,68
8,22,51
53,57,100
48,64,24
14,15,74
9,72,54
25,28,96
7,65,15
34,63,96
5,69,59
14,18,29
7,32,8
16,40,30
65,76,6
16,46,100
24,59,52
57,68,91
42,65,99
23,24,55
10,33,50
18,75,7
71,72,84
45,71,18
69,74,42
43,54,54
18,65,99
49,55,7
5,18,90
16,33,90
0,48,1
36,50,14
1,42,19
37,39,85
2,31,52
69,77,1
1,34,70
38,70,71
45,68,23
41,58,30
8,38,87
29,55,91
0,32,86
35,47,30
19,27,33
13,63,6
41,45,37
53,67,81
27,76,64
41,76,86
47,64,77
56,57,98
2,17,34
0,55,45
20,76,63
26,32,51
74,75,6
21,32,35
40,55,42
23,27,72
16,28,20
13,16,10
25,73,98
37,53,50
11,51,18
18,76,62
15,38,45
18,46,65
14,32,7
1,64,47
14,46,97
32,71,90
29,76,25
10,28,67
13,64,67
5,76,84
1,35,4
30,65,32
25,54,24
57,74,86
26,36,51
67,76,51
8,40,75
32,43,74
46,54,54
4,63,63
27,58,87
20,71,80
55,70,83
6,50,25
34,47,36
43,48,84
28,40,23
13,54,17
30,34,87
8,26,76
11,25,67
19,48,97
54,64,50
42,70,10
1,50,16
10,21,10
3,53,81
11,76,12
50,76,51
14,47,26
9,33,53
15,31,89
53,60,60
34,49,72
0,72,58
50,59,54
56,74,70
9,54,40
10,51,96
9,40,39
18,27,50
52,67,56
45,63,53
0,34,52
46,68,76
39,47,83
48,58,20
18,68,29
23,33,67
40,53,40
0,61,64
8,42,85
15,39,82
17,74,38
47,54,65
13,17,31
27,73,7
38,51,55
11,73,70
16,42,32
6,30,96
0,33,75
22,33,53
13,77,62
66,70,93
0,59,64
7,66,42
8,61,45
22,43,96
4,9,14
40,47,99
0,56,63
23,31,56
15,46,81
20,72,14
34,35,97
52,56,10
42,75,84
24,38,84
45,69,35
34,58,96
40,65,60
18,45,11
43,46,25
62,76,3
1,68,39
2,76,75
32,72,5
7,57,55
33,48,33
4,19,98
13,53,10
30,58,75
61,66,55
22,53,19
7,20,70
8,76,23
15,71,58
13,40,13
7,33,54
29,34,57
20,75,58
32,68,1
63,65,63
2,74,88
4,28,93
7,64,42
13,59,63
53,69,13
31,43,34
0,7,91
26,68,32
27,54,30
27,31,79
11,27,79
24,55,54
5,55,12
10,14,75
13,22,77
4,47,73
1,6,30
50,68,55
36,56,22
9,74,58
42,51,19
7,50,95
28,56,86
6,77,89
53,56,83
14,45,99
23,71,69
23,59,28
21,46,26
20,40,83
37,60,16
29,45,61
21,25,71
25,31,20
34,56,2
48,52,98
0,12,56
9,11,98
36,46,37
22,23,49
2,51,42
65,72,29
58,69,68
26,50,7
8,11,64
32,42,16
74,76,29
20,43,37
70,72,52
5,73,57
62,71,10
11,64,29
6,45,19
23,34,67
52,60,84
22,60,29
8,48,68
23,38,41
7,38,2
52,59,84
30,72,7
71,77,35
26,33,4
53,59,96
9,64,3
57,62,9
5,42,62
56,58,32
49,57,40
1,49,24
9,56,32
60,67,41
0,0,0
