6,29,72
25,33,30
29,36,61
13,39,38
32,35,38
29,31,73
0,41,12
34,43,46
42,44,67
14,24,34
24,39,97
15,17,38
35,38,95
32,34,26
2,22,86
10,22,10
17,37,96
15,45,40
1,14,87
5,33,4
1,8,76
2,13,78
19,29,13
31,33,21
8,28,52
6,31,24
15,27,85
3,19,58
7,24,24
3,22,20
4,23,45
39,41,48
9,28,86
7,13,21
12,24,98
6,18,35
30,33,65
12,27,28
33,44,99
33,37,19
9,34,60
0,8,49
1,20,43
8,26,79
10,45,40
12,16,66
13,37,93
1,39,86
21,34,95
9,39,91
5,43,47
11,45,41
7,27,84
3,26,91
18,41,100
5,42,50
32,33,63
7,17,35
26,38,71
2,3,89
3,27,32
7,9,85
0,10,47
23,26,8
1,41,54
18,45,91
28,33,12
35,39,9
17,32,38
7,43,50
1,25,81
24,42,34
15,21,77
34,35,86
6,27,99
14,33,21
29,42,56
13,29,76
16,44,48
35,40,41
6,28,97
3,16,19
41,44,92
40,42,19
29,37,4
2,14,8
3,17,32
6,24,28
30,31,14
9,24,67
12,34,66
17,33,15
3,13,42
7,31,51
2,7,87
20,40,11
6,17,48
1,7,72
20,37,16
1,23,98
4,37,5
32,39,97
8,32,33
39,44,67
28,37,78
26,27,72
21,45,90
24,28,5
3,30,9
8,16,90
4,13,81
0,21,47
35,41,17
12,18,81
19,43,48
13,42,97
2,11,2
14,31,27
0,27,33
1,5,18
25,35,80
15,25,57
31,32,45
30,42,28
9,18,38
2,26,25
20,41,31
17,34,55
5,9,48
5,28,96
8,24,50
5,13,11
25,31,28
7,29,2
28,29,16
13,36,11
23,30,63
2,39,51
18,34,84
3,32,74
17,31,71
25,37,50
31,39,31
2,8,91
10,17,9
21,41,3
6,20,3
12,31,88
21,32,85
26,42,98
28,31,4
7,15,22
4,41,41
4,30,38
8,12,61
5,20,30
9,45,50
25,42,87
15,32,20
10,23,31
23,27,43
4,6,45
24,34,65
26,36,94
18,31,8
32,42,4
14,22,20
27,32,38
15,29,36
19,44,81
8,40,55
32,36,87
21,43,3
6,8,89
37,45,22
5,40,45
17,23,94
6,16,73
2,34,89
0,31,38
16,36,92
9,41,9
40,45,28
9,33,82
20,22,13
4,5,92
21,44,94
14,15,43
24,36,92
4,12,32
16,42,80
14,19,24
9,32,52
21,26,26
21,30,77
6,36,42
25,36,22
14,34,22
19,28,3
9,15,4
4,15,4
31,40,46
8,42,29
1,16,93
23,37,54
15,16,88
25,28,83
30,43,72
11,38,80
13,18,9
15,30,83
9,35,43
10,12,14
19,26,72
6,33,7
28,40,93
4,25,28
27,38,12
10,20,88
5,18,83
29,40,73
25,38,68
18,44,94
33,38,29
7,23,99
24,25,78
12,22,18
10,41,66
11,43,59
17,42,67
20,43,49
3,42,73
12,23,67
3,35,65
33,42,34
22,26,11
17,27,37
16,27,99
8,37,22
11,37,52
8,19,91
21,39,20
7,21,70
11,25,56
9,25,47
9,17,74
2,28,68
34,42,66
8,21,100
5,34,69
22,23,52
25,45,43
27,36,31
7,44,91
18,26,41
13,43,21
4,11,55
10,40,93
38,40,99
31,44,4
3,12,55
3,11,23
30,39,96
12,44,36
30,32,5
3,29,88
16,35,63
4,40,21
18,30,71
21,35,7
26,43,44
0,45,25
6,9,70
24,43,69
21,42,58
8,27,21
13,17,59
23,35,99
2,36,12
12,41,73
1,28,95
5,7,64
20,27,51
10,31,73
27,42,89
5,31,81
3,25,54
12,25,10
17,36,100
5,11,62
12,32,66
11,17,17
8,31,46
17,22,33
16,28,60
22,36,62
14,42,29
14,16,96
19,40,20
26,34,10
44,45,66
21,22,93
32,43,61
29,44,31
18,23,67
25,43,41
4,24,97
2,33,34
4,20,84
18,43,77
18,38,42
22,30,78
3,24,65
11,28,44
5,10,15
0,42,48
1,31,44
35,42,77
1,17,51
11,24,47
32,41,59
13,44,22
3,38,49
2,45,62
0,37,35
10,36,7
22,24,47
13,19,69
9,26,80
42,45,26
13,23,13
4,10,53
2,5,40
18,42,69
30,34,77
14,17,23
37,39,43
14,25,83
4,35,38
8,15,94
14,28,37
0,16,93
24,41,88
7,30,63
8,44,23
26,30,95
14,27,26
15,18,4
11,14,23
27,30,26
13,32,69
10,33,43
33,39,14
3,45,44
9,31,30
24,40,39
6,14,86
37,42,77
21,23,36
6,15,79
14,41,45
24,33,43
11,29,51
4,44,55
0,18,86
31,34,27
10,39,80
8,34,86
9,37,24
26,45,75
29,43,51
5,36,58
10,26,28
24,35,63
11,23,41
5,30,56
8,38,92
6,45,39
28,44,7
27,31,58
20,35,41
5,16,92
7,37,27
6,26,46
12,29,17
17,18,99
9,23,30
19,31,4
2,9,97
11,44,13
1,15,47
16,38,12
14,32,27
23,36,22
27,41,66
16,20,66
12,19,73
11,12,11
27,29,36
12,15,51
12,30,23
10,44,42
11,13,75
43,44,42
3,23,71
6,25,81
9,29,58
2,18,45
7,10,80
2,17,60
38,43,77
18,32,93
2,30,71
7,11,64
34,44,54
16,34,70
8,14,32
5,21,39
19,39,29
0,34,27
13,22,73
3,36,42
19,45,35
19,37,55
3,33,64
16,17,16
1,35,99
2,42,85
30,45,82
20,42,86
23,24,1
39,45,80
7,33,30
16,19,14
6,43,74
39,43,84
5,8,36
22,44,90
19,20,21
16,18,19
18,37,50
0,26,66
5,26,85
30,37,68
0,32,28
24,31,22
1,30,65
0,6,27
3,31,29
6,32,15
9,44,64
5,23,13
5,25,10
2,31,74
22,35,41
3,5,2
11,39,35
24,37,10
7,28,96
13,27,61
0,38,50
38,41,54
8,29,71
20,39,17
16,43,4
1,44,12
14,30,95
5,17,70
26,35,91
1,34,20
30,44,8
6,11,13
0,43,56
23,43,38
1,2,24
28,45,32
18,33,59
24,26,33
1,22,49
38,42,93
13,14,94
26,29,90
13,28,7
24,38,86
16,39,89
9,30,86
16,25,30
4,33,61
22,28,54
7,19,22
19,30,44
24,29,64
7,12,41
29,41,11
9,13,63
17,30,6
23,41,51
5,19,5
28,36,75
14,39,54
22,42,49
20,30,45
3,44,94
12,35,79
9,40,16
7,20,98
12,38,72
12,26,92
7,32,29
7,36,79
19,36,28
26,39,93
36,39,100
35,44,46
1,12,51
1,26,54
4,34,13
11,15,92
28,35,40
31,38,98
17,38,99
21,36,16
13,24,77
21,38,22
16,22,43
33,34,69
26,31,58
15,23,47
28,30,9
26,40,14
20,34,55
15,22,92
0,12,59
1,9,28
16,41,2
9,36,11
18,29,21
15,39,88
0,7,27
7,26,65
10,28,18
4,22,73
28,38,10
23,38,43
31,45,92
2,12,73
14,43,99
22,38,18
4,39,99
8,10,7
2,37,63
3,10,56
17,43,88
23,45,25
10,42,51
10,21,86
1,36,7
1,11,35
38,45,65
4,9,78
11,21,21
11,30,33
7,40,58
15,34,26
32,45,25
1,13,33
27,33,71
0,39,15
4,36,49
32,38,33
12,28,67
2,21,28
18,28,75
23,33,52
17,19,73
2,41,89
33,35,100
6,10,80
0,14,78
14,35,26
13,21,45
0,36,15
0,1,25
8,22,95
26,32,85
42,43,92
2,43,50
14,36,100
13,34,2
3,18,37
12,45,92
9,14,99
33,41,8
5,38,25
29,30,93
10,16,25
7,14,92
18,20,55
34,45,78
12,36,98
6,42,55
41,45,7
19,21,18
1,29,65
2,35,72
8,23,65
4,17,82
14,21,66
20,44,7
13,31,65
15,28,25
4,14,77
0,35,17
35,37,37
0,5,27
3,4,78
27,37,2
1,37,40
6,40,87
10,32,59
14,20,62
1,10,74
14,37,90
19,38,38
13,38,98
4,45,28
0,30,34
30,36,71
4,31,80
21,29,39
4,43,65
22,39,32
2,44,26
17,24,60
5,41,35
23,34,8
22,37,88
10,43,55
20,24,69
23,39,48
36,41,79
20,29,51
4,8,12
2,10,88
21,24,40
31,36,50
40,41,17
19,25,50
11,41,49
25,39,44
4,29,67
3,41,66
17,39,22
11,32,77
5,35,1
6,41,5
8,9,60
6,34,54
0,13,88
33,45,9
35,36,49
21,31,9
37,43,36
20,33,16
6,7,13
8,30,57
24,30,14
31,35,17
26,28,66
2,6,19
17,44,25
10,30,29
11,18,20
1,4,74
15,40,10
27,40,61
14,44,79
2,38,21
35,45,75
17,41,80
5,27,50
2,19,24
22,45,77
34,38,33
0,22,26
8,39,44
17,35,41
18,40,3
1,27,62
0,11,31
6,38,99
9,11,24
2,25,64
0,4,66
17,29,68
19,24,95
13,45,25
0,24,13
6,37,37
15,41,99
7,41,79
35,43,99
22,41,81
39,40,92
2,20,23
4,32,10
5,22,33
1,6,4
18,35,29
0,17,85
19,42,64
1,40,82
10,38,17
15,20,30
10,13,42
21,37,43
10,15,70
8,20,46
10,14,60
4,16,8
31,42,90
23,32,67
33,43,16
11,35,93
5,24,5
15,43,56
29,33,6
21,25,73
11,33,60
29,39,86
8,43,42
25,32,43
29,34,39
40,43,70
1,38,47
16,31,21
3,15,60
14,40,56
28,43,41
8,25,13
21,27,17
2,40,48
15,37,1
10,19,10
31,43,96
22,40,26
19,35,63
34,40,87
29,32,4
3,8,3
3,20,19
36,43,2
1,21,97
20,38,46
6,12,60
31,41,17
10,27,62
25,40,54
16,30,49
18,21,66
5,37,98
15,44,26
17,45,38
0,19,73
10,24,29
12,33,40
11,40,98
10,37,76
11,27,44
7,42,31
0,15,62
9,22,44
21,40,37
27,45,74
19,27,90
8,18,41
5,39,20
36,40,87
4,7,62
17,25,79
15,35,59
1,33,47
0,25,76
26,44,82
13,16,98
37,41,40
41,43,38
1,19,90
10,18,31
6,44,38
23,31,27
12,17,83
8,36,48
26,41,29
21,28,99
20,21,57
0,2,33
7,39,50
16,40,70
3,40,17
28,34,60
0,3,52
8,11,95
1,3,51
0,23,82
5,6,17
24,32,50
18,25,10
15,38,69
7,16,11
13,33,77
5,12,58
5,15,57
26,37,41
37,44,25
20,23,50
33,36,7
11,36,64
1,24,50
29,35,40
18,39,61
6,13,95
4,18,72
6,39,64
20,25,86
36,38,53
11,42,94
9,27,11
27,34,18
11,22,89
3,6,21
0,9,54
5,44,30
0,33,7
15,31,43
25,30,32
11,20,99
12,14,53
32,37,72
7,35,22
18,27,75
1,43,74
13,41,99
8,33,93
22,43,59
8,41,24
2,23,6
2,24,38
20,45,53
9,43,98
22,25,16
12,37,78
39,42,41
6,21,98
16,21,45
13,15,18
19,41,85
29,45,81
18,24,73
6,30,46
21,33,8
7,34,58
10,34,75
11,19,95
11,26,19
8,17,16
3,39,89
34,37,11
37,38,83
25,29,60
2,15,29
38,44,59
18,19,71
10,35,76
14,26,2
4,19,8
23,29,56
3,34,8
27,43,7
34,41,21
20,36,1
7,8,52
0,20,60
4,27,10
16,24,1
16,26,51
4,26,25
37,40,14
29,38,38
27,35,91
11,31,91
9,20,41
3,7,26
33,40,30
12,39,29
27,28,77
6,35,75
14,38,65
22,34,16
19,23,83
16,33,42
8,13,73
31,37,18
19,22,78
1,45,90
6,19,48
24,45,76
19,34,75
16,45,50
20,26,94
23,42,70
1,32,73
4,21,15
3,28,70
7,22,85
17,26,6
9,42,24
27,44,20
9,21,87
26,33,35
10,25,18
24,27,26
3,9,69
17,20,21
13,40,47
15,24,45
19,32,69
11,16,18
15,42,91
22,32,18
9,16,86
25,44,71
25,27,88
5,14,13
5,45,73
5,32,93
7,38,15
32,44,65
28,32,93
25,34,15
38,39,36
14,29,33
14,23,29
23,40,22
2,29,55
34,39,63
32,40,58
3,43,16
6,22,17
1,18,53
13,25,30
12,42,73
16,32,62
8,45,61
22,31,79
25,26,17
13,26,27
28,42,98
1,42,23
5,29,60
22,27,52
20,28,76
43,45,15
4,28,8
3,21,85
15,36,82
12,21,50
0,29,22
30,38,45
9,19,78
22,29,35
24,44,72
12,13,49
12,43,50
18,22,19
9,38,64
2,32,50
20,31,61
17,28,52
7,25,21
15,33,20
17,40,97
6,23,31
0,40,13
7,18,10
15,26,56
40,44,38
30,41,83
3,37,80
0,28,22
23,44,96
2,4,100
4,38,40
16,37,17
23,25,50
3,14,55
17,21,4
7,45,40
19,33,68
14,45,92
36,44,12
25,41,63
28,39,82
13,35,79
12,20,51
36,42,39
2,27,34
18,36,17
0,44,80
34,36,39
36,45,88
22,33,45
20,32,78
11,34,99
8,35,39
10,11,26
23,28,55
14,18,12
13,20,52
13,30,51
15,19,85
9,10,74
9,12,4
28,41,52
30,35,22
2,16,21
16,29,54
12,40,67
30,40,60
36,37,38
10,29,60
0,0,0
