32,33,55
11,20,66
12,26,49
15,31,61
13,15,14
31,36,54
29,31,36
12,22,21
35,38,40
11,19,25
21,33,31
9,35,36
6,9,54
20,22,22
0,37,53
22,23,59
5,7,68
10,28,83
34,37,95
25,29,68
16,27,88
17,18,17
10,21,71
29,39,85
9,24,57
6,19,44
22,33,1
7,37,63
30,31,70
10,11,64
9,28,92
3,25,80
1,10,47
2,25,29
1,32,43
10,14,88
30,36,26
11,17,87
0,28,58
23,35,68
13,39,94
1,13,14
15,36,20
18,26,16
25,28,89
6,34,6
7,34,56
14,28,24
15,19,46
9,27,71
18,34,99
16,37,30
31,32,53
5,18,41
15,28,55
29,30,41
27,28,10
36,38,65
20,26,82
9,21,62
12,23,4
1,19,47
0,38,8
20,27,52
9,13,55
8,22,28
17,25,99
3,26,53
12,15,47
17,35,73
8,12,14
20,37,72
14,19,58
28,29,48
26,32,19
33,38,50
7,35,7
2,14,36
3,13,71
0,33,81
5,32,14
9,39,95
21,26,31
16,31,92
4,21,24
16,24,77
32,39,46
20,35,42
0,3,17
0,9,33
30,37,60
0,14,72
17,28,68
21,24,22
17,34,55
35,36,38
0,32,99
11,32,12
14,15,36
3,20,18
26,31,21
9,20,63
19,29,96
30,35,49
2,19,93
3,9,17
7,21,16
29,35,95
36,37,1
21,31,89
5,30,96
11,31,8
15,30,11
7,13,36
12,36,23
3,6,30
12,30,52
23,39,26
29,32,69
7,32,22
13,16,4
33,34,17
4,37,87
19,28,24
2,37,95
7,12,45
23,26,40
32,34,12
18,33,94
16,28,56
2,3,53
0,31,37
2,29,91
15,38,56
4,28,59
5,10,82
17,21,68
23,30,25
19,32,83
8,31,75
12,13,78
0,6,33
17,27,17
22,32,70
12,25,81
12,16,47
0,25,63
34,35,100
5,15,40
4,24,34
14,36,93
13,18,61
26,33,82
28,32,98
35,37,38
0,30,16
24,31,70
7,17,80
5,8,66
3,38,23
29,34,50
11,36,83
3,21,90
3,7,54
5,38,37
13,22,49
24,37,49
1,34,81
2,9,94
8,11,83
20,29,76
0,35,29
1,37,43
4,17,80
9,14,21
24,36,88
6,17,53
25,33,51
10,15,46
32,37,100
20,36,67
27,31,93
14,39,16
11,30,47
6,12,91
23,36,47
18,31,90
22,25,79
6,18,86
8,39,56
20,25,41
10,13,72
4,19,15
8,20,42
23,24,66
10,17,33
25,26,60
4,22,24
7,9,54
17,29,71
20,30,57
8,25,8
25,32,31
7,36,90
8,29,100
1,16,63
27,29,48
8,13,30
23,27,53
16,30,84
2,39,24
1,8,24
10,12,35
14,32,73
4,29,59
22,24,15
12,28,39
22,30,79
2,8,25
23,31,91
26,34,8
28,35,62
16,38,62
24,39,13
4,23,68
17,38,77
17,37,44
2,30,79
18,28,78
1,14,50
0,22,63
18,30,93
10,19,49
1,20,8
3,14,46
9,10,16
19,34,64
27,33,92
0,0,0
