2,22,95
2,6,9
2,19,9
0,7,85
7,9,20
14,27,29
20,31,17
1,20,25
2,26,95
17,28,38
2,7,97
24,28,4
12,22,79
4,12,62
19,31,76
24,31,29
10,31,93
19,23,57
23,27,79
5,15,54
7,24,32
1,29,4
5,8,57
0,10,27
21,22,81
0,13,97
10,27,58
12,14,29
13,27,88
5,20,66
0,16,80
7,22,41
18,32,8
24,30,72
23,31,13
9,30,72
5,22,79
4,7,97
6,11,46
19,24,59
17,31,40
6,27,4
0,5,68
21,28,96
7,27,40
2,4,51
10,17,55
3,22,41
23,25,54
6,17,37
0,6,17
4,22,69
11,23,15
10,32,28
10,15,14
14,30,37
8,19,36
16,25,43
1,31,47
11,15,17
20,28,47
5,9,36
30,32,31
7,11,31
4,27,30
14,24,90
12,26,74
7,18,90
7,23,28
0,21,50
10,19,99
7,28,12
3,18,36
13,23,85
9,13,80
14,17,12
3,7,24
12,15,19
14,31,95
24,32,54
3,10,3
20,22,50
3,25,4
4,28,80
1,13,62
9,25,72
18,21,21
4,16,59
9,11,80
2,14,87
2,18,50
15,31,56
20,21,68
2,16,42
19,29,40
4,8,77
27,28,100
3,21,57
6,20,34
27,32,62
19,21,35
22,28,82
5,17,81
14,15,95
2,32,50
10,16,21
3,26,25
1,30,10
3,6,21
11,14,23
4,20,14
18,25,59
11,27,50
0,28,29
4,31,52
16,27,31
3,13,5
15,27,16
4,21,26
13,25,18
7,19,44
9,15,9
10,11,44
14,19,89
10,24,97
2,27,97
6,12,9
8,30,98
21,26,65
17,21,72
0,15,73
1,17,99
12,16,4
29,30,13
5,26,20
19,27,100
11,22,93
15,23,81
28,30,39
8,26,36
6,14,91
10,14,45
3,23,28
16,23,19
21,32,82
27,31,73
8,24,34
12,20,27
3,12,70
23,28,47
21,24,31
1,3,51
6,8,47
6,30,15
13,20,75
7,32,69
14,25,100
15,29,47
19,28,31
3,19,16
7,15,47
13,19,59
18,27,44
27,30,10
17,23,86
5,32,54
15,28,75
17,26,46
25,31,53
13,29,11
26,28,95
16,19,61
1,8,68
3,31,23
5,12,40
2,17,28
13,28,6
5,7,42
0,2,87
1,24,95
8,20,52
10,26,50
22,26,35
4,14,47
3,29,35
21,25,62
0,8,24
6,31,64
3,11,3
5,19,8
7,17,83
4,15,77
5,6,97
6,32,68
5,29,12
4,30,8
19,20,58
0,29,73
11,17,28
9,20,33
1,16,68
0,30,23
18,28,37
4,19,44
5,23,94
8,29,35
1,22,99
8,16,94
15,22,46
17,27,70
5,30,9
20,25,89
30,31,38
10,29,90
3,15,14
29,31,59
13,18,37
18,24,62
7,10,67
8,15,64
11,20,67
20,30,27
1,9,77
22,29,56
1,5,40
5,11,6
18,30,50
0,27,23
2,30,49
18,19,84
16,26,59
2,21,85
17,20,5
0,14,32
8,25,20
8,22,99
8,14,52
1,6,53
3,4,25
6,16,42
12,17,38
3,8,22
23,30,16
6,29,48
0,26,51
22,24,15
13,14,74
9,31,41
6,22,86
16,20,32
12,24,32
2,9,59
8,11,46
5,14,10
5,24,48
26,29,24
0,31,56
3,27,26
8,27,66
10,18,2
1,14,78
0,24,71
10,12,76
18,22,70
9,23,57
1,12,63
13,31,82
8,31,41
16,30,88
0,3,54
24,26,26
0,23,77
16,32,42
20,24,25
2,24,93
3,5,94
8,21,78
20,26,45
6,23,90
5,25,85
25,28,67
10,13,2
3,24,6
12,21,14
11,24,72
0,25,94
6,19,26
24,25,54
1,10,72
9,22,8
14,23,43
25,29,82
3,20,52
1,23,77
23,26,45
17,24,100
8,12,60
5,28,68
2,20,41
25,32,92
8,10,48
20,32,72
22,30,46
1,32,17
23,29,52
2,28,33
12,25,90
24,27,9
17,32,45
22,32,90
21,29,11
8,23,16
9,24,59
3,16,75
29,32,39
26,32,91
15,26,56
19,32,2
4,17,29
4,25,61
27,29,39
2,31,83
4,26,57
22,25,35
11,13,37
0,9,94
13,16,92
12,19,58
3,17,32
9,26,62
5,13,23
22,31,84
16,18,22
22,27,73
15,32,39
11,31,33
9,27,28
18,23,56
4,32,36
9,32,91
14,26,46
10,20,58
16,22,67
3,30,23
4,9,100
19,30,82
0,17,76
2,12,39
3,9,49
18,31,64
18,26,22
23,32,75
0,1,41
2,29,93
7,30,7
15,24,30
0,12,18
14,22,94
5,16,61
17,22,31
7,25,39
12,30,40
16,21,18
14,21,54
10,22,20
4,29,39
4,13,88
4,10,52
5,18,56
1,15,95
9,12,57
28,31,7
9,17,22
19,25,8
21,31,26
1,28,62
28,32,1
9,21,67
9,28,87
4,5,55
7,31,97
7,12,16
20,23,30
13,15,19
25,30,75
11,32,61
6,9,85
15,18,84
7,26,94
9,29,89
4,18,38
13,24,73
6,15,10
0,4,55
11,12,44
16,17,78
21,30,15
7,14,49
14,29,77
9,19,42
13,32,71
19,22,40
11,19,10
12,27,35
0,19,83
11,30,46
16,24,95
3,32,77
10,28,5
16,28,93
14,32,81
1,2,67
17,25,79
5,27,16
12,29,7
9,16,85
7,21,74
11,29,44
22,23,86
18,29,42
1,26,23
21,23,4
6,13,55
6,10,84
10,23,11
11,26,36
26,30,55
5,21,72
11,18,79
12,23,62
9,18,64
2,3,40
0,0,0
