1,50,97
13,50,40
10,58,70
21,43,81
14,23,13
28,58,16
10,34,38
5,17,31
0,39,53
3,53,43
20,47,76
47,50,74
4,13,32
5,28,97
29,47,20
4,22,89
10,31,82
6,48,65
25,36,29
23,31,31
37,46,92
47,54,16
9,29,74
7,53,20
19,29,60
11,36,89
14,28,97
3,34,70
0,23,57
5,40,35
45,49,48
11,34,24
44,53,89
8,58,75
13,28,30
6,53,66
13,18,30
35,38,86
18,39,19
44,45,21
4,34,40
12,58,18
18,52,69
13,40,3
18,34,99
41,47,78
12,48,6
11,22,34
7,20,31
10,17,27
4,49,26
17,19,68
33,53,33
48,53,99
9,28,48
6,30,86
18,43,29
16,55,35
11,49,75
10,48,40
46,47,59
2,9,56
32,58,10
11,17,39
2,45,68
16,29,86
38,57,45
49,50,95
3,31,76
4,29,63
4,42,20
28,55,91
38,39,68
31,33,56
19,53,67
43,55,36
10,47,70
21,34,9
2,53,40
28,45,20
30,56,93
10,11,79
13,33,78
26,48,42
33,48,2
19,27,57
17,46,32
2,7,12
0,11,52
17,50,23
30,55,41
28,51,62
42,54,44
8,32,35
25,44,44
20,45,28
30,49,79
37,55,13
3,15,97
31,32,46
2,54,81
6,58,12
23,24,18
24,48,44
21,40,39
5,23,16
8,22,71
17,45,99
34,55,22
2,35,65
7,31,10
8,53,63
7,23,86
19,52,9
29,38,18
18,19,58
8,13,91
48,57,87
0,30,13
28,44,61
10,52,75
7,36,76
3,33,19
29,33,95
47,55,78
20,48,95
22,42,7
22,43,96
8,50,100
39,52,65
25,58,7
40,44,94
20,52,23
13,41,11
23,43,95
9,38,20
2,6,75
5,43,99
14,19,100
32,56,45
10,19,71
7,22,99
36,42,63
43,52,72
7,8,34
39,44,42
13,25,86
9,22,52
14,18,92
35,41,4
15,55,11
5,15,20
4,40,68
12,14,44
47,56,80
4,27,51
14,47,98
23,40,18
8,57,13
6,20,29
45,51,83
11,41,15
29,51,99
9,40,16
26,28,87
28,50,98
33,34,85
16,45,36
25,52,87
41,51,40
12,55,3
23,37,56
33,57,30
3,9,66
1,39,27
23,51,10
8,37,76
48,56,56
50,53,99
38,55,61
50,52,35
9,11,57
21,47,61
8,30,25
14,44,79
0,31,19
4,48,14
0,43,82
5,7,88
21,58,18
18,56,78
25,34,74
25,38,53
5,37,79
5,30,73
34,54,95
14,52,29
45,56,46
13,27,86
12,49,69
20,39,60
2,27,10
11,51,69
27,33,59
5,19,29
35,58,40
15,44,80
24,40,68
3,16,12
16,44,92
28,52,100
32,42,40
42,45,71
3,25,2
22,37,76
0,17,39
25,31,44
0,5,75
31,52,17
23,39,70
14,37,60
42,58,42
19,21,59
17,32,61
18,57,52
5,35,64
25,53,48
23,26,64
6,55,38
8,15,5
23,30,80
0,15,16
6,38,93
45,52,36
11,44,83
24,32,14
29,55,67
54,58,47
3,50,77
49,52,14
14,55,59
26,29,54
39,48,15
0,13,42
15,18,52
4,17,19
24,38,46
1,46,21
3,12,100
43,57,43
15,53,40
18,32,21
26,33,53
7,43,54
14,38,12
44,51,45
37,43,80
41,44,61
32,35,58
2,19,50
12,26,47
20,46,98
23,28,72
5,41,86
29,46,7
19,56,96
7,30,63
14,53,96
23,41,70
31,54,89
8,34,55
30,45,66
2,40,84
9,50,47
9,20,88
5,33,31
16,46,55
7,57,95
29,39,67
2,22,68
5,10,36
1,15,43
22,36,39
15,37,4
29,41,68
38,44,93
31,53,69
28,32,36
16,28,53
11,30,93
39,49,21
26,32,73
28,38,62
35,43,88
9,19,22
33,41,46
20,35,72
31,50,79
10,13,85
29,54,62
29,52,60
4,7,46
4,5,83
1,31,38
25,35,85
8,10,85
3,10,99
14,22,26
37,51,16
1,18,47
3,51,37
39,42,75
16,50,40
10,33,97
9,41,37
11,55,86
31,55,42
13,16,22
14,42,62
36,38,3
29,31,3
14,39,64
3,38,5
36,50,27
1,5,29
23,32,93
19,30,12
24,58,45
16,18,55
27,36,74
17,49,7
41,46,80
13,20,9
33,49,12
15,49,1
4,57,45
26,53,38
32,54,17
3,37,7
12,34,68
28,43,66
4,52,37
1,7,37
6,11,48
28,30,95
37,52,64
2,50,72
16,33,40
28,49,97
28,29,25
16,23,9
8,20,5
30,52,71
16,32,66
29,37,25
31,46,67
11,15,41
26,37,12
5,14,92
46,55,30
7,10,40
4,47,66
10,26,83
46,56,96
0,54,39
43,58,97
27,39,62
39,47,13
15,47,30
4,55,71
21,37,33
26,27,4
7,21,3
37,44,87
18,40,56
30,43,60
30,33,36
35,45,90
7,49,37
41,52,70
6,12,71
0,42,8
10,29,50
10,25,24
29,53,7
18,28,17
5,26,26
9,48,51
11,54,69
17,58,81
4,18,97
36,55,78
39,43,5
24,27,82
28,54,98
8,47,63
6,15,72
25,49,49
34,42,48
9,43,33
34,46,75
23,57,24
26,58,27
9,54,48
26,42,84
17,26,31
32,52,3
18,33,28
11,31,98
7,34,12
12,36,49
42,56,7
36,54,76
43,46,95
7,41,13
27,58,8
14,54,99
9,13,73
20,43,53
2,43,85
27,52,17
26,41,31
16,42,46
5,12,7
24,57,51
40,54,96
6,57,4
40,41,25
25,48,78
1,32,24
22,48,100
22,55,19
1,35,67
0,19,27
37,50,76
3,6,75
4,43,46
2,48,32
9,18,4
52,55,76
27,42,51
8,36,63
12,29,74
47,51,2
5,20,64
6,40,99
41,56,41
1,40,48
15,36,19
18,31,78
42,57,98
32,37,17
46,52,47
10,41,24
32,43,47
17,52,88
13,22,61
0,38,28
24,54,17
12,18,6
8,46,40
28,35,53
33,39,60
25,30,14
47,49,61
1,30,97
27,29,15
6,28,57
1,4,31
14,33,35
44,50,24
26,39,70
35,47,32
12,57,29
16,21,17
38,43,87
12,17,65
27,47,9
36,37,34
10,45,2
50,57,84
2,42,61
17,20,66
17,24,27
4,12,42
36,49,18
6,36,49
23,36,76
29,50,35
26,46,76
17,25,31
17,39,38
1,3,64
17,37,39
36,41,78
15,38,57
17,22,7
3,48,16
15,45,96
10,30,37
14,31,8
43,50,19
23,44,38
17,35,10
10,50,2
28,48,10
16,47,10
29,34,15
19,38,64
35,40,77
6,43,26
20,44,94
38,45,4
26,47,80
28,36,2
12,21,28
0,1,38
21,33,67
2,12,66
38,40,3
55,57,94
37,40,54
35,50,70
43,56,52
31,38,89
16,54,24
6,14,66
8,51,92
51,57,71
23,47,71
19,41,56
6,17,38
3,19,5
8,52,96
2,32,41
40,49,58
55,56,7
26,52,19
28,31,18
34,57,29
9,24,59
11,13,63
15,31,69
13,54,2
12,47,48
36,47,57
22,44,28
14,57,5
2,36,14
44,56,73
0,6,21
2,16,49
7,18,17
21,32,94
21,30,40
14,20,74
18,47,87
4,6,66
13,38,95
12,45,34
25,43,11
43,44,99
4,58,50
40,47,29
30,51,33
10,42,52
31,57,66
4,51,68
49,55,64
2,10,86
28,41,61
1,26,27
25,47,6
3,42,88
9,23,85
47,48,42
14,35,95
22,24,71
22,27,60
13,23,48
13,48,86
34,35,40
1,52,59
31,45,84
22,56,44
24,53,46
5,38,100
18,22,76
34,58,26
43,47,38
8,19,18
13,53,38
3,58,56
1,41,16
38,46,22
10,14,92
32,40,55
13,37,83
24,42,46
40,56,58
13,30,56
2,55,86
34,52,76
35,37,16
19,25,13
51,53,99
1,54,83
20,24,1
14,43,32
9,42,32
42,51,31
30,54,90
50,54,13
15,21,34
7,9,62
5,53,91
10,23,22
38,50,41
21,41,84
36,58,79
4,36,7
0,56,63
9,52,87
25,39,83
6,41,40
18,51,3
49,53,61
12,41,44
7,46,100
0,53,74
8,16,77
42,47,13
3,28,28
18,45,38
19,55,13
33,38,70
0,8,46
9,33,36
0,34,17
14,29,19
28,53,5
4,53,57
8,43,56
18,25,66
1,43,2
10,24,96
8,45,39
35,55,56
41,57,14
23,49,93
26,34,96
12,56,5
39,58,14
3,30,6
15,51,8
21,36,10
35,48,98
15,28,52
31,42,81
37,57,70
32,33,58
18,42,68
19,33,22
14,26,56
14,45,33
21,55,76
52,54,8
1,20,36
0,12,13
25,37,23
23,56,81
22,57,65
27,44,47
15,34,43
32,47,45
39,53,64
30,58,87
5,25,14
42,48,94
27,46,3
42,53,24
29,45,99
11,28,61
26,44,84
1,56,44
16,31,40
13,39,34
10,21,27
29,48,84
19,22,4
46,50,87
20,34,95
44,55,27
39,57,30
6,31,1
10,37,85
3,18,72
4,44,56
15,32,78
26,30,62
21,48,20
9,49,42
12,33,97
20,21,89
16,48,99
12,46,45
0,35,25
26,49,100
33,43,31
2,30,1
24,31,58
32,53,51
3,41,11
25,26,67
12,52,84
14,25,40
11,25,85
10,53,2
9,26,36
37,58,68
20,53,75
24,36,91
31,48,55
34,51,34
1,33,7
6,9,58
8,56,47
9,32,13
4,9,58
21,22,62
7,38,9
19,57,40
27,40,5
5,50,25
46,58,1
20,30,84
1,21,85
13,58,50
30,36,48
27,55,8
15,17,38
0,27,7
4,24,27
21,51,85
22,26,57
28,42,4
13,34,95
11,50,33
40,48,10
41,43,85
1,14,73
30,46,16
0,45,87
1,57,49
14,51,98
26,54,76
16,38,31
33,54,54
41,42,11
18,48,19
24,39,23
21,54,57
17,30,39
1,6,39
44,46,18
17,41,21
29,57,78
20,55,78
0,26,100
1,36,90
19,39,5
32,45,39
5,48,80
19,47,97
14,58,61
1,38,92
6,56,19
32,50,13
16,36,21
18,35,51
15,46,43
9,53,7
13,19,7
2,25,11
41,48,16
2,51,20
7,27,96
7,47,45
40,51,59
27,51,94
30,42,56
40,52,13
29,58,80
23,38,37
29,35,42
28,33,83
44,48,43
18,30,14
0,10,45
34,50,36
32,44,1
30,50,61
29,44,62
27,38,47
2,41,85
18,41,81
9,51,71
5,52,99
9,56,47
17,40,4
26,35,50
1,25,28
2,38,29
11,19,5
42,46,28
20,58,62
35,56,43
14,49,25
40,42,6
26,45,63
8,24,11
13,17,49
18,46,39
30,48,28
24,45,93
30,41,75
7,51,19
8,49,3
15,23,83
0,47,28
53,57,33
27,56,7
2,21,11
14,34,46
37,56,2
27,34,44
48,52,83
43,54,90
2,39,63
19,43,93
16,52,8
17,44,46
36,48,52
5,47,21
52,57,14
27,54,20
6,44,48
17,48,76
1,47,42
40,46,38
31,47,54
14,48,11
44,52,15
16,19,32
3,45,56
6,7,76
9,12,14
11,26,20
31,43,6
3,39,92
33,36,99
12,35,82
17,33,99
5,29,77
0,36,49
2,18,68
35,53,32
8,33,62
23,58,57
9,37,13
15,26,47
22,40,73
0,14,63
48,50,37
29,42,35
21,42,21
11,37,28
2,44,31
7,58,75
7,50,44
8,35,94
18,20,16
15,19,30
16,51,73
7,39,11
11,52,59
30,57,76
12,16,89
26,31,33
19,45,77
7,32,85
17,53,61
13,49,22
19,44,51
38,42,71
24,34,75
24,47,66
32,48,29
16,30,79
33,51,43
6,24,75
0,51,98
5,31,28
9,15,85
36,45,53
41,53,38
19,28,48
33,40,84
0,40,88
3,26,45
46,54,19
37,45,96
30,40,88
23,52,59
8,38,67
28,57,13
37,49,9
4,19,23
24,28,35
29,40,66
6,37,84
7,12,87
7,35,59
36,53,50
19,46,41
33,46,79
3,27,6
21,35,68
2,37,59
18,29,50
39,50,81
22,51,30
19,36,17
31,40,4
53,56,33
9,10,100
22,31,26
26,57,64
3,57,11
0,57,18
7,17,59
7,55,28
24,46,44
38,41,24
4,23,100
21,27,6
31,58,11
33,52,28
5,58,5
0,0,0
