1,11,74
5,9,24
8,16,54
11,18,7
3,7,89
7,37,2
0,30,22
4,38,44
7,36,54
31,36,26
28,42,95
24,32,65
19,31,83
38,41,84
19,34,67
11,36,17
3,36,65
12,27,4
1,27,2
22,48,31
0,32,42
45,47,2
22,45,65
37,38,78
4,34,97
40,48,32
14,31,69
1,26,65
4,42,54
29,39,8
14,40,51
16,19,80
12,13,37
18,29,22
6,30,37
29,36,29
0,18,7
9,43,9
23,36,9
23,45,12
10,17,1
25,48,45
38,44,85
4,26,55
15,24,53
20,35,40
36,40,44
15,44,34
15,48,51
7,22,52
15,41,10
10,16,76
26,35,19
0,15,60
37,46,24
25,36,32
9,21,54
6,22,59
17,26,84
1,24,57
12,21,47
6,36,41
12,29,58
9,25,82
18,45,42
16,27,7
10,48,40
9,44,46
3,39,29
5,20,98
14,28,23
28,36,51
30,45,89
37,39,17
35,39,28
17,25,18
19,27,62
14,26,61
43,45,58
19,33,50
29,45,56
20,47,80
21,28,98
7,18,4
10,34,59
19,38,74
24,27,67
7,16,22
38,48,15
11,14,64
42,43,85
10,41,53
14,45,41
38,42,16
13,29,14
26,27,20
25,26,99
38,39,91
23,24,23
30,39,8
14,17,46
0,24,96
30,32,27
25,32,95
0,46,74
3,20,12
10,15,26
41,48,1
34,37,32
6,23,26
32,43,85
41,47,22
23,38,52
23,47,41
1,36,81
2,28,36
22,25,93
23,27,53
32,48,58
3,37,38
0,20,7
15,28,50
16,47,70
20,38,81
16,35,4
30,37,89
15,27,64
12,35,50
2,18,52
21,37,82
16,25,82
1,15,30
33,42,96
17,44,79
13,38,57
5,30,39
20,32,79
34,42,18
35,46,83
32,46,67
23,26,47
12,31,14
35,38,93
0,29,99
23,30,8
18,26,9
2,29,11
37,42,96
4,39,10
36,46,25
41,44,5
27,29,3
40,45,39
5,41,2
12,45,21
18,43,83
29,41,91
4,29,5
1,32,81
3,47,58
3,29,16
1,3,65
21,43,45
1,38,16
10,29,64
11,42,54
27,47,65
5,48,26
33,39,6
19,47,27
3,45,28
10,35,32
5,47,40
6,44,93
18,34,76
34,48,14
17,20,51
16,45,1
8,32,10
5,26,77
31,42,81
42,47,73
21,34,85
17,22,36
23,32,72
28,43,38
8,15,8
22,27,59
16,17,58
31,39,7
27,35,85
14,43,68
19,30,53
17,40,45
33,38,97
7,32,90
21,41,7
28,38,12
7,19,97
32,38,51
20,45,33
36,37,1
27,42,54
18,32,96
9,34,3
25,28,36
41,42,57
5,24,5
4,32,83
17,34,16
5,6,19
6,26,85
4,9,30
17,47,4
10,38,52
7,48,87
17,21,51
3,25,64
18,24,57
32,47,78
2,46,1
19,46,23
14,18,98
16,30,24
5,27,96
6,24,59
9,27,72
1,8,48
38,40,25
0,1,19
37,40,28
22,32,95
6,21,82
12,36,81
12,30,40
14,44,83
13,24,34
5,33,49
14,38,13
8,46,41
6,47,51
21,35,66
2,38,91
34,44,36
15,42,4
8,27,87
29,48,60
26,45,85
6,18,30
6,17,4
0,12,26
39,40,95
35,47,38
10,30,53
9,15,88
20,27,30
21,31,97
16,22,70
8,17,27
14,22,75
21,26,64
12,32,66
33,46,86
12,39,77
19,39,24
19,41,38
25,45,12
8,13,76
9,36,79
12,40,62
12,17,75
5,37,25
15,45,52
17,36,51
4,27,80
9,13,75
24,43,68
14,42,58
1,17,25
9,48,23
12,44,64
6,41,2
46,47,1
24,36,83
19,35,40
16,39,8
17,32,87
29,32,16
36,42,28
30,33,91
14,35,94
20,37,15
5,15,47
2,13,63
20,21,62
24,25,32
7,17,60
4,7,8
20,39,72
21,45,59
3,10,21
3,22,5
8,31,50
31,35,17
5,38,71
4,40,69
19,40,38
26,43,8
1,6,34
18,35,23
12,22,66
0,6,56
9,35,88
0,10,57
2,9,86
19,21,42
7,24,1
27,45,87
11,31,48
16,46,62
8,39,92
7,21,81
35,48,51
32,42,36
2,8,73
11,48,52
23,31,35
0,34,92
26,31,10
13,17,84
6,25,55
10,25,33
3,34,52
2,33,20
29,46,95
29,33,75
14,25,15
5,14,67
29,38,43
8,10,38
6,19,34
19,20,41
43,46,47
1,16,50
25,47,26
16,36,45
11,47,9
7,9,1
2,23,52
14,24,47
6,33,14
14,29,4
0,5,5
3,21,28
8,42,73
34,38,30
43,44,94
16,48,85
2,16,85
3,32,70
1,18,22
2,39,24
40,44,87
3,18,9
5,11,12
32,39,61
2,47,38
15,33,73
30,42,73
8,33,18
4,36,25
28,33,61
6,45,63
12,26,49
18,25,73
6,28,17
19,32,3
9,17,54
3,5,72
28,47,24
10,12,28
3,35,58
13,40,76
0,45,26
2,32,54
11,40,90
29,35,2
7,31,91
31,45,34
26,44,37
34,40,80
3,44,85
14,46,69
23,29,20
2,48,93
20,33,31
2,19,62
19,36,31
25,29,73
9,26,6
0,16,9
20,34,64
16,32,54
7,25,38
6,32,58
24,29,84
39,43,99
12,43,94
27,44,44
46,48,65
25,35,13
10,45,99
8,14,92
21,30,14
35,36,46
6,38,59
8,34,24
36,44,87
18,39,2
18,38,70
4,41,67
3,16,71
3,33,50
10,40,38
4,31,19
9,37,41
37,47,72
22,30,9
15,40,90
22,28,17
7,27,46
34,36,38
8,41,53
33,48,24
5,44,31
29,43,85
36,48,60
7,40,9
12,48,71
11,22,28
7,29,1
12,14,2
11,43,89
44,47,17
32,35,3
17,43,46
0,22,65
27,31,21
5,45,1
6,14,53
7,13,21
1,13,40
24,47,20
10,19,58
33,37,55
25,30,15
16,42,53
40,41,58
1,5,96
16,40,56
4,8,48
24,28,31
3,28,32
16,33,15
8,38,94
6,31,92
11,25,36
29,30,67
22,36,74
39,42,40
7,26,64
30,38,42
10,31,2
10,39,69
33,40,93
25,31,51
10,42,10
12,18,25
3,40,36
11,15,1
20,44,42
18,48,62
3,4,97
4,12,99
15,39,56
23,34,34
39,46,43
37,48,3
11,12,62
21,24,88
8,11,8
4,22,84
38,45,14
2,27,86
13,48,56
4,17,25
3,14,64
6,7,38
19,24,65
20,24,92
1,9,1
34,47,84
3,31,89
8,18,92
20,25,55
15,23,67
30,44,97
13,33,74
1,40,24
4,28,23
36,47,45
5,32,59
5,39,73
20,22,48
8,43,25
10,21,83
43,48,87
1,39,71
29,40,63
13,45,72
21,29,24
11,38,85
2,43,49
14,32,85
27,41,77
13,18,33
8,35,50
6,10,99
21,38,14
30,40,53
2,31,20
20,31,16
41,45,53
21,44,49
21,33,61
38,43,24
2,30,49
17,38,89
31,40,24
26,47,1
31,41,58
42,46,55
6,29,60
24,37,39
10,20,58
0,41,17
22,37,29
9,42,57
17,46,2
23,42,64
40,43,2
4,13,54
14,33,99
2,41,33
21,32,41
25,34,99
3,23,47
12,16,84
0,48,93
22,40,55
21,39,86
39,48,79
1,21,41
25,41,18
17,42,54
15,26,19
9,10,89
4,5,80
15,22,91
5,34,58
18,23,68
33,41,30
24,33,61
7,47,81
5,16,62
15,36,18
14,48,18
39,44,61
28,37,68
30,36,5
13,30,41
23,40,93
10,22,46
2,35,40
31,48,96
33,45,14
0,4,97
5,40,35
0,38,53
6,8,70
9,19,33
13,26,67
24,35,90
17,48,55
24,41,24
25,37,46
27,39,97
11,24,26
34,39,27
27,38,96
2,44,40
0,37,18
6,13,40
28,39,81
1,28,78
19,45,29
25,38,76
14,39,39
1,45,83
25,39,61
6,34,39
27,36,97
27,37,62
9,29,50
27,48,13
7,20,88
7,23,32
2,17,33
34,35,67
19,48,54
15,29,68
3,6,1
18,47,71
13,39,72
12,34,9
22,35,93
0,27,73
17,31,96
28,40,29
1,29,69
7,45,50
5,43,91
26,37,36
11,13,28
12,24,5
8,20,12
17,33,5
18,31,11
30,41,52
16,31,67
18,19,31
22,34,28
11,20,73
26,42,89
8,48,74
10,44,84
8,9,1
37,44,7
21,27,3
28,45,97
0,19,29
33,36,70
1,46,11
9,12,18
15,30,7
13,16,62
2,25,91
8,25,96
6,11,81
17,23,24
18,28,19
4,30,60
31,46,60
2,12,78
7,33,67
24,31,1
26,29,95
14,23,24
28,46,30
6,46,69
20,23,69
13,27,56
17,18,99
16,26,48
4,33,38
5,8,80
26,36,30
5,25,45
10,46,24
23,41,70
35,43,67
6,15,6
2,11,27
0,33,55
21,47,11
26,38,12
13,19,54
0,0,0
