3,10,34
5,20,42
14,37,87
6,8,28
15,27,62
20,24,57
12,21,40
3,46,31
8,38,66
27,29,41
15,24,42
18,27,60
3,16,48
27,43,94
2,20,9
0,23,42
15,37,54
24,48,59
12,35,93
21,38,30
36,46,89
27,44,35
43,47,43
16,23,8
2,37,49
17,38,45
23,47,26
36,38,7
6,45,4
27,39,8
12,23,27
19,31,40
3,20,49
11,45,37
12,32,20
16,19,41
40,44,30
28,29,60
26,45,19
22,30,91
20,39,38
3,47,68
34,38,92
18,42,86
21,27,17
3,25,5
10,42,38
7,44,70
18,37,43
33,35,11
19,36,32
4,43,51
19,22,83
5,9,16
13,34,98
7,10,65
29,31,41
18,47,4
6,35,96
37,38,17
0,28,44
2,39,84
3,36,63
6,42,31
15,40,53
13,18,38
3,31,90
27,47,49
11,31,30
22,43,34
36,47,96
11,29,71
25,48,34
9,25,36
4,30,75
40,42,9
14,23,42
32,47,35
7,35,69
38,48,39
21,25,5
12,15,24
4,48,76
24,31,97
39,46,46
11,33,74
1,3,28
2,33,3
10,14,46
34,48,17
24,27,97
32,34,56
19,24,82
21,26,30
1,28,66
13,35,40
42,45,68
19,28,92
6,34,30
19,40,74
14,47,23
16,42,18
1,19,44
7,25,22
1,48,68
10,30,99
6,48,69
20,41,67
5,30,65
10,19,69
18,46,97
13,19,95
0,45,25
3,42,10
8,14,35
12,40,15
16,40,47
8,42,3
20,40,52
20,44,36
21,41,5
32,48,72
20,47,66
6,25,40
6,13,35
1,15,49
21,23,84
35,42,58
19,33,97
6,29,40
16,48,95
34,36,20
12,41,98
41,46,82
12,27,87
5,8,37
8,18,72
28,42,26
26,39,89
22,28,87
24,44,58
10,11,92
20,32,87
26,40,78
24,47,22
5,44,22
9,42,29
13,41,41
24,38,52
1,38,19
2,43,30
6,39,22
28,33,8
39,45,69
2,15,32
5,12,15
37,44,4
18,45,14
7,40,67
26,29,22
9,41,25
31,44,45
1,40,90
20,33,21
3,8,13
27,48,85
17,35,89
44,45,72
9,38,7
17,22,97
31,47,30
33,38,52
10,46,90
13,40,52
31,45,2
1,39,98
13,38,32
22,39,21
13,28,99
4,27,72
26,35,10
34,45,61
43,46,23
11,39,84
24,32,24
13,42,58
8,25,20
32,35,65
5,45,97
11,26,27
18,30,69
9,26,97
16,21,8
26,46,95
4,13,90
1,27,5
13,25,10
14,16,50
9,18,7
23,48,67
13,48,97
15,39,80
3,33,3
41,48,5
12,14,26
2,5,57
40,48,46
40,43,48
16,43,1
4,17,22
9,33,8
27,41,82
21,43,85
22,48,3
23,46,70
10,22,8
12,26,66
29,30,59
30,36,37
0,15,92
13,43,80
2,47,80
14,40,95
6,41,26
30,48,84
7,41,62
10,40,87
37,46,79
39,40,96
30,32,31
7,13,42
29,41,78
2,19,96
3,6,58
18,32,75
5,41,5
15,42,89
2,7,50
30,34,75
7,19,54
37,47,86
15,21,95
16,24,4
15,34,18
42,47,8
16,29,11
31,32,51
22,40,14
3,37,72
7,12,73
0,31,92
30,42,43
4,12,13
14,33,77
10,33,8
4,20,48
9,27,34
34,37,38
13,36,63
6,19,32
2,38,48
22,29,97
4,28,26
19,29,56
13,17,90
38,39,11
7,31,31
25,31,73
17,30,26
1,25,64
17,43,68
6,33,30
14,20,98
34,42,6
14,18,95
13,20,90
17,36,35
0,47,72
2,45,94
6,38,48
11,35,66
1,5,81
15,35,5
0,26,50
7,20,54
29,40,51
23,33,76
24,39,32
34,40,88
26,43,45
9,47,70
12,45,83
8,24,64
20,27,35
0,3,15
36,45,98
24,37,35
32,33,94
0,25,80
27,45,28
13,15,34
9,37,95
2,35,75
19,47,40
18,40,74
7,48,33
17,44,67
8,9,94
11,46,41
19,46,71
7,34,29
4,32,15
13,33,25
15,17,94
6,10,23
2,30,72
9,20,78
0,34,88
19,34,96
8,27,44
37,42,21
1,6,26
13,37,32
0,10,30
17,29,78
29,35,69
8,32,18
17,19,6
4,18,68
9,19,26
43,44,16
13,22,77
8,19,82
10,43,18
21,31,41
1,47,92
12,28,79
24,33,16
7,45,16
6,32,30
14,45,80
9,14,44
0,8,95
8,40,85
0,40,30
23,32,90
8,34,10
6,17,61
18,26,67
31,41,71
21,34,66
19,41,65
7,24,62
5,16,20
13,31,69
3,45,84
3,14,49
6,47,60
12,42,68
31,42,9
25,34,11
17,28,84
0,13,9
1,11,21
3,21,94
2,14,12
2,12,48
9,30,78
16,20,89
18,22,46
23,27,52
11,44,22
9,44,37
12,38,98
21,45,34
5,26,76
25,47,67
25,36,58
12,46,79
8,22,7
10,25,1
31,43,41
29,44,65
1,10,17
33,43,98
24,45,11
2,29,20
24,26,11
10,26,99
23,39,68
11,24,3
6,37,35
36,40,59
19,39,9
37,40,71
4,41,83
27,32,20
25,40,46
16,47,30
15,20,33
15,25,25
17,34,64
28,44,65
4,40,88
12,47,62
1,34,85
7,36,9
1,42,57
38,46,91
8,46,15
12,44,14
21,44,7
30,40,43
33,42,69
11,19,23
22,23,29
11,42,53
39,48,88
2,36,2
11,34,70
10,38,89
8,36,18
10,31,47
0,4,91
8,16,19
3,5,96
5,25,7
1,9,87
33,37,45
27,34,25
4,23,58
0,17,71
33,39,75
11,38,43
25,39,65
5,13,73
1,18,18
18,34,11
22,38,85
16,31,54
29,38,33
4,6,36
1,36,97
0,33,43
7,27,44
7,43,83
26,47,12
30,31,34
13,26,29
13,14,48
6,22,30
11,27,40
40,47,9
10,15,32
10,39,32
29,46,81
2,18,2
18,44,79
32,37,95
26,41,94
12,19,73
1,23,29
2,44,67
7,17,63
19,32,88
15,23,14
14,25,73
40,45,24
32,41,82
6,20,69
30,46,3
10,48,23
10,36,8
19,30,52
15,36,84
1,37,29
4,35,17
8,30,41
17,21,10
12,13,83
29,45,71
21,47,94
21,40,45
19,27,72
9,32,61
36,42,92
26,44,90
8,44,46
22,47,30
18,43,90
3,40,30
6,21,95
24,36,28
15,31,8
1,46,50
15,47,47
35,37,38
11,40,46
19,35,68
6,12,96
34,46,89
8,29,43
6,46,56
12,18,34
20,31,10
28,40,64
6,23,27
41,42,51
25,43,2
26,32,44
42,46,65
32,43,82
4,39,19
42,48,63
39,44,32
36,48,55
10,47,44
17,31,45
17,41,48
15,16,4
15,19,54
2,10,79
10,35,82
7,46,61
0,0,0
