42,44,1
19,37,8
4,33,67
17,56,32
0,26,32
10,46,5
1,23,95
30,43,13
34,57,69
24,46,79
4,21,15
7,49,34
45,52,57
43,53,45
9,26,39
51,59,47
8,49,67
24,25,58
16,25,14
5,16,64
33,45,18
6,56,70
36,60,78
21,58,52
15,21,56
18,30,26
5,37,57
13,47,29
5,53,24
36,56,22
48,58,74
28,32,18
41,42,40
2,12,78
1,4,26
13,46,72
5,22,78
16,34,49
6,15,80
22,59,16
25,36,55
16,17,23
7,47,73
9,20,46
22,38,45
16,32,55
2,52,41
55,58,94
6,11,2
17,19,50
15,54,57
7,42,42
40,46,82
26,40,90
6,38,1
32,60,39
39,49,24
5,47,64
9,25,45
7,46,42
1,32,72
13,19,28
39,44,82
24,37,72
34,60,27
31,54,83
4,51,76
47,50,53
35,50,46
2,4,85
28,59,3
17,34,58
48,51,11
3,10,50
0,54,4
16,24,99
1,59,60
10,40,15
0,21,90
9,50,36
24,45,26
3,51,15
29,56,8
5,59,85
24,47,14
37,57,26
0,2,33
27,45,43
7,43,51
49,59,6
2,44,61
16,52,88
36,44,84
35,51,12
2,56,19
17,21,58
35,37,68
38,49,33
15,59,97
22,57,51
27,34,26
9,23,34
4,30,29
10,51,37
16,39,100
9,54,8
8,15,32
48,57,3
9,43,33
14,51,36
34,35,7
45,50,47
11,39,60
9,31,68
9,19,3
51,58,68
44,55,60
8,9,10
44,59,8
10,38,8
20,21,44
6,32,19
31,59,25
58,59,18
40,44,91
0,46,73
13,58,49
22,41,70
17,18,64
5,31,4
33,55,39
44,49,20
18,24,24
10,37,53
32,42,13
7,22,75
17,59,10
6,44,13
10,24,43
1,17,79
23,52,98
17,22,67
0,9,90
33,37,96
50,51,36
11,13,2
47,55,21
6,37,6
18,33,64
19,26,61
35,60,28
32,48,19
17,26,29
9,48,18
36,50,13
17,20,71
28,54,81
4,6,89
30,33,55
40,49,82
4,18,86
39,50,64
20,29,7
43,56,61
1,2,84
14,25,47
47,54,9
24,31,57
15,30,67
34,37,17
29,57,1
2,20,30
0,3,24
10,27,27
0,36,33
5,50,100
11,35,9
33,47,77
5,9,40
39,42,34
26,36,62
38,41,45
0,27,37
46,49,36
1,41,82
37,54,88
13,14,66
7,30,27
12,17,88
22,54,11
43,55,53
10,19,4
1,14,17
15,53,50
17,31,86
31,36,71
5,43,14
5,49,98
6,41,47
8,59,52
20,49,7
37,41,54
37,55,94
52,54,99
21,44,4
24,39,75
30,31,11
2,53,35
9,30,91
6,51,13
41,50,72
44,46,3
4,45,99
25,49,95
2,16,80
30,41,96
52,56,8
2,14,36
6,60,90
49,56,20
3,21,82
37,43,54
10,48,100
24,44,41
22,30,33
7,56,71
39,56,18
1,37,16
22,27,49
34,46,39
23,42,6
1,42,59
1,25,17
18,32,54
30,49,90
13,48,90
31,46,96
7,38,28
19,33,47
1,19,46
31,50,9
36,37,49
10,32,31
9,33,20
5,51,21
16,44,39
51,55,38
9,58,33
13,21,41
12,13,10
28,41,16
19,40,49
8,40,21
13,41,13
26,42,31
0,41,39
1,36,33
6,7,64
19,46,90
1,29,19
14,52,38
1,50,7
13,59,89
5,15,41
20,34,65
15,41,58
30,37,42
8,27,50
28,47,57
23,28,17
37,58,75
56,57,86
35,38,15
33,34,46
38,53,13
5,23,1
5,52,76
12,53,68
6,23,38
27,29,40
35,44,63
4,19,29
4,29,96
2,36,52
5,41,38
2,3,39
38,58,49
15,48,99
3,14,1
4,41,20
0,53,76
27,56,14
11,46,92
29,33,48
32,43,82
27,28,45
19,56,42
40,50,19
52,53,78
7,40,88
34,55,3
6,31,43
2,54,51
14,41,93
33,48,10
21,52,51
3,15,18
9,36,5
2,26,77
6,49,60
1,16,11
13,43,83
9,27,74
16,38,41
28,51,24
30,60,47
18,29,80
1,5,96
1,8,83
18,34,28
5,57,61
16,29,13
15,32,73
38,47,92
1,51,37
5,11,94
27,40,50
6,12,11
7,37,22
23,60,37
6,10,21
8,29,91
18,20,61
33,56,79
5,6,98
37,45,72
34,44,80
28,39,99
18,43,26
49,58,90
20,35,74
26,47,35
24,35,10
38,45,11
11,60,30
9,45,15
38,57,78
34,50,30
14,15,40
19,24,96
16,57,52
28,58,67
26,31,46
3,5,9
34,38,74
38,46,56
36,53,83
18,23,31
20,46,67
11,24,97
41,57,51
2,49,31
44,48,9
19,43,66
15,35,98
42,48,62
13,35,89
43,47,2
24,36,84
7,51,66
49,50,70
1,3,42
17,28,95
11,58,53
46,55,90
23,51,56
40,58,60
14,45,33
0,6,44
8,47,96
7,28,51
48,60,32
31,44,48
29,38,83
25,58,11
9,11,1
26,34,65
26,58,60
24,32,20
31,47,53
39,55,42
14,38,12
11,26,16
3,27,66
36,45,14
31,40,90
23,25,99
16,58,18
23,35,61
8,46,51
16,54,51
26,59,27
20,30,55
7,26,26
10,55,74
8,38,51
45,48,30
10,13,93
33,46,50
17,24,26
23,56,26
57,60,98
13,15,95
33,38,87
32,51,13
17,44,78
17,52,7
4,54,61
46,48,87
3,28,51
11,49,42
0,57,4
10,30,84
20,33,100
7,58,96
19,59,47
15,51,10
23,32,42
3,31,20
26,55,55
27,58,81
16,43,17
21,39,96
40,52,17
3,20,45
1,24,15
47,49,80
37,50,73
25,43,18
17,53,91
30,39,24
52,60,100
34,54,18
11,41,4
29,47,22
4,24,48
2,24,48
9,32,78
0,37,48
50,59,74
21,36,17
7,50,52
16,56,79
2,42,78
7,31,71
26,51,97
1,22,27
15,34,34
12,16,99
32,50,24
9,14,63
3,22,95
32,41,90
39,59,64
22,50,51
48,53,59
9,60,3
17,33,52
0,29,90
4,40,97
21,42,67
36,42,58
2,39,93
21,34,25
30,38,85
49,55,90
4,22,58
5,30,65
31,53,76
9,44,23
14,56,36
29,48,11
2,17,88
35,39,33
39,53,32
25,47,49
14,27,36
13,54,27
35,56,18
13,36,11
2,58,28
22,31,47
16,47,65
17,23,71
0,43,97
1,6,42
0,5,62
29,42,38
45,58,20
23,58,93
5,21,77
23,48,67
23,41,72
21,50,17
4,15,3
8,48,40
5,58,55
33,41,74
1,11,63
13,31,13
32,45,91
6,22,62
25,56,50
0,1,60
2,29,80
13,27,36
10,29,100
20,55,38
35,49,70
43,52,71
22,26,59
3,42,12
1,46,8
22,53,10
10,18,56
25,30,44
23,37,6
46,51,20
42,56,74
38,44,58
33,44,57
4,31,32
46,56,98
47,51,43
3,54,60
12,45,23
5,26,45
27,55,72
47,52,71
6,34,78
0,59,86
21,59,97
13,56,99
42,46,92
33,42,61
11,54,46
37,48,39
31,42,22
32,55,76
12,59,88
19,31,62
20,27,43
21,45,56
10,41,64
32,33,100
2,5,81
5,12,91
5,33,59
0,49,88
22,39,18
17,55,37
7,33,29
34,42,61
14,16,45
19,45,26
16,45,82
19,47,34
6,48,30
29,59,89
10,17,45
49,51,63
10,47,14
30,40,61
28,43,47
23,24,64
6,43,77
11,20,43
8,12,48
47,60,15
14,21,33
3,7,56
42,58,11
19,57,57
4,43,62
4,42,33
21,35,33
16,35,70
22,43,87
54,57,4
22,46,76
7,13,65
8,20,12
6,28,15
14,43,86
51,60,25
0,47,3
21,56,20
30,59,96
9,41,19
1,15,11
19,21,40
23,54,59
17,51,90
17,32,5
6,9,38
9,21,76
34,53,59
31,56,15
0,48,91
2,22,36
10,20,49
21,23,46
3,35,55
15,16,95
12,42,86
51,54,15
26,49,75
33,57,54
2,47,86
1,38,13
8,22,50
41,58,31
34,58,44
27,43,94
37,53,53
15,38,7
37,47,95
7,45,87
5,28,44
2,48,29
1,20,69
19,51,40
37,44,50
6,14,5
9,29,69
10,21,54
23,50,30
20,53,69
9,16,89
2,45,100
17,45,87
11,25,14
6,57,93
41,52,51
1,26,18
17,36,78
10,42,38
13,51,1
24,59,87
32,39,76
2,55,21
0,17,74
45,49,98
36,43,46
8,43,54
11,51,49
14,22,57
14,28,63
27,44,48
38,51,49
29,39,5
7,39,97
1,45,74
12,52,82
3,6,67
6,58,62
4,11,72
32,52,28
3,39,95
36,55,60
4,60,49
10,14,33
20,37,96
5,24,51
7,53,38
3,49,53
19,29,24
22,44,75
3,48,53
52,58,55
26,37,57
9,59,97
1,53,86
30,50,11
41,44,93
3,53,7
31,51,81
12,23,84
43,57,88
36,49,42
40,56,75
36,52,9
11,50,92
8,44,89
4,9,37
7,18,21
18,26,81
53,55,33
12,36,38
27,38,25
16,23,9
50,57,43
11,59,68
40,59,52
3,29,98
18,41,38
39,47,3
16,55,87
36,57,81
5,32,4
17,60,67
8,16,85
26,27,90
0,12,37
12,41,10
14,48,43
1,44,28
0,19,68
4,12,28
24,60,54
8,10,18
25,42,12
25,45,36
28,53,19
15,52,82
0,25,29
35,59,97
25,32,91
21,31,72
24,40,74
19,35,89
3,9,3
20,43,56
18,58,96
3,17,95
27,50,76
33,52,51
9,57,7
30,44,7
8,39,54
54,59,68
27,33,16
17,43,17
28,31,33
34,51,83
37,52,66
0,33,65
24,56,75
0,44,75
6,54,78
13,44,33
2,25,31
18,35,43
11,55,18
50,54,38
8,14,37
15,50,82
24,48,67
0,55,34
40,55,75
37,56,57
11,14,75
32,59,11
9,49,37
5,13,47
41,47,35
0,39,30
8,23,30
26,50,5
1,31,67
7,54,96
50,60,27
6,17,37
25,55,34
35,42,4
21,41,52
11,18,100
25,54,84
19,36,57
28,35,58
41,45,79
1,39,28
44,56,46
11,31,66
29,53,44
34,36,82
14,31,35
13,49,69
18,21,28
18,28,96
8,24,95
10,49,91
15,47,14
21,26,79
9,18,58
11,53,42
34,45,69
28,42,54
18,56,69
20,44,6
24,58,13
13,57,2
20,26,51
1,21,63
50,58,12
30,35,5
10,11,49
11,37,48
11,42,90
14,35,46
25,34,65
2,60,2
6,39,87
15,60,65
44,51,70
2,57,32
43,44,65
32,44,27
24,29,34
36,39,12
30,51,14
18,57,13
43,45,65
8,55,5
14,29,3
5,25,7
21,28,20
16,36,91
55,59,5
27,32,95
9,40,46
19,48,80
18,37,57
24,30,39
38,42,27
0,16,22
9,10,26
18,38,49
18,54,81
46,57,17
0,50,63
14,17,29
32,49,14
1,43,38
4,49,48
45,56,88
0,0,0
