7,26,66
9,26,58
2,16,75
11,27,67
7,10,48
9,14,88
0,12,38
8,11,49
5,20,32
4,9,23
9,18,18
18,23,23
1,26,16
7,11,12
6,9,46
4,18,22
12,16,32
6,13,14
4,14,33
4,8,52
16,20,67
13,24,86
3,5,42
16,18,26
7,9,94
6,15,78
11,20,100
6,19,65
11,25,19
7,22,25
1,22,96
22,24,29
6,25,50
0,8,8
0,5,76
0,20,31
11,13,70
1,3,96
25,27,98
12,27,84
0,4,62
15,27,21
1,21,21
16,23,41
4,15,4
1,19,6
8,9,11
21,23,10
11,18,86
1,7,1
3,22,31
24,25,68
4,20,37
2,22,52
20,26,46
0,22,77
21,26,100
11,16,39
1,20,95
8,14,79
24,26,100
14,15,79
0,19,42
10,23,47
7,23,99
9,22,52
3,17,60
9,16,7
6,18,88
6,17,21
9,21,87
25,26,82
10,26,21
14,25,91
1,16,3
4,21,9
8,26,14
8,13,43
9,23,3
19,21,30
10,13,51
2,24,64
5,12,51
7,15,47
0,16,20
19,22,30
3,23,20
2,21,23
7,12,61
1,6,89
17,25,70
4,13,44
3,12,70
3,9,21
14,19,35
10,22,50
3,26,11
3,19,82
16,24,66
10,27,72
6,21,1
10,15,30
7,21,70
18,20,21
2,8,27
6,23,13
1,14,99
5,22,74
3,4,67
6,8,95
8,10,81
6,20,42
17,22,34
16,25,69
5,26,91
3,14,68
2,12,79
9,11,31
1,13,95
5,9,73
13,23,63
5,19,55
3,8,87
4,19,92
13,16,75
3,13,83
1,24,97
7,16,16
1,27,71
10,18,59
4,24,91
4,5,62
13,22,60
15,26,42
4,25,72
5,7,2
2,17,99
4,6,81
4,11,53
0,13,97
19,25,81
5,25,3
6,24,66
1,9,35
14,27,30
11,15,14
4,10,20
4,27,26
2,5,36
10,14,66
11,21,35
8,18,29
8,22,71
12,25,42
20,27,46
17,19,44
10,21,68
7,18,90
14,16,99
10,24,96
12,22,5
14,23,17
13,26,11
2,23,56
19,27,8
11,12,11
19,20,81
9,19,23
10,11,40
12,24,47
1,15,84
1,11,92
10,25,20
2,27,7
5,18,66
0,3,32
15,19,1
13,20,98
2,6,63
12,26,8
16,21,7
5,27,9
7,20,1
6,26,39
15,17,7
12,19,3
0,25,74
6,14,17
3,24,78
2,9,65
15,24,41
1,4,72
0,15,44
9,13,20
4,17,43
4,12,12
12,13,49
14,24,50
10,16,16
1,8,99
1,5,81
20,22,75
1,23,5
22,26,33
7,24,3
6,27,6
12,21,71
15,21,10
11,17,6
7,13,26
12,23,79
16,22,5
2,14,86
2,19,22
5,11,37
3,27,64
8,23,79
15,25,84
0,21,55
14,17,43
3,6,64
17,23,50
4,23,21
17,20,58
8,20,69
19,24,41
8,24,57
12,20,1
5,23,73
13,19,11
13,15,76
6,11,53
0,26,61
13,17,21
2,10,21
8,15,71
6,10,67
12,18,76
9,20,55
11,22,24
10,12,14
18,26,93
9,15,13
13,18,23
5,21,74
6,16,56
5,10,30
0,1,45
1,25,90
14,26,8
26,27,63
5,6,65
21,22,62
8,17,64
3,16,70
22,27,32
7,19,78
7,8,21
9,12,68
2,13,88
0,18,20
0,23,62
11,23,15
19,26,90
8,21,88
2,3,56
3,18,28
21,25,71
5,15,25
13,21,59
12,14,34
15,23,18
21,24,81
21,27,69
22,25,83
11,26,4
7,14,85
15,20,93
20,24,23
18,22,63
12,15,33
3,25,74
1,10,2
19,23,76
9,10,45
10,20,16
7,17,6
3,10,86
7,27,11
5,8,15
18,27,69
20,23,8
16,27,45
13,27,6
4,7,58
23,24,61
2,4,46
16,17,77
0,9,48
17,18,37
0,11,1
16,19,3
0,7,12
8,25,93
23,25,97
13,14,43
9,17,82
5,13,6
15,18,11
2,11,62
6,22,22
17,21,98
14,20,83
14,22,88
8,12,12
6,12,25
0,0,0
