26,83,58
6,94,33
51,84,74
33,83,60
31,37,22
9,30,84
1,2,68
24,84,96
18,40,9
79,89,80
19,37,28
33,75,26
60,85,38
87,93,52
59,86,87
32,40,23
44,58,34
33,50,22
1,13,91
50,82,65
49,59,34
25,56,18
56,65,92
18,42,33
40,84,46
66,73,40
8,78,71
63,72,72
16,51,23
28,74,89
70,79,68
54,79,31
36,51,69
7,14,53
3,65,67
26,88,34
10,29,66
8,70,39
34,77,42
12,91,4
3,17,10
27,59,74
61,63,13
69,87,97
30,69,77
6,16,46
56,90,39
28,68,37
24,60,60
30,52,94
16,39,6
75,93,67
38,79,28
27,53,92
57,61,47
17,91,78
62,81,16
19,79,67
11,18,92
43,60,47
7,71,84
12,92,88
73,76,76
70,78,7
49,62,84
27,81,30
71,91,47
64,76,78
15,39,15
23,78,26
0,42,80
68,81,11
16,38,81
43,70,67
64,67,29
8,80,59
9,43,75
65,74,19
50,51,45
9,80,29
1,61,68
11,33,82
32,39,48
46,88,99
32,78,78
21,94,61
56,93,75
40,80,85
23,87,61
7,94,84
46,53,42
36,64,7
3,77,27
5,91,48
76,91,66
7,64,48
39,54,30
19,59,69
68,70,52
49,68,25
22,85,70
18,56,82
15,68,2
36,88,80
6,42,3
0,70,69
42,65,52
50,53,69
27,51,45
15,34,19
9,46,100
64,74,48
10,82,69
60,73,94
0,92,89
4,57,5
8,27,27
30,32,73
45,66,15
8,71,42
5,64,86
79,88,59
7,69,24
62,86,89
22,57,56
52,85,82
48,71,21
17,93,69
36,71,94
16,30,59
19,62,83
61,77,54
69,85,98
34,48,41
9,90,61
17,56,60
25,88,44
5,33,80
39,49,28
6,77,30
8,91,78
41,44,63
79,93,29
49,54,77
68,89,7
76,87,68
61,66,42
7,13,34
45,76,83
58,92,13
9,28,62
4,51,3
61,74,30
14,80,39
51,67,10
58,77,87
6,75,73
86,87,73
45,71,47
38,47,14
57,83,79
49,58,33
10,44,43
5,17,16
71,94,74
67,83,18
4,43,84
55,59,18
10,64,25
52,83,39
31,87,28
21,65,39
39,40,13
33,47,58
34,61,92
41,78,40
19,53,41
16,47,52
37,92,36
39,60,27
13,59,44
7,16,95
11,57,40
18,73,80
45,78,81
3,86,10
25,71,87
24,56,16
66,86,73
24,94,5
27,92,86
37,94,56
0,74,44
19,85,62
1,62,2
50,92,72
71,74,54
33,82,10
61,81,92
15,37,20
31,68,92
53,73,52
57,89,85
45,61,77
20,22,1
15,64,88
58,67,21
11,93,71
2,12,18
20,86,11
28,71,53
29,67,100
17,78,86
80,88,65
39,42,36
49,82,88
65,70,30
38,55,32
49,86,61
39,66,12
6,28,57
11,15,15
59,63,52
16,92,45
24,79,46
5,36,56
21,34,53
45,59,7
15,46,77
1,43,28
1,38,91
3,8,6
33,92,44
38,71,28
38,52,49
3,28,96
4,67,56
49,81,46
56,92,24
25,47,84
32,36,61
40,77,81
13,17,78
18,67,16
16,24,33
32,33,76
22,82,99
38,76,14
38,57,47
10,61,32
0,39,57
17,70,74
26,46,6
10,83,43
51,75,52
72,78,26
25,30,67
9,85,42
42,74,91
2,79,90
89,93,82
25,93,32
66,83,81
29,77,42
66,92,9
39,51,82
9,61,60
89,91,22
39,74,7
15,51,92
12,77,37
35,92,11
62,68,88
2,83,17
58,68,23
58,94,3
18,41,36
52,79,91
32,51,64
4,66,8
65,67,68
33,73,41
24,43,97
5,72,19
25,75,65
53,61,10
6,80,49
62,78,40
10,19,13
4,91,100
14,63,29
33,90,20
10,49,28
43,73,17
6,38,89
47,90,23
17,80,82
43,51,90
32,92,36
0,66,24
44,81,100
45,54,48
57,78,3
12,36,20
34,78,71
5,88,5
16,56,23
56,60,36
45,64,57
21,63,14
62,89,76
68,91,75
46,73,33
36,94,24
13,83,2
12,26,91
31,36,14
47,94,10
10,77,62
57,60,58
42,69,38
3,45,65
84,85,53
8,45,21
5,51,61
2,92,52
15,55,14
56,74,17
38,64,2
9,86,70
70,84,76
46,80,90
32,85,28
26,57,96
17,28,12
42,45,31
16,81,7
44,76,18
37,85,62
13,49,1
12,37,12
84,94,38
19,47,94
17,72,93
56,67,54
21,41,21
15,20,22
14,37,97
0,25,35
2,30,1
29,76,54
27,42,93
9,19,76
5,42,75
31,65,31
18,44,60
24,93,48
67,92,22
52,55,52
25,85,23
62,76,81
67,84,54
0,58,20
10,50,43
7,74,46
21,30,25
19,41,95
25,43,4
85,94,28
35,43,51
48,67,45
9,67,36
27,72,58
61,88,87
0,84,54
16,37,94
3,36,2
18,76,5
21,31,17
22,60,23
3,69,97
6,21,71
23,28,44
36,68,37
43,87,20
2,44,86
22,93,43
4,53,25
32,65,7
13,76,79
20,65,9
10,60,23
21,46,27
47,65,40
19,56,25
38,53,98
35,83,2
9,17,66
62,80,2
23,48,39
33,84,55
5,90,3
7,76,21
40,57,58
21,86,18
25,39,40
27,70,29
9,12,36
79,85,81
39,85,13
27,93,76
31,50,4
3,41,35
45,62,44
66,75,43
24,83,82
7,10,58
65,69,36
15,78,18
29,34,83
0,27,58
51,65,74
22,52,30
39,56,19
55,77,40
77,82,34
47,80,88
25,37,20
85,87,28
37,58,88
38,72,51
54,82,14
16,91,24
61,90,17
34,59,35
53,55,68
90,91,38
13,66,14
84,86,81
7,31,72
83,89,53
63,78,40
17,21,12
14,25,75
49,69,100
23,31,58
66,94,25
29,86,41
63,68,28
60,69,97
26,51,47
8,47,4
36,73,88
72,82,36
16,90,23
22,31,34
12,34,70
21,24,42
9,20,68
40,64,23
30,85,73
35,48,69
15,31,60
13,81,96
21,42,61
6,56,77
24,25,88
18,66,81
8,31,49
41,82,20
12,45,78
27,85,58
5,45,47
18,54,77
50,73,75
23,84,31
18,83,84
39,87,66
86,88,24
43,79,87
9,32,23
10,53,28
22,66,90
44,77,45
39,93,48
71,85,26
7,17,74
11,41,19
73,82,11
8,17,3
24,55,97
8,28,85
51,80,39
0,4,94
18,87,3
5,43,2
51,71,38
17,64,35
39,63,49
66,71,51
61,68,43
16,19,34
13,38,30
61,67,65
54,56,23
8,36,46
25,62,61
68,86,40
3,67,35
9,16,7
0,11,25
26,60,71
58,78,2
14,68,90
14,21,25
19,68,70
15,92,46
1,88,96
2,77,69
2,3,28
13,27,94
50,69,59
39,43,17
47,61,99
27,84,68
25,41,37
20,77,2
57,58,66
46,49,77
24,92,58
26,34,40
20,80,57
9,41,56
28,69,58
13,32,64
0,59,70
27,50,97
46,94,22
30,80,49
25,45,78
68,72,89
54,69,69
53,81,66
70,71,50
36,43,15
79,86,3
54,75,75
55,82,82
53,83,94
73,91,17
16,22,41
23,69,25
7,9,30
7,59,47
11,56,85
41,72,79
48,93,77
32,81,83
23,75,26
23,58,34
35,88,67
12,63,57
45,77,85
38,41,82
42,92,45
86,90,98
25,68,68
49,91,57
1,4,65
28,62,20
16,26,19
50,64,74
26,39,8
45,82,72
42,85,75
57,80,87
58,73,5
18,23,45
23,74,41
34,70,17
18,68,52
72,90,10
63,94,82
19,29,83
12,61,78
54,84,84
71,79,95
5,82,87
8,83,40
46,64,4
15,32,25
27,82,28
10,87,67
40,41,23
67,86,75
33,39,74
66,91,81
9,88,6
45,86,28
39,59,12
24,66,7
5,79,88
61,71,77
23,85,19
4,14,81
9,94,57
45,58,9
36,56,76
24,65,85
21,37,83
27,94,40
2,90,76
8,14,52
31,59,94
10,63,58
36,48,69
35,52,80
61,87,20
23,40,28
39,53,56
5,89,72
25,79,14
8,84,38
47,85,43
46,71,75
88,91,99
69,88,12
1,72,93
30,90,30
10,46,38
57,85,33
40,75,99
71,81,55
12,30,7
7,80,25
61,94,71
25,55,38
69,78,56
1,49,81
20,78,55
66,89,51
49,50,90
3,66,19
59,78,69
29,33,25
61,75,59
73,79,43
17,35,99
16,55,73
28,79,58
27,43,56
16,73,82
30,60,81
48,90,82
1,70,4
37,67,74
41,64,5
2,50,77
41,53,39
36,37,38
37,72,3
42,68,94
86,91,39
35,85,58
61,82,61
35,58,13
39,92,54
14,47,14
41,73,75
4,33,99
22,91,83
22,47,90
67,75,17
7,55,49
51,79,2
48,69,17
36,80,54
44,68,99
55,87,27
5,71,72
28,78,63
17,94,94
10,57,26
11,27,87
58,81,85
0,23,34
10,52,79
61,93,6
17,71,76
49,84,50
14,86,28
51,83,77
40,59,53
58,74,58
46,47,77
62,71,19
44,53,17
31,85,33
36,75,26
37,57,18
2,75,39
7,66,18
7,27,55
14,60,2
33,45,72
43,84,85
64,84,87
61,83,13
18,19,77
49,77,62
14,48,69
39,44,28
34,62,27
6,24,81
5,68,92
2,64,66
33,40,16
60,94,35
25,32,65
1,18,8
40,85,80
41,88,70
81,86,8
27,88,99
27,44,56
11,37,6
24,54,74
81,89,57
11,62,88
35,41,38
1,11,36
25,86,39
34,87,47
54,63,38
28,88,32
0,35,99
23,68,69
38,40,2
48,51,53
6,48,8
65,83,74
25,38,84
50,78,14
23,41,33
37,84,33
9,22,83
6,27,32
15,48,50
43,77,21
15,58,85
36,74,26
9,76,31
53,58,51
17,58,2
1,26,52
18,82,75
9,82,72
2,8,92
60,63,57
24,34,59
1,32,10
5,22,3
76,79,4
65,92,41
36,49,6
49,76,47
48,70,62
30,40,94
10,66,52
36,59,86
27,66,1
2,14,75
63,75,69
39,45,11
12,31,66
18,37,89
19,90,66
0,43,13
18,94,32
59,71,35
31,82,90
80,94,36
15,16,32
27,71,57
21,50,83
17,73,23
14,59,69
11,83,51
19,21,32
18,79,30
21,39,26
7,73,20
26,59,37
28,33,87
22,43,94
37,75,9
34,38,24
33,78,10
25,50,46
1,25,44
31,78,92
75,81,14
20,62,13
13,54,62
14,28,41
16,32,49
43,58,12
4,15,20
28,49,94
3,5,9
72,84,40
30,59,50
72,93,58
58,60,65
38,82,15
21,25,99
28,42,92
53,67,44
6,61,21
59,75,68
72,88,27
22,34,63
51,57,45
41,50,67
64,65,23
9,49,98
43,46,33
15,80,20
14,70,3
1,20,99
10,94,65
2,23,44
78,91,70
67,91,80
41,54,69
11,53,53
41,69,44
48,53,30
39,72,68
21,45,96
38,62,78
51,61,59
29,92,75
35,78,60
80,90,97
49,64,99
20,52,7
14,54,28
7,48,40
23,32,28
10,38,56
9,68,8
43,45,68
41,65,27
29,81,41
37,46,97
43,81,97
23,38,11
21,54,42
49,73,11
5,23,37
52,70,57
48,59,20
16,50,97
19,80,94
15,94,78
0,6,61
29,65,29
21,84,2
55,68,27
26,89,34
17,51,51
49,56,19
28,37,26
31,75,84
31,33,56
5,15,44
1,44,6
17,86,12
31,34,63
21,81,95
44,50,22
58,63,42
38,44,26
8,48,56
28,77,48
66,78,21
58,75,64
84,91,27
55,72,76
10,80,92
75,91,72
24,52,4
48,73,70
62,94,24
15,24,5
70,82,66
47,69,76
24,82,37
50,80,9
66,74,46
69,77,26
5,8,89
17,74,71
36,65,64
41,48,29
21,36,44
1,91,97
1,68,82
13,19,34
49,61,71
67,70,20
53,74,77
7,79,44
86,92,72
24,80,97
9,54,8
26,36,22
78,90,68
17,75,1
33,79,34
37,62,53
19,35,7
22,56,41
72,76,54
41,87,44
65,93,4
6,86,71
19,25,95
15,40,37
2,72,85
2,53,4
23,83,31
61,92,17
4,34,29
51,54,3
48,94,21
84,87,4
64,94,16
36,61,68
23,65,91
18,71,1
18,33,22
50,81,90
50,67,56
20,31,13
1,28,63
10,56,77
18,77,19
32,45,47
53,80,49
39,80,45
60,88,32
21,52,67
2,93,69
30,79,67
49,63,52
12,62,23
4,71,88
59,85,38
3,93,51
32,79,25
11,43,81
28,81,68
38,75,45
30,88,10
64,71,58
14,44,66
25,29,12
7,62,50
66,93,44
57,68,3
31,74,1
66,76,30
29,42,80
39,52,45
10,78,38
55,70,56
71,75,32
45,49,71
36,86,33
37,87,96
68,74,84
46,86,19
88,92,1
12,48,63
20,47,58
4,25,49
46,48,11
29,35,53
32,46,99
21,59,47
44,71,26
82,94,46
17,82,59
13,20,29
17,34,56
77,79,14
21,87,49
22,36,84
74,87,9
24,61,29
20,36,49
2,10,37
4,27,16
22,39,58
36,84,33
75,86,87
8,15,91
41,59,41
9,45,39
61,91,64
65,87,32
82,85,90
31,63,62
2,62,28
0,9,32
15,65,10
70,80,96
68,79,84
48,61,71
87,88,87
3,94,83
82,83,63
46,72,43
30,51,93
7,20,70
16,71,28
82,90,46
17,59,26
69,94,82
22,72,29
26,74,27
23,90,45
52,61,71
62,92,2
49,65,52
21,82,94
9,44,24
19,69,50
11,26,19
42,76,64
23,63,39
56,80,46
31,70,28
18,62,69
37,82,86
42,93,25
23,37,18
21,55,50
2,35,33
40,72,18
73,75,25
11,38,85
15,77,12
16,62,87
3,37,92
22,63,63
8,37,50
29,64,6
4,86,12
73,89,90
27,36,61
49,66,63
40,62,3
44,83,57
10,20,70
14,75,61
56,70,56
65,84,49
13,57,76
13,41,17
43,89,62
84,88,87
65,90,32
14,31,81
40,89,29
19,40,69
12,41,68
52,80,32
52,62,95
14,45,7
18,21,21
69,70,44
18,43,70
43,55,67
16,33,41
61,64,48
42,43,57
7,40,88
55,74,44
73,94,2
59,70,80
74,84,25
16,86,71
44,69,21
30,86,39
8,24,13
21,22,77
0,93,85
12,86,53
0,19,9
53,78,48
4,10,54
11,44,69
12,56,36
10,34,10
5,13,31
15,71,87
16,48,55
1,16,14
52,92,57
26,28,81
31,54,2
48,72,64
38,48,71
11,92,23
81,91,95
6,33,44
30,62,60
40,67,43
48,79,11
7,89,35
26,79,27
22,40,39
55,90,24
10,81,56
17,61,46
12,72,76
13,58,16
8,55,46
2,33,96
19,50,45
29,72,7
34,69,50
18,55,51
8,92,96
8,23,40
83,94,40
19,75,86
5,58,59
68,77,76
39,70,13
33,91,24
50,59,34
3,51,100
37,65,57
21,77,86
46,81,15
6,87,86
36,45,51
75,84,41
33,66,76
26,80,87
9,73,58
45,74,59
16,72,27
52,63,34
29,74,100
30,54,97
3,23,56
20,41,68
14,27,31
74,91,87
28,87,87
17,19,77
2,81,24
2,80,30
28,93,39
18,86,93
64,85,67
5,85,76
22,73,88
0,5,85
57,73,17
36,50,45
7,15,64
2,87,74
32,50,73
51,77,26
12,21,51
52,78,88
65,79,57
1,85,74
13,29,4
40,44,76
35,94,12
58,61,63
26,58,18
4,74,100
20,32,20
57,75,64
19,22,82
52,93,64
10,84,95
41,63,77
23,93,39
20,74,100
52,91,56
39,73,63
47,71,27
27,55,37
26,41,93
50,87,47
23,46,55
38,46,30
75,79,83
72,79,9
65,71,94
9,75,94
25,27,94
40,58,14
48,52,79
7,85,43
29,78,41
17,22,23
4,28,3
32,88,49
23,57,87
3,73,77
25,61,32
81,90,93
25,36,81
46,76,99
1,6,4
29,63,49
13,60,44
50,65,4
15,89,39
1,60,26
17,36,38
25,70,39
21,74,94
66,85,75
40,78,15
2,69,39
3,26,84
9,40,99
7,56,68
27,58,48
21,61,71
62,63,94
31,94,83
41,61,49
42,47,63
14,65,88
7,34,1
79,91,33
19,58,50
16,49,28
34,91,51
10,33,16
48,65,19
73,92,89
3,10,78
51,53,95
26,77,32
0,68,21
18,20,53
13,85,51
2,13,92
11,48,14
44,82,90
76,81,85
27,35,33
9,13,58
52,60,84
31,91,44
67,79,49
85,88,18
80,83,82
4,44,33
10,45,87
11,29,44
29,30,8
49,92,37
10,55,1
5,67,25
5,19,74
1,84,84
6,59,63
48,66,4
42,91,9
51,68,40
64,83,78
74,82,74
52,77,48
8,39,97
28,30,40
53,94,25
27,90,58
41,62,56
20,39,36
41,83,35
19,67,78
28,47,50
15,28,99
69,76,89
71,77,41
28,89,31
58,87,1
60,62,39
50,52,88
9,42,93
88,93,51
48,89,6
33,80,32
13,79,95
57,93,70
74,86,74
35,66,45
18,29,87
23,34,78
4,82,47
44,57,3
7,78,13
0,54,98
12,35,56
29,90,37
72,86,25
6,23,80
12,15,2
25,63,63
31,92,69
0,20,94
22,84,27
34,66,91
14,22,42
28,61,29
13,61,11
78,87,39
23,82,100
14,92,62
11,71,8
71,86,95
0,33,65
62,90,1
37,88,78
19,84,26
13,56,53
43,92,81
12,74,56
54,65,27
36,53,63
32,60,7
0,88,39
9,18,70
59,79,47
20,66,65
71,88,99
39,86,71
10,68,52
36,42,35
16,40,4
83,91,93
46,85,38
75,87,41
8,12,60
35,90,93
25,31,82
49,85,4
37,55,23
6,85,29
70,90,90
30,87,9
38,85,68
26,45,42
46,67,100
0,14,47
1,42,90
35,47,65
26,47,67
47,52,24
1,24,53
55,62,95
32,93,21
68,69,65
1,64,2
57,64,3
17,25,48
25,84,39
21,78,65
7,52,48
21,60,69
44,74,28
49,52,80
25,81,80
61,72,86
15,62,38
30,36,57
33,76,9
85,93,61
51,63,18
46,78,95
27,31,29
50,86,100
46,61,17
59,65,17
23,59,17
47,84,3
15,27,76
19,55,71
25,44,51
20,46,41
7,42,63
13,80,82
29,66,64
5,81,20
76,94,30
62,75,24
78,89,65
50,55,1
80,84,45
11,19,45
39,47,17
27,68,5
0,24,33
22,26,65
27,57,91
10,93,45
1,21,43
87,92,71
24,50,58
3,62,69
23,24,60
78,85,66
64,90,62
60,78,97
0,82,19
26,49,68
21,72,15
63,81,63
30,72,76
90,94,23
25,90,95
18,89,47
34,53,48
16,59,36
20,34,73
11,54,71
4,60,70
39,68,21
20,42,47
9,31,19
73,85,72
32,84,89
5,66,72
4,88,45
9,91,22
15,59,95
24,73,2
16,58,43
2,65,88
48,57,30
51,64,35
60,81,7
20,67,59
27,87,100
4,32,11
1,94,23
53,85,50
34,80,76
33,43,45
3,38,41
30,46,84
3,15,86
66,90,77
2,42,72
7,22,4
30,53,15
11,17,96
77,92,40
31,39,77
17,90,85
4,37,16
43,82,49
8,30,47
55,89,58
25,72,77
31,79,40
64,73,97
0,56,24
35,54,64
1,58,21
17,41,46
6,43,71
2,27,60
30,50,45
31,88,44
70,92,14
63,88,40
11,67,37
9,48,4
10,48,92
38,80,69
51,89,17
33,69,9
62,64,74
40,91,39
31,60,57
40,46,50
2,5,66
37,66,32
3,75,83
23,44,12
50,91,94
35,62,77
36,83,62
23,94,36
24,70,16
22,49,86
5,53,63
19,83,5
56,76,99
41,86,46
61,76,3
53,71,92
7,75,46
9,60,13
26,84,71
24,69,50
2,20,87
67,77,14
0,10,23
67,76,8
45,55,52
85,92,92
46,65,89
11,34,4
19,70,11
62,84,15
37,83,7
74,94,72
62,65,46
52,67,70
26,40,2
26,87,84
72,80,90
16,76,86
73,88,30
70,93,67
25,46,83
14,36,43
55,69,49
43,53,51
27,46,23
22,59,35
2,52,90
20,59,26
5,18,93
32,56,91
52,81,88
54,94,68
21,69,29
0,41,65
4,41,2
42,94,82
13,26,72
74,78,20
6,51,40
72,75,4
26,43,38
55,63,61
2,89,84
44,75,55
28,91,61
40,86,46
66,81,76
36,76,31
37,74,57
20,90,5
31,49,87
47,76,16
27,83,49
11,25,57
31,80,2
2,22,17
18,50,90
43,59,55
10,23,76
52,84,81
84,89,22
50,79,98
16,67,24
45,57,33
6,89,11
21,79,57
20,24,61
23,27,99
24,75,13
76,86,13
45,84,11
55,71,42
15,43,97
25,59,33
24,47,97
46,75,78
79,84,88
17,27,50
0,64,26
10,70,64
24,32,92
89,90,11
37,41,43
8,11,78
4,45,59
3,58,50
16,44,40
52,66,96
31,64,57
10,86,62
13,55,49
1,92,40
16,17,27
48,64,35
37,59,94
49,83,61
64,81,44
47,83,8
19,74,81
30,43,25
78,94,10
52,65,29
38,58,23
56,71,81
33,35,40
33,49,15
47,81,5
6,14,21
0,87,2
3,79,56
60,74,45
19,82,13
17,68,83
6,53,11
14,90,39
49,80,67
56,78,20
22,77,18
11,85,17
59,93,77
22,58,69
0,55,92
60,75,59
30,66,80
11,87,60
4,89,61
65,76,13
42,86,36
19,33,3
23,61,15
37,38,7
26,75,17
11,28,16
52,53,53
2,19,59
35,82,97
46,70,99
19,77,35
32,74,34
26,73,92
13,73,28
0,36,18
63,74,82
30,34,32
14,61,33
24,53,89
13,90,35
13,91,27
57,90,59
62,83,18
79,94,11
69,72,46
1,14,30
3,20,25
24,89,34
33,59,39
29,58,89
12,29,21
52,68,22
45,50,43
28,65,63
28,76,16
6,91,27
0,77,81
8,65,48
44,67,92
29,32,30
30,93,77
5,37,98
6,92,74
28,52,18
47,75,23
41,60,5
11,60,92
20,85,41
52,74,66
5,61,27
42,60,69
21,51,17
3,72,97
3,34,9
16,53,91
31,93,100
7,77,43
1,52,13
65,82,32
68,71,53
17,66,94
18,78,9
34,79,16
5,46,79
48,86,1
24,37,99
17,54,45
29,55,59
26,81,13
1,45,8
20,54,29
53,79,34
49,87,26
35,38,16
31,55,38
67,74,29
4,55,16
16,89,28
75,82,53
68,85,99
9,78,78
44,89,21
75,80,75
67,93,60
30,92,97
21,75,100
55,60,83
38,45,54
18,59,66
4,9,70
20,57,67
18,30,49
21,40,100
14,84,10
2,37,66
49,53,33
5,34,1
60,64,52
0,75,42
32,41,48
72,74,54
43,66,76
54,92,37
27,48,22
68,80,42
31,53,24
0,1,9
58,83,71
7,58,67
5,74,96
46,57,64
63,79,77
65,91,51
40,43,58
13,24,96
2,41,40
20,43,22
5,77,51
10,12,90
80,81,51
19,72,55
72,83,71
51,52,80
23,80,86
14,29,81
0,71,30
70,85,68
16,41,2
17,62,95
59,66,65
40,56,2
38,66,50
33,81,73
14,55,85
30,70,39
80,91,16
12,75,7
21,66,28
63,71,53
11,31,47
3,87,95
73,84,6
46,55,91
50,68,46
46,52,56
1,75,6
62,70,51
33,77,11
17,76,6
29,83,30
9,71,36
8,21,55
36,81,21
9,69,5
27,67,5
7,28,73
23,79,14
1,66,85
63,91,65
3,35,58
3,39,30
58,71,20
65,73,48
31,41,86
8,18,61
79,87,84
26,38,86
54,55,70
44,46,85
34,64,61
49,70,3
18,64,14
4,39,75
57,76,90
15,47,25
68,87,45
89,94,98
34,82,70
12,25,6
22,25,68
44,91,83
28,83,61
9,64,42
5,21,67
53,76,27
35,50,67
38,89,7
4,73,41
18,46,86
81,88,2
22,78,99
64,93,44
12,78,29
51,81,87
27,62,23
36,89,56
2,18,78
68,78,75
30,81,49
1,74,62
38,67,18
9,21,27
41,45,75
34,50,73
36,78,44
14,52,4
5,38,60
1,46,40
55,57,33
13,46,4
5,75,16
15,21,28
13,67,17
11,13,48
42,52,77
72,81,9
20,28,66
55,94,85
8,9,40
6,30,10
14,15,48
43,91,10
31,42,31
39,71,80
65,88,52
52,64,48
5,60,37
3,74,70
25,57,65
5,30,40
37,60,93
6,54,69
14,82,79
3,90,68
68,88,62
24,27,34
2,21,85
57,63,55
78,92,34
11,45,5
41,77,71
13,64,26
7,11,74
9,14,71
74,88,35
18,63,59
14,66,34
53,92,70
3,83,26
34,60,7
2,73,23
23,33,53
1,5,53
4,36,39
28,53,65
4,38,50
17,39,32
5,14,47
52,88,54
9,62,41
75,76,35
5,48,30
24,71,46
33,89,64
50,85,55
8,66,64
16,21,19
61,78,79
33,72,19
50,58,11
37,48,29
59,61,13
49,71,50
3,46,73
90,93,47
23,70,75
22,62,16
22,79,54
36,87,9
42,54,88
10,85,46
83,87,61
1,15,57
80,86,24
2,6,77
28,46,79
5,63,13
86,94,25
27,79,93
7,19,90
53,68,81
65,89,8
8,57,35
42,75,7
4,5,49
28,92,34
43,90,64
20,63,64
0,46,73
72,91,56
83,85,92
3,59,85
49,72,37
4,40,18
54,64,52
8,56,24
7,81,26
13,28,93
8,22,29
12,58,68
31,76,16
10,35,24
16,52,92
60,61,49
27,77,12
14,78,38
19,87,99
24,87,74
48,78,84
0,94,33
85,89,1
35,56,89
57,82,77
21,27,92
58,80,93
3,19,90
61,84,70
10,90,61
9,87,50
61,86,57
18,49,84
34,71,24
54,60,48
5,80,11
9,89,22
53,65,32
50,90,30
59,69,91
48,56,49
49,88,100
7,21,13
11,61,90
60,87,80
80,87,46
19,61,6
53,60,18
12,14,99
62,66,36
15,49,22
45,81,1
13,36,59
5,25,14
35,53,50
39,48,99
6,63,76
6,32,61
13,63,59
33,34,68
38,93,11
47,60,24
18,53,15
22,41,77
68,83,75
42,61,63
39,81,66
74,77,19
63,89,38
30,41,52
16,84,92
1,12,78
57,59,89
0,13,71
4,47,91
44,45,13
44,93,99
13,74,39
56,61,65
41,79,60
12,24,31
14,26,53
73,74,86
88,89,52
12,66,53
71,82,84
11,50,17
31,83,77
0,8,61
47,51,16
40,42,65
46,69,2
14,93,92
42,88,86
21,38,92
32,35,38
42,82,28
11,14,4
6,88,64
1,27,7
10,75,37
9,51,88
29,61,47
25,89,84
54,85,4
26,48,71
1,87,54
43,93,20
63,80,53
3,49,78
59,68,10
54,93,93
13,35,29
19,45,11
87,89,83
39,78,18
76,92,73
40,69,38
71,83,19
8,59,71
6,8,24
13,21,34
30,37,13
29,73,49
38,50,17
3,12,5
5,69,52
24,81,2
25,48,8
13,44,24
42,44,4
9,65,50
13,89,12
9,83,94
11,81,35
30,74,30
53,77,67
31,48,61
63,73,82
21,56,50
38,69,79
12,65,27
36,39,65
11,49,46
31,77,59
11,59,64
24,57,84
26,78,3
6,10,50
26,33,5
14,42,5
40,94,13
20,35,9
15,45,62
9,10,22
0,69,23
60,68,28
18,81,58
19,88,64
52,58,11
18,25,57
5,93,15
11,73,33
25,35,9
30,89,77
57,62,56
1,33,84
34,37,85
72,92,11
33,56,73
35,87,66
44,60,8
6,78,95
8,93,80
44,84,1
8,90,18
8,88,81
66,88,94
54,76,3
36,41,43
1,9,17
28,50,57
31,44,99
13,53,15
23,42,14
85,86,4
42,79,15
57,74,6
28,67,79
26,53,57
56,73,62
2,45,39
55,61,27
30,84,70
76,93,17
42,78,60
12,18,1
50,94,89
3,55,28
74,89,52
9,24,95
16,45,63
3,56,83
15,75,72
46,59,19
74,79,14
12,32,69
29,62,30
60,91,12
40,83,88
18,28,6
2,86,29
55,81,55
44,51,80
44,54,45
6,82,70
55,84,39
26,85,46
42,87,11
3,14,77
18,90,25
25,82,81
7,57,70
6,22,68
75,94,22
7,68,2
6,37,19
38,65,26
10,28,98
33,37,1
56,75,18
19,31,2
5,57,39
34,47,15
2,85,8
42,50,6
29,80,95
4,76,15
58,76,23
20,53,10
28,55,3
34,63,27
25,60,56
25,94,39
70,87,18
51,90,54
28,43,15
69,79,48
30,78,38
1,63,77
38,83,71
7,12,43
48,74,15
75,92,39
4,48,17
32,76,55
34,93,67
9,15,70
63,69,75
69,86,77
34,74,21
20,89,63
40,54,39
0,89,7
21,28,12
69,75,29
17,46,98
11,70,82
46,58,59
19,20,44
2,4,98
53,93,10
22,74,25
0,48,100
23,51,88
33,74,83
26,27,59
11,90,84
29,57,26
24,49,21
4,8,67
11,91,36
45,73,24
32,52,26
52,57,30
19,23,98
42,49,55
22,51,64
32,43,73
14,64,50
31,66,55
48,55,34
42,89,12
24,67,49
29,31,33
14,24,16
14,73,61
14,40,84
15,83,53
8,60,88
91,93,1
30,82,11
56,81,57
24,78,45
55,85,91
44,59,32
2,54,59
27,86,23
15,61,82
7,84,34
22,38,19
29,49,67
56,64,100
35,61,21
2,51,55
47,93,19
22,87,7
2,24,42
4,69,18
67,87,52
70,74,26
37,43,49
57,77,86
19,48,6
33,41,43
19,91,33
15,86,89
22,42,60
47,53,83
12,70,15
66,80,16
18,93,58
0,61,81
12,55,50
3,29,62
12,84,12
39,84,81
43,83,68
81,85,92
20,45,24
43,47,70
2,31,42
57,87,49
34,42,44
77,88,68
12,50,37
24,90,59
4,49,69
65,86,35
7,51,90
53,64,1
33,62,100
2,25,43
56,84,13
32,83,19
46,82,1
55,75,71
30,45,6
5,32,45
14,38,76
11,69,34
25,28,83
0,30,33
52,87,21
38,92,19
8,76,74
24,39,66
14,71,75
68,94,37
12,89,69
12,19,81
29,45,21
25,54,38
0,38,84
27,76,3
4,56,1
25,58,47
69,90,69
70,81,87
34,86,86
27,63,14
56,57,25
2,11,70
1,47,2
53,69,81
6,15,45
63,65,76
26,56,65
67,94,40
20,88,90
32,67,39
1,30,87
71,80,84
4,21,14
3,4,75
59,94,26
65,80,22
39,94,2
16,61,55
6,83,29
31,56,76
3,63,90
24,31,50
13,30,42
17,60,3
13,25,74
16,79,81
63,64,9
24,36,11
7,45,59
58,89,10
45,80,69
4,79,83
4,90,51
3,43,11
2,71,30
21,29,48
0,26,62
19,57,25
12,16,22
45,68,85
4,42,17
74,83,11
7,90,35
34,92,54
27,64,63
59,89,8
58,64,71
14,51,4
49,57,65
67,90,36
50,74,68
45,72,74
11,51,47
81,92,73
33,88,1
40,50,10
2,67,83
14,74,64
54,61,12
32,55,68
40,45,50
64,75,31
29,68,88
17,55,84
48,49,30
13,31,11
9,77,38
14,85,8
9,84,7
58,85,58
47,57,27
33,58,30
50,77,61
1,31,78
37,81,48
50,88,90
32,66,56
20,68,78
7,83,64
15,82,85
34,81,18
55,80,55
37,79,23
26,82,20
8,33,11
17,20,85
27,39,18
51,92,16
30,65,75
48,80,7
62,88,1
38,81,30
11,79,31
49,94,26
40,76,34
31,67,80
23,45,53
63,85,29
25,74,39
42,67,23
18,31,59
4,81,17
52,69,12
21,93,75
62,67,22
71,84,62
20,64,68
4,78,87
56,68,8
17,26,91
48,77,94
69,93,57
35,67,71
24,77,33
15,76,31
4,72,41
25,92,100
20,55,90
15,38,97
51,91,32
91,92,89
28,51,83
46,93,85
60,80,39
15,70,88
70,86,97
55,64,76
47,55,56
22,69,37
13,70,23
4,61,65
8,38,5
19,42,14
72,85,99
0,45,58
77,83,76
22,68,23
70,89,50
39,76,24
54,74,94
30,56,47
48,82,71
42,71,99
11,58,6
27,69,79
40,51,72
32,48,58
18,47,11
35,60,36
9,56,64
21,89,19
27,54,35
83,84,39
47,67,51
81,84,93
8,44,50
41,42,63
28,70,83
11,36,63
29,89,27
26,71,38
25,51,99
27,80,50
87,91,98
8,61,28
4,20,35
31,58,60
43,64,23
40,63,78
37,51,96
2,61,86
64,72,73
68,92,26
51,56,78
54,86,54
35,57,97
54,59,38
4,31,17
13,47,65
43,86,37
0,49,90
12,90,60
14,94,93
27,41,36
0,83,8
43,69,53
67,89,29
5,16,24
2,88,50
19,44,46
4,19,84
2,43,88
6,93,16
46,79,45
27,34,86
24,44,20
20,69,44
22,92,83
8,68,6
29,87,88
60,82,69
5,27,6
88,94,39
47,49,67
30,39,59
35,74,44
67,68,3
43,49,39
5,12,55
34,85,46
1,53,33
19,24,62
33,63,5
42,46,59
1,83,55
7,25,46
43,44,73
13,68,82
7,93,42
18,48,28
64,68,77
52,90,63
22,64,43
3,81,25
16,60,6
58,79,15
65,85,19
6,26,34
27,52,94
28,63,9
19,38,34
45,90,31
7,65,87
51,82,97
44,79,33
1,48,1
59,84,35
2,38,88
36,46,41
14,53,31
67,78,28
40,48,90
47,92,69
47,63,27
26,29,11
37,45,85
33,46,63
24,28,77
79,90,48
0,76,50
17,89,77
30,75,2
30,44,30
22,90,22
8,63,19
72,89,11
17,50,8
23,25,93
58,62,31
29,50,100
5,56,42
3,70,40
23,53,84
32,63,69
11,21,81
3,82,38
43,72,29
6,46,48
23,26,54
2,59,96
14,46,5
6,72,70
47,86,47
46,74,2
59,92,27
10,42,61
29,60,8
38,77,34
29,93,99
33,94,3
35,75,64
23,29,78
15,88,8
3,91,57
46,66,88
59,82,27
37,68,18
0,52,17
70,77,49
22,65,91
59,80,1
53,82,37
27,91,94
3,33,86
30,77,68
42,77,41
60,92,2
44,78,41
10,91,12
28,29,28
28,82,89
1,78,34
13,75,42
43,78,63
54,70,85
3,60,56
3,44,98
27,40,73
42,81,69
24,33,31
26,66,95
72,87,25
16,83,96
18,34,97
53,72,95
83,86,9
57,79,92
22,44,78
11,75,78
81,82,24
43,62,46
12,44,17
34,57,25
3,30,7
13,52,8
44,90,29
0,7,20
24,88,70
3,57,5
71,73,8
25,83,29
13,48,12
64,87,36
4,24,74
52,59,79
16,27,5
20,33,8
8,10,6
9,27,26
1,69,42
4,62,13
25,33,77
8,74,67
35,39,54
33,36,71
14,56,64
6,68,5
37,56,100
20,81,85
4,46,79
59,87,6
5,49,60
34,46,37
45,65,52
17,32,57
44,61,28
14,79,5
20,21,85
29,79,85
58,90,61
58,82,29
19,94,11
18,60,42
12,87,58
45,56,44
43,74,29
1,59,9
0,60,20
6,9,99
0,2,65
25,53,50
14,16,82
5,76,65
1,37,91
47,77,67
31,71,6
8,72,62
19,89,56
0,16,26
17,57,29
21,64,7
3,48,36
34,73,90
3,13,4
3,92,93
61,69,99
13,51,19
47,88,98
62,82,53
43,88,4
20,50,25
17,52,73
61,62,55
16,36,2
80,85,51
20,51,9
0,17,79
47,70,12
65,72,12
10,39,51
5,40,51
55,58,83
6,50,58
79,83,82
5,11,66
34,88,69
78,86,17
15,19,75
4,87,32
15,60,79
41,47,73
5,55,18
11,40,4
8,34,1
38,68,84
29,37,30
57,92,46
0,53,58
36,66,48
0,57,98
66,68,61
3,54,79
13,15,86
34,56,20
5,84,59
56,83,4
35,73,98
27,45,74
28,34,94
13,69,16
26,32,71
3,27,62
10,14,67
10,69,16
37,52,29
41,75,55
29,84,63
36,69,25
55,56,62
15,44,59
34,67,91
54,81,28
76,80,100
24,51,15
50,61,83
30,61,92
15,84,19
39,67,46
22,48,60
1,71,17
23,60,93
1,54,64
16,94,25
26,76,100
51,74,69
82,84,97
14,69,10
12,28,32
16,54,41
35,45,54
13,33,68
25,66,23
1,82,97
29,46,98
12,64,65
1,41,99
24,40,26
7,33,83
54,68,53
34,55,44
31,35,34
26,62,21
4,93,62
8,79,45
31,84,11
59,72,66
38,39,25
20,91,78
41,58,90
38,54,34
17,29,8
9,57,19
0,50,88
16,82,82
34,75,77
41,81,71
46,62,61
57,69,94
25,64,76
32,49,55
60,72,65
26,93,91
21,35,16
18,85,2
7,36,35
1,86,13
39,88,18
67,85,32
6,12,34
17,81,67
66,69,6
23,86,73
28,86,29
30,47,91
12,59,77
6,73,31
59,81,48
13,45,36
80,92,51
13,14,13
9,47,27
43,85,79
57,72,10
29,48,29
58,69,74
50,70,87
27,38,33
29,40,92
48,92,32
11,30,15
7,87,25
47,89,95
1,3,57
77,93,81
32,38,80
10,18,34
35,64,9
6,35,32
8,35,22
32,71,95
61,73,36
18,92,63
31,86,10
2,76,56
70,88,78
4,23,38
25,80,81
40,61,50
1,80,74
33,71,48
17,31,8
20,44,82
14,72,57
4,17,58
5,7,80
36,79,2
52,71,7
44,49,75
53,59,80
1,19,99
4,77,47
1,67,3
10,13,58
0,80,65
35,42,67
40,66,9
22,89,1
5,62,4
2,57,7
9,38,47
11,16,14
17,87,78
15,54,59
7,18,29
18,35,13
43,68,100
24,58,18
37,64,84
23,52,52
7,32,27
6,31,65
10,15,59
4,85,77
63,67,59
23,54,21
31,51,98
0,79,53
14,58,63
36,44,85
74,93,45
41,90,41
0,15,59
36,91,74
2,15,90
25,76,29
23,73,3
54,91,20
71,89,14
4,7,95
30,55,58
45,75,84
20,83,100
57,88,55
1,17,29
19,93,100
48,84,67
26,44,6
42,53,9
45,88,6
4,58,74
51,87,62
51,70,22
8,53,73
25,78,53
32,47,28
8,58,100
60,79,71
33,57,74
28,66,44
19,65,15
21,53,70
69,91,47
14,30,33
34,40,27
22,37,17
13,43,39
6,55,51
0,37,65
60,84,68
20,94,46
13,94,17
18,51,35
26,64,85
66,70,33
54,89,13
0,31,19
48,75,37
5,10,54
4,63,43
14,17,74
6,17,6
28,72,22
35,36,25
69,82,16
11,78,27
7,61,84
14,91,36
17,42,59
9,33,43
24,35,22
82,86,62
3,89,98
55,86,10
43,52,69
1,23,89
11,63,87
16,64,31
9,66,52
22,61,37
24,76,53
40,71,15
35,44,38
76,90,75
27,61,27
33,61,33
4,83,16
22,94,38
74,76,43
55,91,62
4,64,48
6,49,30
24,29,30
33,85,22
41,56,22
41,52,34
36,58,65
6,40,58
48,76,42
42,84,5
5,54,62
49,74,35
52,56,39
31,62,62
4,18,15
22,55,36
51,58,9
5,28,69
37,89,5
22,33,90
77,94,60
35,46,69
34,35,38
35,40,40
59,67,38
57,94,73
42,64,25
69,80,94
32,64,53
40,65,30
8,43,63
38,90,24
84,90,12
33,48,47
10,40,4
10,22,7
43,50,9
7,24,100
26,90,11
43,56,28
34,89,24
14,88,41
54,66,52
15,67,57
5,92,9
8,62,18
31,32,54
12,69,89
32,86,98
3,53,41
64,77,38
51,86,64
65,75,89
44,65,80
14,83,48
30,64,91
19,66,65
54,88,59
70,72,52
26,31,67
9,36,92
12,52,46
6,52,46
50,71,28
16,80,96
36,85,81
50,83,76
8,81,39
19,71,90
55,66,17
12,76,35
50,75,61
7,53,69
15,85,38
68,76,3
41,89,56
26,42,47
46,84,60
18,69,82
59,73,43
5,86,74
75,89,51
10,79,80
11,42,92
22,24,57
8,51,28
28,75,81
44,73,47
0,78,80
51,85,36
12,60,83
77,80,47
50,89,16
50,54,16
34,94,98
25,67,86
5,47,67
31,90,49
42,57,4
7,91,45
46,92,38
45,94,88
56,72,77
28,44,2
6,57,78
56,69,60
48,91,94
19,32,42
51,94,95
2,49,65
2,84,52
9,79,39
27,37,21
22,76,94
13,62,58
45,89,61
20,23,44
70,91,15
18,88,67
7,92,89
16,43,81
39,55,4
59,91,96
10,43,42
69,73,4
65,77,82
36,60,97
4,26,73
14,34,7
6,62,78
10,32,21
21,92,81
15,41,45
37,80,40
46,54,33
7,60,60
37,73,95
92,93,59
57,70,99
53,90,82
28,35,92
12,47,59
70,76,61
43,67,93
43,65,49
33,55,36
56,82,21
13,34,11
19,73,41
18,72,68
11,84,43
15,33,57
26,91,61
17,45,88
23,92,91
9,63,60
82,93,1
3,64,45
66,72,59
52,86,49
5,50,56
26,94,24
47,91,80
12,57,38
10,54,66
22,53,88
14,43,74
22,80,48
23,55,81
51,93,58
8,69,2
10,31,94
11,64,85
51,73,92
64,70,42
34,45,16
58,84,3
40,68,86
11,77,49
0,18,90
53,75,65
25,73,13
46,60,68
7,35,83
12,49,94
28,80,29
15,90,12
63,93,25
24,26,53
78,88,49
17,43,19
28,94,8
5,20,67
45,87,14
35,79,42
39,50,85
45,48,41
21,73,46
64,89,91
27,74,96
23,35,6
55,73,64
66,67,65
30,49,97
71,90,96
64,91,6
1,81,54
39,57,64
2,28,1
24,63,67
13,71,28
46,56,31
40,82,37
73,87,11
15,87,21
30,35,61
10,26,71
13,65,12
15,52,66
24,46,44
77,78,61
34,90,92
64,78,42
54,90,53
17,44,31
1,50,95
51,60,94
24,86,59
35,63,6
7,72,80
52,89,80
44,63,55
64,88,95
34,58,97
29,43,86
56,77,87
43,54,12
5,6,15
67,81,94
51,69,92
2,68,93
30,71,94
21,49,14
41,57,54
72,94,5
45,79,66
41,94,9
50,60,90
4,75,44
5,44,23
39,83,77
14,39,95
20,92,65
76,82,73
55,83,92
20,84,24
19,30,94
12,17,42
24,74,80
87,94,18
18,57,77
82,88,43
17,53,74
25,49,55
19,27,8
64,80,66
0,73,43
63,77,95
84,92,65
42,58,35
60,71,14
81,93,22
90,92,2
56,58,88
2,94,81
32,59,4
11,24,25
77,89,61
35,93,39
22,88,16
37,47,93
27,56,39
30,68,10
10,30,63
6,60,1
43,61,11
77,84,31
0,72,60
23,43,33
71,87,28
21,88,62
82,92,81
55,88,39
34,83,73
4,30,79
28,38,27
13,82,25
9,23,46
23,77,98
18,39,63
30,94,19
2,58,48
16,93,53
11,55,24
60,77,28
42,51,93
19,92,77
29,52,73
20,79,19
6,58,53
13,39,71
46,63,13
52,76,44
23,39,10
15,79,62
72,73,89
19,63,16
0,21,72
39,75,54
6,69,41
12,68,18
2,82,72
7,37,95
2,56,97
53,86,38
54,67,86
47,78,3
12,27,4
81,83,99
32,82,67
68,90,81
49,79,2
62,91,98
25,91,21
22,27,82
81,87,92
63,86,6
39,64,44
14,67,21
9,52,3
30,42,30
1,7,36
59,83,34
44,88,13
36,57,73
34,84,6
14,57,80
37,49,5
8,73,99
16,85,97
6,39,46
47,73,29
24,38,82
4,50,29
15,18,15
83,88,86
20,26,68
21,57,77
22,86,99
23,91,55
14,81,45
53,70,5
7,46,37
30,31,91
44,87,12
61,79,99
0,32,23
9,25,27
6,65,23
61,89,47
44,92,96
26,37,80
8,19,13
7,50,87
34,54,51
43,48,40
8,89,68
11,66,66
38,59,64
9,39,92
74,85,99
11,76,21
48,81,100
25,40,41
28,73,46
8,64,58
49,67,82
21,26,57
6,81,78
32,75,78
70,75,41
26,72,51
35,49,6
21,76,91
6,67,38
62,85,19
27,49,90
27,73,56
63,90,80
12,51,56
54,80,2
38,56,83
17,65,92
36,63,36
9,50,63
9,81,70
28,58,3
13,84,42
49,89,35
54,71,96
50,72,28
36,82,22
18,38,94
15,93,90
29,59,62
34,65,22
3,61,77
75,78,21
4,29,59
33,42,38
10,37,54
27,60,89
53,88,80
32,37,73
30,57,25
65,81,6
23,49,53
18,45,70
3,24,90
57,84,91
6,29,57
23,30,74
15,73,15
10,76,98
52,54,85
35,68,31
3,18,77
16,63,54
38,86,67
29,75,90
8,20,21
59,60,41
49,78,59
37,53,24
41,91,66
42,63,66
61,80,90
77,86,7
57,67,64
29,70,38
43,63,49
4,59,70
18,91,55
14,89,7
45,53,33
42,56,64
16,18,32
6,11,64
46,91,62
50,62,30
7,38,82
26,50,51
16,75,33
34,44,92
42,62,7
3,22,7
0,85,56
75,88,60
12,81,8
5,83,92
5,78,7
67,72,57
78,83,41
57,91,13
36,54,6
50,66,48
44,86,57
48,87,52
78,79,73
45,46,87
60,86,20
30,33,27
37,69,89
47,62,6
63,92,98
27,47,48
20,27,23
23,89,9
7,49,83
58,86,43
14,19,66
75,77,59
16,87,12
62,69,11
10,51,12
8,52,95
8,26,2
38,63,58
10,36,57
77,91,34
24,72,34
73,81,61
17,47,97
33,93,16
2,9,19
43,71,19
21,91,37
37,91,30
6,13,33
13,40,22
40,74,36
59,74,16
76,89,22
33,60,11
9,70,59
14,33,7
31,81,67
30,91,84
74,90,97
24,41,91
64,66,5
15,36,96
37,39,95
47,64,71
36,52,26
25,26,80
55,92,90
47,74,87
25,52,100
41,80,70
65,78,82
3,9,14
64,92,25
39,77,94
47,82,86
32,44,51
5,94,5
39,69,96
43,76,76
26,65,45
21,67,61
2,36,84
40,47,80
36,40,29
29,38,71
7,70,55
7,29,69
71,76,3
31,38,99
2,17,74
8,16,98
57,71,20
63,87,30
33,38,80
78,81,8
66,84,45
0,65,30
1,79,27
44,94,59
28,56,74
28,60,62
13,87,21
44,72,65
12,22,66
77,90,73
9,58,11
46,87,82
7,30,25
29,36,85
39,41,36
29,51,86
31,40,26
73,90,77
59,88,30
9,53,11
37,78,59
2,7,92
47,59,71
33,86,48
8,13,64
21,90,92
69,84,60
10,89,18
41,85,86
15,81,54
5,52,66
7,23,13
19,64,94
40,87,31
40,93,50
21,47,96
27,89,73
14,49,74
79,80,79
36,55,86
37,54,17
28,39,15
56,89,63
24,64,94
10,21,35
12,13,85
69,83,74
10,72,11
45,70,8
47,50,40
1,55,26
82,91,28
20,60,72
10,25,18
2,74,50
1,73,96
0,62,42
13,22,87
33,53,98
6,84,19
59,76,85
62,72,54
20,29,6
63,82,54
35,70,89
4,65,89
35,91,10
32,94,91
16,46,79
22,46,55
9,72,24
77,87,17
12,33,94
65,68,24
2,34,53
16,70,100
5,87,32
19,43,29
66,77,15
2,70,35
44,48,7
16,25,41
15,74,72
42,55,1
49,55,57
16,68,79
62,73,4
32,61,46
76,85,88
29,44,77
8,32,90
68,73,87
2,48,54
3,32,56
3,47,4
40,79,98
66,79,50
17,37,37
11,12,83
35,76,2
40,81,49
38,60,30
16,34,48
20,48,39
41,93,5
6,41,69
36,47,22
26,63,88
2,46,6
36,70,73
45,52,44
38,61,85
37,40,24
14,77,54
23,66,35
56,62,97
60,89,19
5,26,57
20,40,8
15,53,83
28,36,73
26,68,21
4,13,68
57,81,17
59,64,6
26,30,34
53,89,44
39,58,87
20,37,95
24,62,64
16,42,66
0,28,86
23,72,67
17,18,91
63,84,72
18,65,40
21,43,73
65,66,88
3,78,19
54,58,25
71,78,25
7,67,83
7,44,43
13,78,51
50,76,40
5,31,93
14,87,32
16,20,32
76,88,29
31,69,24
7,47,83
30,83,21
7,88,32
10,24,60
22,32,78
3,84,33
36,93,6
18,61,24
11,68,61
22,67,7
32,91,94
35,81,50
4,68,89
5,39,21
45,47,82
17,38,53
45,69,70
1,93,81
12,23,89
21,44,47
10,74,99
16,29,32
53,66,47
5,41,23
17,67,57
35,59,39
25,65,5
69,71,4
73,80,24
12,82,74
75,83,26
40,73,50
68,75,95
83,92,94
56,85,2
60,67,10
0,90,21
20,38,46
18,80,62
66,87,9
39,62,65
37,44,52
28,54,75
29,53,2
40,52,88
32,58,56
40,53,64
58,59,67
21,23,61
72,77,48
34,49,49
11,82,87
53,62,3
58,65,38
37,61,56
2,39,60
11,47,14
2,16,81
38,49,34
45,60,1
47,54,30
71,72,62
3,16,38
32,77,29
24,68,100
0,91,55
63,76,22
31,57,24
32,62,4
6,19,81
31,46,18
30,38,10
59,62,26
8,77,55
13,37,26
29,88,29
53,87,91
0,86,19
57,66,35
7,82,64
22,23,26
8,25,38
15,26,90
16,57,70
40,60,4
27,75,14
44,62,97
11,22,33
55,79,94
35,80,29
0,3,48
32,70,33
20,75,51
13,16,61
54,83,100
0,29,94
9,26,64
56,86,86
3,52,15
9,11,1
14,50,93
10,59,23
50,56,32
36,62,42
60,65,77
53,56,68
7,86,2
58,72,26
19,46,1
54,62,31
45,51,55
80,89,83
0,51,31
10,67,23
49,60,41
41,51,3
77,85,25
58,88,66
10,88,68
18,70,55
47,56,66
32,89,87
1,39,86
37,93,4
17,23,44
39,90,49
83,90,19
29,94,25
35,65,94
10,58,99
59,77,37
48,63,84
21,68,36
3,7,7
78,82,12
0,40,89
35,55,33
15,57,6
8,86,69
6,66,1
40,49,1
23,71,96
10,41,97
21,70,73
62,93,50
40,88,52
21,33,48
51,88,34
6,7,59
14,23,74
30,73,75
41,74,61
56,88,45
32,69,36
1,36,65
14,35,60
9,59,20
18,26,80
2,26,81
39,91,33
10,65,90
15,50,23
36,38,18
73,78,46
44,66,82
6,34,44
54,78,58
52,73,69
1,90,80
40,70,1
29,82,60
11,46,45
35,72,45
17,49,55
67,69,35
36,92,36
46,77,91
34,51,4
12,79,29
10,16,45
15,72,15
11,52,80
11,89,32
1,35,10
6,20,74
19,51,52
23,76,60
4,6,54
73,83,7
8,75,52
19,34,40
46,89,54
12,53,88
41,55,24
26,35,4
15,66,75
62,74,44
42,90,13
3,80,58
51,66,46
55,65,35
22,28,12
23,81,47
22,35,41
37,70,77
43,75,99
48,85,60
19,28,51
16,88,37
26,67,22
16,74,54
16,23,6
35,89,65
76,78,89
42,73,29
37,42,39
46,68,74
22,29,18
11,39,95
92,94,26
56,66,92
56,94,92
5,9,16
15,29,31
25,42,21
2,47,18
78,80,98
13,92,1
3,31,63
41,68,62
55,78,61
17,30,21
23,67,14
17,77,78
31,73,35
30,63,49
8,85,95
2,29,40
15,69,17
48,54,95
16,77,71
73,86,29
41,76,65
13,88,38
3,6,57
38,78,53
10,17,92
64,79,7
54,73,5
23,36,19
64,82,28
6,18,98
37,63,77
3,85,88
64,69,59
33,87,36
10,47,71
74,75,54
15,91,5
3,68,45
35,71,87
20,30,79
44,56,22
16,65,15
20,87,13
18,27,53
42,83,54
68,93,70
15,23,23
28,32,67
51,55,96
5,29,34
4,80,89
19,54,93
18,52,25
2,60,41
40,90,45
5,59,87
14,62,44
3,76,7
12,83,7
32,57,24
93,94,80
18,58,21
73,93,70
12,42,35
21,48,14
23,50,59
8,54,19
23,64,75
8,40,63
38,51,68
82,89,67
24,59,14
56,59,8
7,43,43
34,43,38
4,12,74
15,56,37
4,11,19
40,92,21
19,76,63
29,47,32
45,92,57
8,46,44
13,18,8
20,56,18
73,77,3
56,63,53
28,57,47
26,69,9
33,67,3
13,50,58
18,74,81
67,73,98
61,65,81
47,72,46
51,62,26
38,42,19
20,58,87
0,47,76
1,34,39
89,92,27
43,57,88
6,47,86
26,92,47
19,49,32
13,23,76
1,57,20
38,91,65
14,20,61
18,22,14
14,76,95
9,55,91
61,85,59
37,50,43
67,80,76
55,76,73
20,71,69
10,27,95
28,85,59
40,55,82
5,65,55
7,63,77
33,51,20
27,78,78
12,73,58
52,94,67
11,86,75
17,92,45
5,73,6
29,39,25
9,35,27
19,78,44
38,70,30
12,38,42
30,67,35
11,65,78
41,92,55
20,82,80
6,70,16
44,64,98
26,86,62
38,94,10
74,92,16
18,32,78
24,85,74
53,84,59
19,36,10
21,32,85
25,34,35
41,84,91
5,70,64
33,44,15
4,35,13
7,54,26
62,77,63
44,55,30
11,20,52
15,17,42
16,35,98
2,78,83
2,91,10
82,87,55
44,70,68
27,28,62
28,31,76
4,52,52
42,59,5
7,26,98
3,71,8
48,60,81
49,51,45
0,63,78
31,61,16
55,93,50
41,49,36
17,88,80
21,83,17
32,80,53
45,63,21
53,54,27
10,71,87
35,84,17
47,48,61
34,39,79
33,65,74
12,40,82
17,63,72
74,81,24
30,58,37
6,44,32
6,71,38
1,89,14
53,63,64
14,41,81
7,8,16
41,70,83
71,92,71
20,76,69
8,49,95
20,49,28
22,75,72
60,70,77
1,77,32
51,78,96
11,32,19
7,41,85
67,82,71
56,79,16
0,81,29
50,93,50
42,80,82
27,32,65
43,94,95
39,79,14
46,83,66
28,41,40
28,84,46
0,12,72
57,86,46
48,83,85
32,42,92
33,52,3
18,84,51
1,8,75
2,55,95
34,68,92
4,94,36
81,94,90
41,66,40
0,22,73
11,88,59
4,54,25
78,93,38
91,94,47
9,92,99
83,93,45
19,86,76
67,88,89
22,30,68
37,77,50
5,24,42
4,84,81
8,42,29
33,68,14
20,72,98
6,79,27
38,43,43
37,76,24
63,70,80
51,76,30
1,29,90
44,80,73
59,90,66
53,91,53
62,87,55
23,56,89
56,91,74
52,82,7
29,71,40
13,93,25
31,89,30
46,90,63
47,68,16
22,50,55
45,83,35
22,71,66
11,23,73
16,28,98
13,72,2
33,54,49
25,69,26
55,67,48
12,94,89
53,57,31
10,11,93
18,36,14
47,58,42
45,91,8
4,92,38
80,82,98
15,30,29
24,45,65
12,20,55
13,86,90
70,73,18
62,79,52
67,71,41
9,37,84
12,67,80
35,77,42
58,70,84
15,42,71
3,21,63
46,51,83
54,72,33
30,48,57
48,50,31
32,90,57
28,59,33
32,72,73
12,39,78
6,36,87
51,59,37
17,48,34
3,42,30
41,71,26
19,39,78
66,82,48
36,72,6
24,42,2
30,76,84
44,52,66
6,76,62
17,33,82
12,93,28
2,40,60
12,43,74
39,89,92
32,34,81
5,35,60
32,53,66
51,72,67
0,34,95
20,25,71
54,87,31
6,45,62
4,70,15
1,40,95
38,84,82
32,73,41
24,48,76
11,94,50
15,63,46
1,65,33
37,86,99
58,93,32
6,64,53
11,74,98
14,18,42
1,10,36
41,43,78
14,32,96
24,91,98
49,93,81
22,45,19
60,83,70
13,77,68
37,90,42
79,82,88
41,67,99
57,65,43
32,68,98
44,85,58
69,89,99
49,90,43
11,35,20
21,85,10
48,68,50
1,76,13
54,57,94
8,94,98
4,22,63
29,69,34
33,64,77
79,81,81
28,40,79
16,78,10
13,42,92
75,90,100
50,84,87
32,54,17
28,90,98
0,44,10
12,80,73
16,31,100
26,61,42
41,46,64
85,91,18
17,85,74
31,72,30
50,57,35
47,87,21
20,73,18
16,69,26
42,72,46
29,85,34
3,88,6
80,93,43
29,91,40
23,62,13
28,45,37
75,85,83
12,54,37
61,70,22
15,35,73
11,80,51
22,81,92
33,70,97
38,87,40
24,30,56
11,72,11
27,29,65
70,83,82
39,82,95
47,66,89
32,87,52
12,46,1
8,29,72
12,85,90
1,22,94
52,75,70
34,52,80
27,33,56
10,62,16
8,41,8
58,66,97
45,85,70
3,50,89
20,93,27
31,47,62
26,70,17
26,52,96
9,74,1
6,90,33
38,88,55
15,22,90
19,81,95
19,26,45
6,74,7
48,58,82
17,79,95
42,66,62
29,54,4
60,90,76
2,63,8
9,29,99
71,93,37
19,60,25
69,92,6
23,47,35
9,93,35
10,92,91
85,90,80
60,66,48
36,77,73
35,51,64
2,66,40
18,75,40
1,56,25
76,84,85
68,84,89
8,67,98
65,94,33
4,16,41
27,65,12
18,24,60
31,52,39
87,90,10
17,69,3
76,83,12
58,91,49
79,92,52
46,50,64
39,61,91
39,65,84
68,82,16
52,72,44
9,34,32
42,48,3
2,32,22
23,88,4
60,93,67
63,83,16
69,81,46
45,67,41
60,76,52
8,82,10
17,83,45
56,87,61
47,79,68
3,25,89
7,39,62
43,80,18
35,86,15
86,93,9
54,77,74
25,87,27
19,52,34
21,58,76
29,41,81
21,71,86
31,43,45
38,73,65
37,71,46
48,62,48
50,63,43
28,48,64
48,88,98
21,80,65
3,11,84
21,62,2
22,70,60
17,24,37
70,94,68
42,70,7
64,86,42
25,77,16
36,67,48
20,61,18
78,84,86
88,90,82
63,66,69
17,84,73
10,73,15
44,47,96
15,25,15
34,36,81
84,93,25
22,83,74
28,64,97
12,71,5
74,80,21
0,0,0
