4,35,32
2,32,93
11,14,43
3,32,7
0,5,23
14,28,94
11,29,36
12,33,56
12,29,48
8,21,49
16,18,37
4,5,94
25,35,3
28,37,21
3,36,63
20,37,82
1,26,49
3,28,24
16,35,74
6,11,44
31,37,1
16,24,55
22,28,17
26,33,25
9,25,78
4,27,96
12,30,88
5,16,24
9,18,83
13,31,95
20,24,26
33,34,66
17,28,79
15,24,93
2,20,11
26,35,58
14,37,12
6,36,61
3,19,19
2,24,66
3,14,58
21,24,88
3,4,81
0,23,54
1,5,63
10,16,39
7,28,94
9,27,78
26,29,56
2,3,97
13,17,41
5,7,48
0,29,37
7,24,93
12,35,52
15,34,24
0,35,62
10,23,64
5,33,32
21,33,92
26,31,6
4,33,53
14,30,78
13,32,88
4,26,61
2,22,61
21,34,4
2,8,91
7,14,65
22,31,25
28,32,69
19,33,30
33,37,15
17,22,72
30,35,93
18,33,47
11,13,29
6,37,18
4,22,77
5,6,7
8,13,29
2,16,23
18,35,82
2,37,73
21,23,18
3,16,14
30,37,78
17,25,25
0,16,29
28,36,74
8,36,54
0,33,36
21,30,21
33,35,87
2,19,58
30,34,69
14,33,49
16,20,10
3,26,81
18,29,68
4,18,93
17,19,98
16,32,40
0,3,31
18,21,83
0,12,37
8,14,3
22,36,3
13,23,100
24,25,48
3,27,58
17,26,91
15,37,10
7,37,25
0,26,42
7,30,5
1,31,96
6,15,30
2,35,63
24,35,74
29,35,41
1,9,13
6,26,71
8,22,70
10,36,41
7,22,69
4,19,3
5,21,73
10,13,60
7,27,98
2,21,94
31,35,81
6,32,67
24,36,90
10,37,73
1,22,23
32,34,12
20,25,54
9,23,93
3,6,60
23,25,83
10,31,54
1,19,16
0,1,63
30,33,94
25,28,94
10,30,46
13,26,94
21,35,35
27,28,67
32,35,37
29,30,2
17,35,56
19,32,55
0,7,84
13,36,71
14,29,51
3,18,39
8,19,84
17,27,61
15,25,11
26,32,29
8,16,91
1,29,32
7,21,54
1,15,35
0,15,28
13,21,76
16,29,44
11,20,70
20,21,67
12,22,12
27,33,55
3,37,4
12,34,44
13,29,17
5,19,80
8,28,46
1,17,75
9,13,25
2,9,69
11,15,21
27,35,34
5,17,94
6,33,59
27,32,52
9,30,46
23,37,45
5,36,64
2,33,36
7,32,45
4,31,52
8,32,36
23,26,43
7,36,26
19,23,99
23,36,78
1,21,58
0,19,26
24,37,34
6,12,2
1,36,82
9,36,17
3,35,57
33,36,100
4,25,19
4,17,42
21,22,99
8,10,88
15,26,26
14,17,17
0,27,100
3,15,74
13,35,76
11,30,36
5,31,86
12,31,67
6,34,59
35,37,52
3,24,97
14,32,77
12,26,6
15,16,12
18,27,46
12,25,71
8,29,8
16,33,24
6,8,93
1,23,86
0,9,43
1,6,16
13,37,63
25,37,66
10,34,9
9,10,73
19,30,33
6,31,42
24,27,80
11,19,57
1,8,71
3,21,39
25,34,94
13,16,74
22,34,10
5,34,50
20,31,96
25,33,78
8,26,2
4,28,50
1,4,32
2,36,64
34,36,45
13,34,86
6,14,72
0,37,90
12,28,35
0,24,29
26,27,60
15,19,8
11,26,22
11,32,81
7,31,20
28,30,29
22,30,33
3,11,44
18,30,92
0,20,78
5,11,24
8,12,79
27,30,74
7,16,97
18,28,36
23,30,30
12,37,59
3,20,47
16,28,45
9,22,55
21,37,4
6,21,11
8,33,2
0,13,82
17,32,85
14,36,22
11,23,74
8,34,88
29,32,15
11,17,14
19,21,93
13,27,88
27,31,77
20,33,2
15,21,71
18,25,85
20,27,71
22,35,24
2,30,27
6,19,45
21,36,82
5,32,87
5,12,75
12,17,96
4,21,57
34,37,16
20,35,18
12,13,47
3,9,45
22,32,86
9,28,64
6,22,76
7,17,6
6,20,11
17,29,1
9,26,29
19,27,17
1,13,36
18,26,97
13,18,45
5,15,36
1,11,64
2,13,82
31,33,93
2,6,67
8,30,81
14,25,96
15,33,19
18,24,21
4,7,47
22,25,76
12,18,10
20,29,38
7,19,58
14,27,15
8,11,40
4,13,17
10,21,94
3,30,88
2,10,44
14,26,40
10,14,35
16,19,10
17,34,75
19,20,20
21,26,46
14,19,18
3,34,2
22,29,32
4,20,19
8,31,98
2,26,62
18,23,26
15,27,26
23,31,11
5,20,92
6,24,70
4,8,57
17,36,26
15,31,64
16,30,33
0,28,55
19,24,34
2,18,78
24,34,47
5,28,85
29,36,94
10,35,65
13,14,93
13,33,74
4,36,60
16,21,28
3,31,52
16,26,12
4,34,18
14,21,18
1,3,59
24,32,58
28,29,24
15,23,72
8,37,18
8,17,60
5,10,37
25,32,13
22,23,28
31,34,35
0,8,27
11,25,61
19,29,92
11,22,91
14,18,6
16,25,84
1,37,31
7,35,38
14,22,2
2,14,95
23,32,18
32,36,41
18,22,77
15,35,48
5,22,85
1,27,64
1,30,70
20,23,33
7,25,89
6,25,38
12,15,75
9,29,34
18,20,29
15,20,26
16,31,37
15,32,4
23,29,48
5,18,45
3,8,88
7,12,23
18,31,65
16,27,85
20,22,72
26,34,17
1,32,57
15,17,98
2,34,5
1,28,53
2,25,25
6,9,28
30,32,86
7,34,51
19,35,61
21,25,68
0,22,99
10,19,5
16,23,29
17,23,5
9,37,43
20,26,6
5,35,42
15,28,24
18,37,99
24,33,49
5,24,81
0,18,4
2,11,51
0,11,36
6,18,35
18,36,1
5,37,45
0,32,2
7,8,50
23,33,41
13,22,85
9,12,22
28,35,34
4,37,13
0,17,78
2,27,58
5,14,34
9,34,53
4,6,2
10,20,63
2,28,52
26,37,72
14,34,7
5,27,98
2,15,33
1,7,34
12,32,74
6,13,74
14,23,74
11,31,2
3,29,91
10,17,59
4,12,64
2,4,46
13,20,19
15,29,85
9,16,70
14,20,15
24,28,52
11,33,10
26,30,35
24,30,62
10,22,66
17,30,59
14,16,85
22,27,31
17,31,11
22,26,69
8,20,87
11,36,42
7,29,2
8,15,62
21,27,97
6,23,72
5,29,66
19,36,73
21,32,72
10,32,99
19,37,90
23,34,32
3,33,15
13,28,73
3,13,32
16,37,6
5,25,88
8,27,87
1,24,44
29,34,89
4,14,40
36,37,76
1,2,81
23,35,1
20,28,16
17,33,19
11,18,2
10,33,8
17,18,90
6,17,62
11,28,1
20,34,40
22,24,11
13,15,6
1,16,65
1,25,33
11,21,81
3,12,19
20,32,32
25,36,56
6,35,91
15,18,80
6,10,11
12,20,27
13,30,99
21,31,40
19,31,48
16,17,50
19,28,93
11,35,36
12,27,71
21,29,46
7,15,28
29,37,56
30,36,38
0,25,89
7,33,82
4,16,11
32,33,27
14,24,87
5,8,59
5,23,63
22,33,41
14,35,56
0,21,22
5,9,90
1,14,87
1,33,69
29,31,49
9,32,65
35,36,93
30,31,96
4,11,2
12,24,57
27,29,62
11,16,56
0,10,48
27,34,3
9,31,15
13,24,82
7,10,86
8,18,10
9,20,16
17,21,92
25,31,98
11,37,33
3,7,59
25,26,58
10,28,13
0,34,13
10,29,92
6,30,53
9,11,20
23,28,24
2,31,7
9,15,6
26,36,15
10,18,77
12,16,19
2,23,43
20,36,52
14,15,3
28,33,69
32,37,20
31,32,94
7,26,1
9,14,16
7,9,29
23,27,99
1,35,4
3,23,63
7,11,60
12,36,89
4,9,74
26,28,20
8,9,38
0,4,47
23,24,28
34,35,19
1,18,75
8,25,64
8,35,78
9,24,13
24,31,75
4,15,90
17,20,74
10,12,19
9,33,57
0,31,10
29,33,15
25,29,56
7,13,63
2,5,87
4,29,37
20,30,89
11,12,38
31,36,12
15,36,18
28,34,15
12,21,89
0,6,18
25,30,2
9,21,45
0,2,57
11,34,11
21,28,67
9,35,86
12,23,25
10,15,18
8,23,12
15,30,20
4,32,67
25,27,9
7,18,67
27,37,18
8,24,77
4,23,64
6,29,58
16,34,51
2,12,71
15,22,37
1,34,58
5,26,4
3,5,23
10,25,2
24,26,1
0,14,72
19,26,66
14,31,70
2,7,71
6,28,77
6,16,64
19,25,70
6,27,43
18,34,90
16,22,44
13,19,77
0,36,97
0,0,0
