15,33,25
53,66,13
18,29,61
12,75,17
58,80,82
6,31,100
29,63,80
23,47,82
10,32,66
2,10,28
36,38,62
18,70,87
12,56,40
12,85,16
26,44,24
28,33,26
17,55,42
23,30,39
2,52,67
41,71,38
62,65,27
3,61,45
38,67,9
57,81,13
1,29,9
4,23,43
36,76,69
60,84,46
2,76,1
67,79,54
11,84,74
7,25,95
30,57,39
9,84,12
10,77,48
4,26,87
32,63,51
35,60,47
22,76,19
7,83,64
73,78,25
0,16,8
41,72,68
44,69,10
25,42,21
40,71,34
42,77,51
43,62,88
14,57,60
31,56,85
28,39,58
46,54,23
55,56,26
20,59,90
12,35,63
38,53,17
43,44,36
25,34,59
19,49,41
18,61,74
37,54,51
26,30,56
29,61,93
18,64,8
20,87,84
79,87,27
2,79,3
6,16,14
15,81,31
66,77,43
59,64,46
28,71,100
8,71,23
41,42,32
55,80,52
16,36,1
24,52,62
31,40,21
2,12,27
58,63,76
15,49,56
80,87,82
53,75,60
27,28,14
38,81,84
0,31,32
19,52,33
4,10,41
75,85,43
45,49,27
73,86,72
60,61,66
43,60,20
37,80,3
2,86,19
7,49,32
23,37,93
3,85,9
75,84,61
37,65,11
46,68,26
39,70,27
24,74,7
11,38,27
12,62,5
16,61,54
46,72,11
14,61,57
2,39,14
25,53,77
9,28,96
14,43,12
5,40,50
12,30,36
6,69,61
22,38,62
36,87,55
19,62,72
16,63,95
9,74,19
43,68,18
25,84,52
25,39,94
22,25,34
49,80,96
23,70,43
43,77,88
10,49,94
76,82,21
56,80,16
16,57,60
6,21,8
22,59,82
0,82,24
20,88,86
27,35,44
34,79,26
41,43,28
45,50,50
4,71,48
5,38,66
52,87,51
34,62,26
19,88,99
31,34,36
47,65,45
3,55,7
48,56,53
1,78,39
12,24,71
32,82,60
40,62,21
39,64,23
3,43,65
13,44,3
80,85,39
4,19,43
52,77,17
19,24,85
0,68,73
21,64,60
62,73,59
52,53,42
21,23,71
45,69,1
11,70,62
35,47,35
41,58,55
54,57,47
25,74,97
10,62,30
79,85,90
8,27,94
27,45,56
72,86,2
31,49,24
70,83,24
67,74,6
21,25,57
52,54,38
47,55,62
30,50,55
77,82,56
21,27,25
6,62,63
34,41,33
9,57,39
24,84,91
19,32,81
15,26,91
73,75,14
10,64,41
20,86,42
9,82,86
30,79,49
16,75,34
46,59,9
63,64,42
71,84,81
26,72,90
66,76,75
44,65,92
11,85,49
49,78,41
18,56,88
24,82,13
14,78,95
0,70,49
5,22,81
71,78,30
40,63,16
32,67,4
10,24,81
29,31,44
32,78,39
22,35,6
19,74,49
67,81,8
17,47,49
16,46,40
21,33,33
31,82,62
16,32,99
37,83,18
83,86,62
12,72,48
11,54,85
20,24,81
17,77,32
15,53,32
41,62,92
42,58,55
81,87,64
38,50,20
2,55,87
33,43,27
31,38,57
21,49,76
65,86,65
21,65,81
7,88,17
40,52,100
20,61,97
16,59,96
3,4,74
22,83,60
38,64,28
13,61,54
40,87,54
16,24,44
50,69,7
44,67,89
29,73,93
8,53,79
34,67,21
41,88,6
3,65,96
2,27,6
40,72,99
18,62,83
44,66,18
14,86,60
52,61,4
6,70,69
4,39,56
1,41,80
30,58,43
8,48,63
67,76,87
23,67,46
5,24,7
18,21,46
2,66,25
41,85,31
4,35,66
20,37,9
6,27,26
31,66,58
24,63,39
23,75,63
18,43,91
30,36,91
36,75,70
67,87,42
46,69,55
0,32,19
8,11,38
8,12,88
49,63,36
19,20,60
53,73,28
5,27,94
6,68,10
19,67,92
11,43,95
23,52,19
66,72,28
68,73,47
3,52,26
3,45,80
17,63,49
62,66,3
33,63,74
50,82,97
42,45,19
36,44,73
26,49,4
5,47,64
56,70,5
50,83,39
22,56,20
72,80,65
17,71,25
15,86,57
65,75,100
12,50,36
21,79,82
7,52,24
62,78,20
2,6,26
31,83,16
5,32,62
8,28,92
16,40,44
15,50,60
42,56,31
27,71,11
34,57,79
71,83,54
8,34,76
3,81,79
59,73,14
17,24,58
28,60,3
23,65,45
33,46,66
46,64,99
74,84,80
14,69,26
10,70,62
10,20,8
53,55,14
43,82,64
32,75,54
45,81,59
53,61,40
44,85,45
47,52,36
33,50,88
14,60,97
17,78,51
17,41,75
35,45,100
51,79,11
18,68,99
36,74,85
19,46,39
26,60,27
37,51,63
17,23,52
11,47,83
32,61,51
6,88,27
33,72,91
52,78,9
81,88,66
5,53,25
33,55,89
39,46,8
0,84,59
39,53,56
4,55,62
22,52,26
17,62,30
36,77,55
41,59,36
1,60,16
19,37,64
55,75,14
13,43,22
25,37,66
38,82,36
21,78,14
0,75,11
11,46,33
7,62,39
63,86,68
59,71,10
3,59,3
35,65,92
42,46,38
35,72,47
12,77,77
9,58,92
16,29,6
27,88,64
23,71,48
53,56,96
16,41,88
38,79,78
42,66,24
9,62,12
84,87,88
23,43,8
58,74,10
77,84,48
4,22,50
22,55,82
56,76,16
38,58,32
2,88,17
7,77,36
16,42,75
53,81,19
1,39,18
19,60,29
20,46,97
56,78,67
0,40,58
44,56,48
65,77,1
2,59,29
34,49,93
54,82,85
32,58,11
60,75,64
13,69,17
70,86,3
50,74,41
8,47,63
29,82,32
48,58,21
8,77,89
2,41,12
1,85,11
29,62,97
14,44,61
49,65,91
14,85,86
46,82,6
24,37,61
13,23,38
18,79,87
67,77,69
18,53,12
9,23,5
21,35,90
14,24,14
55,73,51
2,14,78
31,81,92
61,67,13
67,78,25
10,26,52
24,76,41
13,70,37
2,9,44
9,13,90
34,83,37
4,45,63
44,58,60
76,84,29
17,64,70
16,64,71
2,45,92
11,76,2
70,74,26
26,38,40
9,69,53
6,46,18
34,82,21
41,56,7
55,64,18
42,52,2
19,31,27
7,42,46
30,32,66
7,9,3
7,12,35
16,88,92
4,67,57
8,73,70
33,52,74
0,17,8
12,51,54
45,52,69
55,85,23
5,59,25
2,13,43
42,88,86
2,82,91
63,83,37
24,55,100
0,77,27
24,61,16
44,72,30
25,26,40
7,8,9
48,70,77
45,88,77
18,26,68
23,87,87
3,22,15
84,86,77
39,43,90
41,49,8
8,20,88
49,61,13
62,63,10
38,80,97
51,76,54
23,35,99
35,67,73
24,33,9
12,81,91
34,74,68
0,76,22
21,48,15
33,56,18
0,38,22
26,47,23
38,66,4
42,69,89
39,87,35
31,73,3
15,17,80
82,86,29
25,31,69
37,64,6
17,40,22
31,57,72
1,84,94
7,26,7
19,42,94
15,36,71
57,79,70
72,75,3
54,64,73
35,55,22
4,15,77
49,52,62
2,7,8
23,81,71
35,88,80
28,70,33
29,72,27
16,62,47
25,30,50
10,87,54
11,22,27
50,87,23
56,64,5
44,88,7
8,83,17
17,85,27
38,76,59
10,44,89
47,81,66
69,82,43
60,63,21
13,87,53
7,66,45
50,81,89
0,87,68
11,78,90
40,55,78
1,66,100
16,82,80
40,78,15
11,33,59
78,83,7
43,61,72
67,72,55
48,65,43
31,35,1
10,35,87
7,65,43
29,47,94
1,31,51
0,23,99
42,49,17
5,67,88
66,71,72
34,52,53
38,72,33
24,66,90
34,42,49
38,75,50
5,79,67
4,17,61
51,70,12
14,77,18
43,79,74
55,86,68
51,57,22
6,9,68
14,42,10
6,53,77
7,55,55
17,19,64
49,88,88
33,85,32
76,83,57
49,85,40
20,67,20
27,82,92
20,22,14
52,82,55
39,47,1
27,44,75
22,24,40
16,37,58
23,45,35
28,46,11
12,42,78
42,44,65
4,18,86
6,87,9
23,53,76
37,58,85
15,21,77
4,47,11
43,54,29
80,81,68
69,73,19
37,77,69
34,76,55
4,66,54
25,82,88
3,48,72
54,61,51
14,41,89
5,65,32
7,18,28
34,47,64
36,53,98
28,55,93
11,60,50
2,50,39
68,77,19
2,70,5
12,73,92
56,85,74
0,50,50
16,70,19
14,63,41
56,87,88
1,49,49
21,82,71
43,87,73
51,66,28
71,82,66
40,53,22
17,29,82
65,74,80
85,86,80
55,61,99
0,83,47
60,69,76
2,35,28
48,49,16
61,73,91
25,81,81
18,58,77
53,86,15
20,63,44
16,83,67
0,8,96
12,69,35
55,58,69
9,75,17
57,74,66
6,29,35
43,76,89
24,64,12
27,83,25
29,67,33
7,17,95
60,62,20
58,61,30
28,48,34
4,46,43
52,66,62
4,24,23
43,81,23
16,87,84
4,36,72
11,13,78
18,37,22
46,62,9
7,43,68
4,14,78
9,36,93
31,37,83
47,69,66
22,69,15
63,84,61
10,52,30
49,79,96
4,44,4
15,70,15
14,32,81
42,82,6
22,87,11
56,62,42
13,35,32
58,72,4
8,87,35
21,68,47
22,48,70
33,82,87
1,63,15
71,81,17
29,50,12
42,86,29
9,41,48
33,88,31
0,71,73
4,83,93
4,12,29
15,56,7
23,68,26
1,71,4
39,68,96
36,60,12
49,86,92
26,76,64
12,52,57
58,78,95
64,72,49
53,79,75
47,79,61
86,87,99
56,60,9
64,88,64
15,45,5
51,58,94
25,27,84
0,88,48
16,67,80
0,41,43
17,50,40
14,84,34
13,25,42
31,54,97
8,41,88
23,50,69
6,22,51
51,80,44
34,60,38
20,33,6
48,60,14
61,88,91
61,76,35
4,60,46
7,69,65
74,88,58
33,66,91
28,80,85
6,48,75
7,63,14
74,75,8
1,9,58
60,76,19
11,88,92
8,62,34
39,52,14
1,17,28
20,31,89
78,79,39
16,68,49
25,80,63
45,77,100
70,87,43
5,88,74
75,78,97
38,69,96
0,66,72
12,68,1
71,76,85
18,87,29
29,36,40
14,88,97
10,65,86
25,52,10
64,84,86
26,83,7
28,78,9
67,86,25
28,41,13
51,69,66
58,75,5
3,82,10
4,78,1
16,74,41
15,42,56
1,28,26
48,55,47
3,19,37
9,64,24
48,53,19
60,83,82
16,58,79
70,77,15
10,63,92
19,30,52
13,80,29
15,80,4
48,64,33
16,27,63
15,25,43
46,58,72
54,80,46
57,66,13
58,66,54
50,77,44
2,67,26
19,43,77
66,86,47
24,50,4
33,77,54
40,79,51
20,48,61
26,69,87
70,81,98
12,18,22
5,72,75
7,30,67
21,77,62
1,24,50
55,57,3
57,84,49
64,70,78
10,81,94
16,43,20
20,75,96
37,70,64
31,46,2
20,84,35
53,58,22
43,46,23
8,54,41
40,70,12
62,70,9
17,18,59
74,87,96
13,82,59
3,44,84
61,64,15
29,80,53
34,58,84
11,39,78
8,76,47
59,75,62
15,41,86
55,81,85
54,73,85
47,66,89
7,36,90
4,33,97
52,67,83
18,57,77
36,83,75
48,73,3
33,35,58
12,26,6
62,87,24
3,78,96
40,77,90
23,64,22
50,88,25
25,41,89
56,81,1
56,86,65
45,65,30
2,29,25
2,26,22
27,56,4
6,78,66
15,18,35
33,38,35
11,45,51
36,61,29
34,69,4
20,81,78
41,63,28
9,78,54
54,86,12
29,54,26
19,23,47
5,86,4
38,41,44
5,64,62
14,73,21
9,30,16
12,15,76
11,50,27
27,75,79
4,49,95
18,75,73
3,38,61
6,45,24
21,67,78
11,83,86
29,68,75
67,70,49
39,41,86
25,83,1
15,68,10
52,58,40
31,33,51
41,64,89
14,18,68
3,86,67
47,59,44
14,16,89
1,18,82
24,49,40
47,56,72
24,25,50
14,37,17
12,25,71
1,58,38
1,38,10
41,79,6
62,80,63
30,60,50
32,64,34
59,87,91
43,55,43
30,54,79
63,82,52
6,52,40
32,60,34
26,36,24
27,41,72
41,48,59
28,34,14
43,84,90
47,63,6
43,53,86
6,81,15
12,43,98
60,70,33
14,64,4
8,44,56
16,86,13
38,55,64
17,70,22
27,49,9
9,63,6
21,34,44
3,79,38
24,68,60
7,50,90
43,66,47
1,73,94
10,31,29
2,80,20
34,85,60
2,54,5
32,86,61
35,62,80
20,40,62
29,32,4
23,49,97
39,57,16
46,78,70
24,73,100
65,66,83
45,58,31
49,60,60
36,78,73
15,34,64
20,21,78
11,26,99
43,88,54
37,82,71
26,85,12
3,10,68
17,33,27
14,31,36
48,71,50
48,82,6
38,62,32
20,49,18
26,87,86
36,51,89
24,87,85
13,74,95
31,36,24
7,19,43
26,33,84
36,39,45
9,20,5
12,45,52
49,71,4
13,50,12
39,54,67
65,87,67
10,40,92
36,57,67
46,67,6
63,71,1
24,80,44
6,54,37
41,67,97
2,23,27
60,79,74
41,53,54
10,37,75
12,41,22
36,85,77
4,72,64
56,71,61
45,68,20
0,52,27
39,59,100
30,88,31
9,71,72
58,67,88
49,69,82
30,46,51
0,1,43
6,15,81
0,61,62
15,73,86
5,17,38
48,75,90
15,66,74
27,86,91
53,74,17
45,53,26
34,45,28
18,66,64
13,62,87
24,81,5
4,63,88
57,72,22
38,54,18
9,19,90
18,39,30
17,86,58
4,73,20
13,84,33
53,82,7
73,77,27
0,49,35
20,51,28
61,84,88
48,52,21
7,32,23
7,87,47
33,67,98
6,7,91
42,64,77
7,38,48
0,54,69
17,74,52
19,78,53
20,34,88
70,79,74
8,69,99
43,86,68
39,83,84
3,51,44
64,73,91
39,74,61
0,81,49
29,58,66
73,88,14
2,83,86
57,61,21
65,73,51
20,45,4
5,62,92
11,86,19
37,85,95
44,60,44
26,77,75
8,31,40
13,63,75
14,48,19
11,73,36
53,64,72
30,75,29
45,82,99
37,63,71
21,31,1
12,29,41
61,70,5
57,68,26
40,85,77
41,80,96
35,81,30
20,62,75
0,86,85
59,69,31
31,44,93
29,74,71
13,67,20
44,62,49
45,48,57
33,53,52
50,73,72
19,71,73
4,56,17
14,47,92
28,58,67
46,83,23
29,52,82
16,39,62
22,66,6
4,6,74
66,88,75
46,47,82
25,72,42
37,48,37
28,86,51
64,71,25
1,14,23
16,33,50
9,53,13
22,43,33
19,68,91
35,42,61
8,21,20
30,34,45
21,56,90
52,68,69
78,87,67
63,67,37
3,33,87
44,57,26
28,69,73
16,25,3
11,52,65
17,34,49
3,80,57
31,79,54
9,35,42
85,87,96
56,74,5
54,88,23
45,63,86
38,87,30
24,46,99
2,64,3
2,47,78
7,54,84
27,42,56
36,49,67
40,47,3
42,84,16
54,85,77
1,22,19
20,38,85
8,55,21
43,51,43
10,25,1
52,64,98
75,81,91
26,27,79
21,39,42
22,73,54
39,50,32
55,65,8
5,39,29
37,78,18
44,86,32
25,43,9
55,66,62
4,13,73
2,60,90
19,84,70
36,50,55
20,41,82
32,79,22
12,48,69
50,68,41
44,87,99
73,85,41
44,61,69
10,51,43
11,42,80
32,34,38
47,86,22
5,33,88
40,58,93
0,79,16
39,78,35
1,48,74
33,74,50
57,62,95
21,32,37
2,75,87
57,87,94
33,70,27
1,76,79
24,40,3
67,69,90
12,79,61
8,75,91
76,88,69
10,17,97
12,20,80
18,72,30
55,77,25
80,86,46
65,83,29
16,73,67
30,71,90
28,59,4
40,60,35
0,22,27
39,40,56
36,66,86
66,70,74
2,69,61
64,85,10
11,80,59
50,76,15
6,72,85
7,40,97
19,28,47
13,57,69
20,32,28
6,36,23
68,72,25
3,21,20
42,60,22
8,70,68
12,49,77
55,88,27
28,50,54
45,73,16
2,31,68
7,79,36
31,58,27
20,70,25
18,50,87
36,55,87
49,83,44
13,14,3
9,26,29
17,57,28
49,57,83
36,82,74
11,31,47
9,70,82
37,60,50
34,39,58
44,53,80
11,81,30
59,76,24
38,88,49
46,66,32
35,71,46
47,70,54
5,80,24
10,38,34
11,27,85
16,22,33
45,67,27
29,35,65
1,10,30
0,20,100
7,85,91
23,86,85
4,64,28
45,87,17
18,88,88
35,38,28
20,58,31
6,59,85
16,34,67
20,65,78
8,17,58
23,56,97
19,81,4
14,54,17
22,31,45
31,65,10
65,80,31
65,71,41
10,29,85
2,65,24
26,46,46
66,83,67
13,32,60
41,70,31
52,56,93
22,28,20
84,88,79
1,27,69
42,51,11
51,52,86
11,14,12
25,64,37
23,25,80
2,62,48
81,86,27
28,81,13
11,41,70
36,59,51
69,83,67
17,20,52
39,49,12
36,63,20
42,50,29
63,69,44
68,80,9
26,70,46
10,84,84
25,66,17
62,71,69
54,69,75
8,49,78
27,77,77
62,72,51
26,31,34
48,68,62
3,75,52
20,47,60
20,36,92
20,57,80
16,38,95
75,88,14
28,56,29
5,84,42
31,55,12
11,77,26
2,87,7
51,54,84
70,78,59
38,77,75
57,73,60
30,80,49
11,55,34
39,55,74
32,84,15
18,65,96
25,55,50
2,74,11
24,38,95
42,83,82
26,79,17
44,78,52
48,66,57
17,60,29
42,71,45
3,31,76
5,14,5
19,61,59
10,30,51
22,37,62
44,46,100
68,78,16
24,41,54
79,80,38
77,83,5
44,81,19
1,8,29
14,81,39
31,71,65
27,72,72
24,39,9
14,23,7
47,80,97
16,56,75
61,63,54
20,56,43
20,54,56
22,81,89
53,57,25
21,42,47
0,43,2
38,56,92
0,36,81
28,77,86
79,83,81
23,57,27
5,10,50
69,80,76
41,83,56
38,84,48
65,68,82
11,48,84
42,54,4
16,17,42
51,60,3
56,65,18
41,86,18
28,32,42
56,66,72
22,42,48
11,82,23
61,83,73
7,75,55
13,53,93
46,88,58
13,73,8
10,75,19
23,84,49
3,73,20
29,86,68
45,79,26
2,57,1
5,75,99
44,82,20
29,44,39
36,80,31
57,88,6
21,70,5
42,85,100
0,7,33
45,78,45
37,69,75
63,81,12
65,70,73
49,70,79
0,4,34
8,9,6
58,77,85
3,42,67
14,36,79
52,81,14
16,76,29
2,68,16
36,71,79
25,77,42
6,23,91
9,27,72
6,42,56
10,57,56
32,45,51
39,44,19
7,34,82
15,78,67
35,59,85
10,16,48
53,69,50
5,55,16
45,76,51
6,74,16
52,65,41
12,37,48
17,35,78
17,38,44
5,60,95
14,39,28
4,80,49
1,72,95
25,62,29
62,79,73
17,83,13
73,84,80
4,28,42
4,76,59
42,59,78
16,66,42
5,68,53
13,83,41
26,53,84
43,80,67
7,48,24
7,28,13
0,62,84
37,76,43
9,86,47
17,36,37
38,42,93
34,80,31
27,60,70
13,37,7
10,59,49
28,85,23
47,61,6
15,37,14
26,58,19
12,61,65
13,17,63
30,56,27
4,68,25
28,61,89
21,58,75
5,74,67
21,40,67
60,78,26
3,66,89
0,5,63
22,46,91
12,78,81
1,69,9
15,79,39
11,71,53
2,33,8
57,60,30
56,67,85
38,71,26
4,74,28
12,22,2
64,75,33
39,84,98
3,24,62
27,30,88
30,48,15
14,82,51
17,26,11
55,83,33
40,42,14
6,49,86
19,50,100
4,8,64
41,44,59
22,85,61
14,58,98
33,80,31
16,84,91
2,85,30
28,29,33
25,54,69
32,41,41
63,66,4
24,57,17
39,75,49
10,48,59
7,47,74
48,87,29
21,81,34
27,48,52
34,64,16
8,80,85
5,19,8
23,76,44
53,76,75
39,85,68
27,64,15
17,75,82
39,76,11
57,65,80
19,87,39
1,26,62
28,53,85
34,87,69
25,32,40
20,30,61
12,82,52
59,88,83
13,21,89
41,69,38
19,53,53
7,23,14
3,14,39
5,30,70
3,50,70
19,73,93
46,73,35
42,73,2
71,80,49
9,33,92
29,64,3
47,57,5
72,76,29
13,79,74
1,61,9
72,83,93
31,80,64
69,71,49
44,64,17
44,48,78
23,51,35
49,82,10
36,41,48
11,40,55
6,17,17
54,81,86
35,36,67
36,88,17
12,66,98
32,42,69
54,62,39
21,73,18
6,11,40
22,23,21
23,83,40
9,83,41
33,81,31
7,57,66
64,87,44
26,75,93
24,56,46
35,49,55
36,42,95
49,56,73
14,56,94
70,76,43
2,24,36
54,77,65
74,80,41
2,77,97
17,59,13
37,73,33
32,71,30
50,80,95
56,79,96
45,75,91
3,64,85
8,33,43
41,82,33
11,34,40
60,86,7
33,83,63
31,60,76
25,49,46
61,85,66
42,67,20
39,51,52
11,62,83
26,34,53
44,71,13
56,83,50
42,78,93
16,48,19
9,43,15
14,65,97
26,74,11
24,70,34
64,66,70
13,31,69
32,55,24
8,59,86
23,33,67
8,68,9
3,30,62
10,39,58
28,47,75
18,46,87
39,80,34
8,42,3
74,81,74
61,78,32
7,31,14
27,58,57
17,51,16
22,62,87
70,80,19
39,82,56
24,77,68
21,43,54
12,63,52
4,65,74
43,63,65
23,72,12
27,87,41
17,30,5
7,20,61
71,86,20
44,73,65
36,48,42
3,60,25
74,83,70
30,43,35
30,66,32
7,29,59
35,57,98
20,28,94
31,42,63
57,83,91
86,88,89
7,82,74
35,70,86
58,73,62
26,67,29
4,30,89
18,27,12
1,55,89
1,23,96
23,73,34
15,63,99
8,67,69
29,78,8
82,88,63
39,67,6
31,78,76
36,45,86
72,73,88
69,77,57
0,2,63
6,10,13
43,58,96
6,63,99
8,63,30
31,43,85
13,33,46
10,82,88
56,73,43
26,28,90
53,70,16
19,44,42
51,63,52
47,83,15
17,87,93
7,14,6
27,40,22
19,26,15
5,87,85
18,28,87
11,12,30
33,49,33
12,44,94
10,45,14
19,35,90
46,71,28
67,82,24
7,13,78
22,47,74
0,19,24
14,30,20
31,47,5
24,27,3
35,73,25
35,46,84
26,45,61
6,18,27
27,80,63
34,50,12
17,22,25
6,32,34
0,10,28
66,80,30
12,84,92
23,42,32
37,66,15
60,68,86
15,32,70
26,40,20
23,28,85
65,84,44
8,37,18
8,78,30
23,38,30
12,60,16
27,74,41
27,46,99
73,74,19
25,48,42
68,87,30
76,80,44
32,56,33
13,64,13
13,85,92
2,17,80
36,62,65
35,51,72
6,13,62
50,66,27
41,61,41
25,59,50
11,19,94
19,80,25
47,82,2
46,63,68
78,88,35
48,62,9
4,69,4
58,65,84
15,31,82
6,65,22
29,49,57
15,47,72
6,85,28
6,38,77
1,87,68
51,74,18
70,75,60
8,61,39
55,63,92
54,58,64
28,36,24
71,87,14
38,45,34
29,79,49
54,66,63
34,43,41
7,59,44
0,60,84
42,70,54
14,62,19
66,87,46
7,24,84
51,61,38
17,32,61
3,72,39
51,83,58
14,45,78
31,51,22
32,50,38
27,51,72
37,71,41
32,65,14
34,37,64
28,76,84
76,85,90
51,71,14
19,51,84
19,82,29
33,59,28
48,50,71
48,86,37
63,88,3
4,48,69
68,82,88
7,56,65
38,46,55
26,29,97
27,54,100
8,86,64
13,46,90
77,80,36
24,79,16
30,67,93
46,55,37
66,79,30
25,46,61
1,74,97
35,40,41
3,12,79
10,36,37
1,54,84
14,76,99
71,75,79
25,50,83
21,30,20
41,73,77
18,76,44
62,69,42
50,67,48
19,70,77
69,86,28
8,14,65
22,64,78
5,54,61
32,48,35
14,50,38
33,62,54
60,64,73
4,54,44
10,83,17
42,57,78
28,72,15
41,47,83
30,87,80
8,45,72
22,86,45
24,30,73
2,19,10
0,42,61
4,53,44
15,74,81
0,26,43
2,78,97
15,62,2
6,47,24
47,75,59
1,12,47
28,82,59
15,64,99
40,69,19
56,57,34
28,31,27
14,72,98
1,20,19
47,64,2
4,82,7
78,82,76
28,38,16
66,84,50
31,67,53
10,15,86
0,0,0
