58,78,64
9,34,67
19,30,76
18,35,47
45,81,14
16,74,22
17,59,58
34,42,26
30,50,14
36,57,8
16,55,43
12,54,80
42,46,39
14,43,42
21,64,55
23,53,97
36,74,4
17,24,58
14,41,85
70,74,10
10,55,19
49,61,76
31,50,38
18,28,82
47,66,66
35,43,77
16,32,93
50,78,7
47,73,6
27,57,49
61,81,36
28,73,34
18,50,37
10,36,40
61,66,41
2,58,93
17,81,4
0,57,82
48,53,79
12,51,83
9,12,92
18,48,79
22,72,90
47,52,95
0,9,24
32,73,82
49,72,74
44,46,62
5,81,48
43,64,1
20,59,92
57,67,44
55,81,77
16,75,64
6,29,11
18,27,23
15,42,32
38,51,28
75,76,84
10,64,57
40,73,5
19,48,21
25,67,85
36,64,74
10,13,70
63,79,51
54,59,5
10,25,55
43,60,36
7,11,64
19,20,54
20,81,56
31,57,62
27,65,14
25,27,34
22,41,41
38,48,65
48,66,58
9,21,53
10,44,10
31,80,58
45,52,1
2,39,56
22,29,71
56,77,39
28,44,78
33,52,64
25,35,25
0,62,12
11,75,74
34,36,50
66,69,92
20,22,42
25,46,50
6,44,78
75,78,54
5,53,66
35,37,85
6,76,64
17,26,73
50,70,19
24,62,95
22,76,13
31,56,79
1,52,25
8,38,72
1,75,1
40,53,69
18,21,2
28,40,51
25,44,47
54,55,64
33,39,99
20,64,59
22,62,3
6,78,1
0,8,81
41,77,54
17,48,45
12,30,50
13,78,8
25,66,75
3,25,80
56,65,80
11,48,88
17,62,58
11,32,49
9,56,75
51,61,19
34,40,23
16,63,10
7,56,91
50,66,88
2,25,68
48,77,24
26,30,88
48,52,3
17,52,84
31,51,74
41,66,3
53,73,68
3,48,3
14,56,61
50,51,76
56,74,95
32,60,97
2,46,91
26,64,8
25,41,1
14,67,46
8,44,52
28,69,88
73,77,58
16,43,48
32,66,61
15,73,63
32,71,63
42,48,21
57,78,46
74,81,50
4,55,26
9,50,45
25,76,32
19,33,10
17,67,18
37,75,99
47,61,44
0,63,99
52,71,56
40,59,33
2,53,36
1,11,89
15,46,81
5,23,80
45,71,45
7,48,2
41,45,79
19,45,3
22,45,37
9,53,30
15,41,46
6,73,95
48,73,81
24,58,15
2,29,15
28,62,68
12,81,42
18,47,6
45,80,20
59,64,2
29,51,80
1,6,79
53,71,39
8,72,81
65,79,87
7,25,7
11,37,22
74,75,60
23,32,26
35,75,36
62,73,36
2,50,1
52,59,65
30,72,64
23,63,94
22,50,53
45,56,35
15,19,37
33,75,46
61,64,69
1,41,96
37,49,18
62,71,47
53,58,88
6,18,17
16,67,79
21,43,53
46,49,10
7,42,71
74,76,7
26,47,28
49,80,30
63,76,85
6,17,29
22,28,7
44,80,18
9,74,14
12,47,4
24,53,11
23,51,39
5,28,43
34,45,24
12,28,65
39,44,78
71,80,98
69,80,88
16,78,48
39,64,63
7,66,95
2,64,38
45,60,96
12,75,96
0,49,45
24,45,41
63,70,60
6,71,33
9,77,83
16,36,23
32,41,80
23,67,100
19,57,95
4,34,27
6,9,20
8,37,50
10,28,45
31,76,6
26,44,25
4,65,92
57,60,81
63,64,37
73,76,16
46,56,28
11,81,53
27,28,20
28,61,58
8,33,67
12,39,40
32,39,18
35,76,25
11,24,8
8,64,16
13,32,73
37,53,83
51,54,74
37,41,88
3,62,91
10,56,29
60,63,89
68,75,23
47,76,48
10,51,14
21,72,44
10,45,55
41,51,17
47,70,71
9,42,61
43,46,62
29,69,7
68,79,74
18,75,58
26,80,31
76,79,18
0,55,38
3,75,100
2,44,49
18,57,19
40,75,47
51,77,94
30,38,56
12,17,69
60,71,4
14,19,20
15,60,67
1,46,11
16,81,43
20,73,58
38,50,5
75,79,81
1,56,57
60,61,53
7,17,25
13,68,1
0,68,56
18,81,44
62,67,42
50,57,46
13,79,85
30,42,57
4,79,47
5,68,96
20,77,61
8,34,9
75,81,31
20,71,94
13,14,2
0,58,88
55,72,58
61,69,56
7,80,80
32,58,96
30,74,94
42,80,36
1,37,30
18,58,34
24,59,11
42,50,22
8,57,4
11,19,50
13,47,59
25,29,22
49,78,84
2,56,52
31,34,22
48,75,94
35,52,79
36,47,18
28,74,5
11,78,12
44,53,64
37,63,59
26,59,16
10,26,48
2,14,46
4,5,75
18,76,68
22,79,29
48,78,70
64,77,19
25,75,1
4,66,75
11,60,44
47,68,69
4,39,14
41,57,3
3,47,25
12,35,81
28,37,46
19,60,37
58,68,63
23,43,55
3,64,32
27,33,78
9,41,13
3,7,82
2,22,31
0,53,69
36,54,86
44,50,15
38,74,18
13,48,43
46,55,50
31,41,21
25,26,83
19,68,6
30,59,61
0,11,41
27,36,81
3,78,27
50,52,68
65,76,51
11,59,54
15,66,92
4,12,24
6,77,40
13,20,13
3,69,83
58,79,53
68,71,83
13,35,58
11,12,21
2,81,93
12,16,7
27,74,50
35,72,75
1,26,36
54,80,7
27,60,95
36,44,32
62,66,6
55,62,4
17,61,35
55,74,77
25,56,22
40,57,84
29,42,100
35,58,50
11,27,30
51,56,9
10,46,34
24,39,81
20,27,33
41,63,53
22,36,88
10,49,72
38,44,22
9,65,66
32,80,8
1,28,57
38,46,59
32,51,44
17,60,79
6,49,68
23,39,15
6,32,39
49,65,87
14,47,7
46,61,28
77,80,85
15,49,91
56,81,68
14,20,20
29,41,61
48,56,78
1,53,97
2,67,28
16,61,50
24,36,28
35,51,99
72,76,39
52,79,24
5,43,71
6,54,10
49,79,78
26,38,81
32,67,93
19,63,64
29,53,84
52,67,84
19,46,76
52,61,79
17,39,50
25,68,27
10,48,11
42,44,4
68,80,11
62,75,42
28,66,23
30,64,26
3,54,47
43,76,13
7,81,71
5,70,23
10,30,66
43,67,96
35,79,64
0,48,29
67,76,82
45,63,70
45,64,42
11,20,40
38,41,73
35,69,13
20,25,75
13,30,57
38,81,99
30,62,59
7,70,24
54,70,85
49,69,86
32,50,97
10,66,18
62,74,20
41,58,7
2,59,45
16,54,12
37,45,97
11,64,10
5,34,56
19,80,59
22,64,41
36,38,15
25,65,84
23,27,31
34,73,76
35,66,21
23,48,64
21,25,14
16,28,40
19,26,70
24,57,9
21,40,4
9,22,61
20,29,38
32,46,10
62,79,80
64,65,75
14,39,52
33,72,17
8,80,43
3,15,95
40,72,70
10,75,38
5,24,18
48,65,97
18,70,50
11,46,33
55,58,33
27,79,7
62,65,37
9,25,54
44,48,73
43,63,65
62,68,74
59,62,27
7,79,51
38,42,58
13,49,3
12,77,54
26,79,66
39,75,30
12,29,100
53,77,63
62,72,63
14,21,100
16,65,42
28,60,87
11,26,70
20,48,12
57,69,72
61,68,61
35,68,67
33,69,32
32,33,91
4,45,92
22,65,84
58,61,62
1,18,97
10,80,69
31,67,14
50,54,2
34,61,88
22,53,26
4,75,9
24,81,19
9,72,54
19,70,77
38,78,1
13,66,60
38,70,34
70,76,82
12,25,60
70,77,93
46,58,53
2,74,7
41,56,36
42,62,19
30,63,34
21,44,76
44,58,26
79,80,87
53,76,81
58,65,96
5,19,60
37,68,58
73,74,28
1,34,17
67,69,91
21,71,81
56,58,15
7,8,23
14,60,64
20,30,30
12,65,14
28,56,57
68,81,88
43,68,81
19,71,17
17,46,15
6,8,2
41,64,29
9,60,31
51,76,52
51,59,50
2,63,100
44,72,21
14,50,29
27,38,77
24,51,77
8,22,31
39,67,86
58,75,1
0,25,33
62,77,99
9,33,12
52,64,27
13,63,26
27,58,98
12,27,41
21,66,99
3,10,62
0,64,83
28,50,26
28,46,70
2,57,73
26,73,55
31,49,12
60,70,90
46,52,84
28,33,52
2,77,6
29,48,90
52,81,88
4,46,32
63,71,17
14,44,34
59,72,79
10,12,85
5,69,85
12,50,99
76,80,23
19,64,6
29,60,70
53,57,15
22,56,48
12,48,76
17,51,41
12,56,34
15,53,43
63,65,37
32,55,29
5,51,22
44,73,62
2,31,53
36,50,99
26,29,70
5,35,2
0,31,36
17,74,21
0,79,58
27,39,75
34,63,49
41,46,99
41,71,33
5,76,49
40,80,36
6,36,51
50,63,59
51,64,52
26,41,79
45,46,56
16,51,99
3,40,76
48,55,55
65,68,55
31,81,42
3,52,22
59,67,75
43,58,41
7,44,44
12,61,66
13,81,39
9,17,39
10,69,89
39,50,2
34,76,74
31,63,19
10,63,43
36,48,20
8,10,68
13,51,89
10,11,89
56,75,28
6,55,78
6,45,75
48,60,85
31,46,38
53,70,16
0,3,62
30,45,86
30,56,66
4,22,50
19,42,51
7,10,67
56,61,58
59,65,89
30,36,80
65,71,42
58,74,70
33,67,59
34,64,55
34,59,69
34,46,16
56,59,88
36,70,13
10,61,5
1,73,67
58,66,3
36,61,85
31,42,46
8,31,55
39,52,35
17,27,4
13,61,79
2,4,99
1,30,61
12,34,47
12,43,22
36,78,7
64,81,100
1,39,83
36,75,72
22,61,82
49,51,72
79,81,31
5,33,9
8,53,54
11,80,1
6,62,83
52,70,18
3,68,38
4,27,30
46,68,37
15,61,62
26,54,88
40,41,13
27,44,14
12,76,72
22,32,89
13,18,13
13,55,53
2,20,4
11,34,45
36,65,56
6,31,11
37,54,64
21,59,3
6,60,46
71,72,61
20,38,99
7,73,66
51,65,73
7,24,75
4,41,77
45,73,31
14,55,84
30,71,33
8,76,68
39,76,95
1,3,24
32,65,71
46,54,93
44,74,59
1,32,92
42,76,77
54,81,28
1,51,69
4,7,78
4,37,70
36,52,28
6,53,12
26,61,49
5,63,15
17,28,43
2,6,84
14,31,91
7,62,58
4,77,21
18,49,70
25,69,21
19,61,82
26,36,51
10,17,28
9,15,41
3,80,22
80,81,3
66,80,24
27,32,47
6,28,23
2,16,25
27,59,65
13,45,94
10,67,55
10,52,51
49,71,80
63,81,94
11,69,87
53,56,56
24,32,15
3,60,31
45,55,53
16,34,43
3,36,29
1,20,67
53,72,57
57,81,5
22,49,22
9,48,90
21,77,25
4,6,19
7,67,24
4,56,66
14,46,15
72,75,42
28,59,32
51,60,51
28,45,42
34,74,76
1,70,74
37,38,83
11,31,7
50,67,81
20,62,25
14,61,42
1,62,63
16,45,13
56,67,46
24,41,32
25,77,96
14,15,42
72,80,16
50,68,84
21,51,50
40,68,35
0,40,96
0,2,52
27,50,47
47,80,37
3,56,90
15,24,39
19,67,4
17,45,52
21,63,53
31,78,72
44,55,26
38,56,17
3,22,41
8,35,15
3,37,22
13,16,80
36,41,75
10,43,63
17,80,12
60,76,60
30,48,77
9,39,33
47,60,73
1,55,36
10,79,5
2,80,70
37,74,55
5,74,59
15,27,77
45,69,69
9,68,55
70,78,92
38,73,43
14,51,37
38,61,48
9,55,71
2,27,8
9,79,68
36,79,77
1,44,41
27,40,47
4,20,11
49,56,1
38,55,71
55,69,26
7,13,60
25,31,59
29,46,66
11,42,94
37,77,21
49,52,97
7,33,37
26,46,28
5,21,27
22,27,52
22,77,5
41,59,35
41,72,43
57,79,50
7,77,84
0,77,62
9,29,54
29,44,35
43,78,66
45,79,23
34,44,65
15,20,1
21,31,13
35,59,48
61,79,92
12,52,56
46,66,69
19,25,30
0,41,10
40,77,20
16,73,90
4,71,42
51,67,44
8,17,50
6,48,39
27,46,41
53,81,76
15,35,1
17,31,64
2,3,13
13,77,87
52,78,15
31,58,68
1,58,98
24,61,23
59,70,58
46,64,88
39,48,24
24,80,35
8,49,57
54,66,71
28,52,90
21,39,57
35,55,84
71,78,38
23,64,2
35,64,62
16,66,48
19,66,9
20,37,29
42,79,33
48,80,8
30,55,67
0,27,22
4,63,30
4,52,61
40,54,13
14,53,74
46,77,61
2,23,87
56,71,1
15,75,96
0,29,22
23,56,83
21,69,64
18,37,73
5,58,17
15,22,78
42,57,30
8,46,98
32,37,95
7,20,38
3,44,5
36,58,89
65,78,58
53,66,60
36,43,53
15,56,33
59,75,6
32,56,24
38,43,7
6,42,29
15,79,13
24,28,6
0,42,100
15,16,83
15,74,81
60,81,50
6,13,1
35,50,70
31,54,27
9,67,13
42,47,12
19,27,8
70,81,22
10,35,90
44,64,80
5,6,16
25,57,64
7,55,51
32,69,44
43,77,43
22,46,80
21,78,47
45,68,51
18,67,66
8,62,88
32,42,4
44,70,75
3,46,12
71,74,41
43,59,72
43,72,3
12,68,81
33,68,99
51,79,77
28,55,8
30,54,10
25,80,43
18,55,4
18,54,5
40,76,87
32,62,18
20,55,27
19,34,32
61,76,3
14,42,66
0,52,31
19,75,100
60,66,65
26,27,43
17,41,97
12,70,6
30,60,47
4,13,34
26,68,53
72,81,75
12,62,12
60,73,62
47,54,38
14,23,35
34,47,5
12,53,71
61,74,85
3,65,44
45,76,36
9,47,71
55,70,86
23,49,30
39,53,19
2,5,13
15,72,82
29,38,9
41,61,18
36,59,85
22,55,27
9,64,28
48,74,87
52,55,17
24,50,49
23,31,13
5,11,57
6,70,77
43,49,85
1,35,86
51,73,6
6,14,61
11,15,97
50,76,27
12,22,72
20,40,17
18,63,31
26,39,73
25,32,21
41,67,19
17,70,73
51,66,70
11,54,10
34,41,69
12,23,74
7,23,8
53,63,3
2,10,93
31,75,36
38,63,83
20,52,68
11,52,92
3,63,45
25,54,75
61,65,84
72,73,52
21,30,85
78,80,98
43,50,90
35,81,40
2,41,17
64,67,64
47,56,99
58,80,9
23,60,54
10,73,22
35,38,40
52,75,9
24,65,26
66,81,30
31,52,60
41,69,58
47,55,89
16,80,90
29,79,44
15,70,9
16,70,12
1,12,1
29,58,18
44,62,70
11,51,13
43,70,60
37,47,84
24,30,96
41,79,35
35,80,36
68,74,81
14,38,36
14,54,76
4,9,61
39,41,74
12,73,16
30,80,17
11,70,40
30,34,65
8,30,39
14,77,82
2,28,29
29,70,67
42,43,20
1,21,43
27,35,88
42,74,52
27,45,70
13,41,93
16,76,27
1,50,2
34,68,71
23,79,96
32,70,99
29,64,79
20,35,81
7,71,44
4,10,25
3,27,98
25,33,61
73,80,99
33,35,8
4,64,56
24,71,80
51,57,24
48,71,80
28,51,63
15,34,16
55,56,19
29,39,53
66,76,83
74,78,24
22,30,67
19,58,90
8,25,95
40,78,84
33,74,89
17,30,93
37,70,46
24,73,73
53,80,95
57,74,74
57,61,17
32,43,45
29,54,52
12,66,64
46,67,82
16,37,25
15,77,3
12,24,31
6,65,91
30,41,1
34,80,93
14,37,51
17,78,4
61,73,41
37,46,84
23,57,22
12,42,75
48,57,44
10,15,97
33,50,29
18,26,88
51,75,31
40,70,33
8,12,10
6,7,84
7,21,97
21,70,88
33,56,91
13,25,19
1,9,80
8,59,22
55,76,96
16,64,24
31,59,82
24,25,96
78,79,77
7,40,12
18,31,56
41,42,24
50,65,22
33,45,72
4,43,16
15,55,17
6,69,54
36,62,34
33,79,18
35,54,20
1,27,74
76,81,63
31,35,61
3,76,95
61,63,84
13,67,42
2,36,8
29,72,53
70,80,89
47,48,79
16,77,85
41,50,86
28,29,91
39,77,64
9,80,63
19,28,18
29,68,90
35,71,54
1,31,84
36,77,67
34,81,71
20,68,86
32,68,8
11,17,50
37,76,96
10,57,6
60,68,37
33,65,10
34,77,94
22,80,17
27,73,85
12,69,78
3,57,71
3,55,19
18,34,35
41,80,11
2,62,14
8,60,80
23,54,100
7,78,14
15,65,12
7,32,90
28,41,76
41,74,80
12,36,61
21,41,18
61,78,89
47,53,62
54,79,42
3,26,76
8,23,65
27,34,41
19,62,69
58,76,51
7,51,66
2,33,70
2,45,93
24,49,85
2,9,14
43,75,49
26,75,61
17,50,44
16,41,17
41,70,20
54,77,94
34,65,95
14,40,83
15,76,5
18,80,68
58,67,16
34,57,32
40,52,47
52,57,53
30,51,78
21,33,24
35,78,87
14,36,85
20,57,40
51,68,36
1,65,99
67,68,100
11,61,71
0,28,28
42,58,31
22,67,25
38,57,70
27,68,72
0,7,100
26,31,58
55,64,56
7,14,85
28,67,40
48,58,85
15,45,36
25,28,34
52,66,48
20,43,67
0,15,30
40,48,48
42,55,41
25,74,64
1,43,60
0,17,97
40,43,28
0,73,3
23,35,5
64,68,17
18,73,95
17,29,72
37,79,92
35,60,7
0,23,89
65,72,92
40,47,23
18,56,94
8,16,35
21,61,80
56,57,52
48,62,33
8,15,96
18,59,6
48,59,6
26,81,15
14,65,9
16,24,69
29,35,20
69,78,96
57,75,83
31,55,48
15,26,69
9,23,48
5,49,24
15,33,32
14,57,33
27,71,10
37,57,21
26,45,76
44,78,32
48,64,88
15,57,35
13,57,7
5,27,98
6,39,63
30,69,2
52,77,35
17,58,22
3,29,66
52,60,93
31,69,73
37,55,60
8,27,49
16,38,67
39,71,28
10,78,54
52,65,73
20,32,55
17,43,86
8,21,16
22,43,89
41,62,82
3,5,47
49,59,19
43,61,29
19,78,88
50,53,85
7,59,1
29,40,67
5,12,2
61,62,22
0,51,57
49,74,45
23,75,4
30,57,88
64,80,10
31,44,2
37,71,97
29,45,44
21,76,57
12,18,45
54,78,90
31,39,7
8,47,74
39,69,57
42,49,65
1,54,34
13,65,10
26,60,46
48,63,27
45,77,67
22,59,83
24,31,75
15,28,54
45,62,85
16,69,91
10,76,58
57,65,100
30,32,90
54,68,72
30,76,56
5,40,64
29,32,25
46,59,70
24,78,29
42,66,50
20,49,95
15,23,94
14,76,27
78,81,16
36,46,70
4,15,58
2,55,33
11,47,76
41,73,51
46,76,93
17,49,50
42,54,90
3,81,26
28,43,63
36,69,95
18,33,81
68,69,74
9,69,96
20,60,30
6,40,17
60,69,38
44,61,46
14,66,60
13,28,41
53,54,97
14,80,38
38,54,19
53,62,86
33,76,46
16,27,58
1,47,48
49,54,58
4,49,16
42,72,12
41,75,95
12,15,81
11,45,92
31,45,71
38,72,4
15,80,80
5,54,2
15,51,10
46,71,57
64,76,23
27,64,38
62,80,76
16,62,62
13,56,94
11,72,51
12,49,51
21,27,82
24,63,5
14,22,1
5,57,39
16,30,87
3,70,27
33,46,88
25,48,34
14,33,73
8,67,23
21,67,56
34,55,96
65,73,68
18,61,5
39,43,69
33,55,35
47,64,17
6,46,68
55,68,95
31,72,92
2,26,5
43,74,70
35,61,17
22,71,51
67,74,33
21,32,10
11,68,69
32,64,90
26,53,48
5,36,11
2,54,55
13,53,18
14,32,82
27,29,94
0,39,75
46,63,17
11,73,13
0,18,35
2,13,28
8,58,93
28,78,86
58,60,20
7,47,97
14,64,16
6,23,96
10,74,71
3,32,46
5,59,25
42,69,81
33,70,1
13,69,95
54,65,91
65,74,71
24,66,5
32,57,50
66,79,9
4,78,91
68,70,40
68,73,51
3,45,12
29,31,37
12,80,34
0,54,5
19,59,19
35,63,56
58,63,18
24,54,79
24,38,20
4,67,18
47,71,66
8,11,43
6,47,38
59,60,95
22,25,54
47,72,53
66,74,64
33,81,55
18,38,91
10,33,55
54,58,19
1,2,16
11,21,46
30,46,86
21,68,7
23,44,59
5,48,82
37,67,14
61,72,84
18,79,33
17,54,79
20,51,9
25,37,16
40,71,40
28,49,61
1,57,2
55,71,66
3,43,15
10,70,32
26,50,80
6,37,45
42,78,18
10,72,73
17,33,51
1,78,46
27,72,99
54,74,39
63,77,26
31,36,72
14,24,63
64,79,71
33,36,67
14,27,82
33,58,98
6,22,93
21,28,99
27,61,67
33,59,32
7,61,11
56,70,92
32,78,78
42,52,92
19,44,45
15,54,32
29,73,51
33,38,2
60,62,7
23,42,70
0,12,43
25,60,46
37,51,15
30,73,21
7,41,95
24,44,92
38,68,38
62,81,59
16,21,93
20,34,64
31,64,83
58,59,29
28,70,86
71,73,21
23,30,92
4,81,86
9,62,91
48,54,70
35,53,53
9,14,30
23,24,89
1,69,59
44,47,48
23,29,73
28,80,89
57,62,100
43,45,53
56,68,61
2,32,70
14,75,1
14,30,37
22,74,6
5,47,92
4,80,85
17,73,27
17,55,34
54,63,1
37,48,46
70,79,56
4,24,39
66,72,23
72,74,74
19,76,71
7,68,35
11,30,89
2,52,77
43,65,100
44,56,82
5,8,57
11,65,82
37,42,49
9,26,52
15,21,4
24,33,28
15,68,47
54,72,66
36,73,98
9,35,97
5,67,52
53,69,73
49,55,81
69,76,87
7,50,36
29,49,89
35,70,90
30,49,5
25,61,64
34,79,8
12,64,36
11,22,89
2,37,41
5,46,91
0,13,1
64,72,9
41,47,47
50,59,17
12,72,52
3,18,81
18,41,91
35,46,27
40,61,58
3,4,3
42,75,35
43,56,47
2,76,82
30,81,67
17,25,26
20,24,46
37,39,66
14,73,16
20,54,7
35,49,88
45,48,2
44,60,81
6,20,17
34,52,74
29,30,52
50,62,93
30,79,38
31,73,67
28,72,30
16,52,12
15,36,17
49,76,74
5,38,30
38,76,65
10,14,90
38,45,1
2,42,24
5,52,59
3,49,66
31,62,34
39,62,14
3,6,61
3,19,6
50,69,25
53,74,31
14,72,4
24,79,18
48,67,64
47,79,32
46,72,19
34,50,30
25,45,15
36,51,61
57,70,91
44,45,67
59,80,70
13,75,100
17,42,28
5,62,45
36,49,50
27,41,23
29,52,31
26,67,2
64,70,43
14,78,70
29,47,23
30,66,81
52,58,91
29,36,19
34,78,40
70,75,45
17,40,90
37,61,88
46,60,65
14,28,43
68,72,26
22,73,34
16,33,26
2,79,13
2,61,90
0,72,49
61,80,94
12,58,8
4,74,58
48,81,41
54,67,46
42,81,75
10,62,41
39,74,92
20,39,69
3,72,31
27,51,42
15,50,46
44,71,5
17,57,42
3,74,55
13,34,61
39,80,85
22,68,18
4,36,70
32,52,19
3,8,62
63,80,52
11,56,32
45,65,10
52,72,76
28,65,45
10,53,42
14,35,90
37,58,32
39,47,97
28,35,56
26,62,48
9,59,55
27,42,23
25,42,48
15,43,2
28,64,32
25,73,60
2,69,28
71,81,32
51,55,21
34,54,100
45,78,40
4,44,65
24,60,50
65,70,17
17,77,4
5,61,79
25,64,92
21,48,76
34,58,69
20,56,40
20,75,40
10,20,82
17,53,49
32,35,75
21,35,51
2,65,88
6,43,46
69,72,14
16,35,9
27,31,72
59,76,71
45,50,90
25,36,14
41,44,99
7,12,85
23,68,82
29,65,54
0,76,42
21,29,49
53,64,99
11,29,77
32,72,99
8,81,73
35,39,53
6,25,90
31,68,28
25,39,37
19,40,54
22,70,94
17,63,29
9,57,66
44,81,95
11,23,10
38,58,92
2,15,11
19,51,94
1,13,29
6,74,98
47,49,66
55,67,12
34,71,88
34,69,43
46,62,37
54,56,64
42,63,64
32,79,76
43,55,29
47,81,16
11,53,43
16,50,74
27,49,70
70,73,64
67,70,95
13,54,72
34,66,88
46,57,39
49,50,3
7,46,85
38,67,89
17,32,28
6,75,97
37,64,99
29,33,90
44,54,94
55,79,95
25,71,22
7,34,2
60,79,28
27,47,44
45,59,50
55,65,42
30,70,71
35,42,62
19,55,76
5,17,68
59,61,33
2,35,9
5,25,56
38,65,13
67,81,70
14,52,25
31,60,27
25,63,89
44,57,67
17,71,66
67,73,7
9,70,55
53,61,8
1,71,38
12,45,7
24,47,55
44,65,61
75,80,69
23,76,6
51,58,54
27,66,79
4,58,66
14,71,90
0,43,14
9,52,69
43,53,4
9,13,70
37,73,26
23,41,10
8,78,31
4,30,90
57,58,53
22,42,20
21,45,25
41,60,95
59,69,77
3,13,85
19,54,37
5,31,16
0,59,1
14,81,46
0,21,69
28,39,66
9,45,21
45,49,15
19,56,78
17,22,23
35,77,1
51,52,4
42,68,8
40,45,89
32,48,72
49,66,24
42,51,73
11,77,92
18,46,24
66,70,47
8,52,97
26,34,66
5,44,77
57,80,93
26,33,83
19,74,51
18,44,36
30,78,97
9,24,76
17,76,81
29,76,87
12,55,26
10,31,41
22,66,24
6,51,11
39,56,98
25,62,66
0,5,24
7,45,76
3,12,54
55,78,79
17,69,71
9,30,21
32,61,18
39,63,97
14,34,72
44,75,78
20,47,38
59,81,99
3,73,34
71,79,47
1,48,2
17,47,5
13,31,44
3,24,74
5,65,70
71,77,2
0,65,93
15,40,45
27,67,17
35,48,7
46,80,70
31,74,2
11,38,34
19,41,96
9,75,96
0,38,74
11,62,74
16,47,98
46,78,6
12,78,15
4,73,75
52,62,29
6,10,13
35,45,23
30,37,69
56,79,15
3,77,10
6,19,37
20,31,52
20,50,34
41,54,41
42,60,99
22,63,28
21,22,85
33,77,90
10,34,44
22,33,37
67,75,15
33,47,57
7,54,39
16,39,34
5,39,26
28,58,51
50,58,35
31,40,82
5,9,7
8,54,94
49,81,75
26,28,78
9,58,26
13,24,74
0,75,37
20,78,31
45,70,17
47,58,1
11,35,55
5,30,15
16,48,60
39,59,11
21,54,26
51,72,46
4,18,40
46,73,35
54,64,69
29,77,88
22,26,26
9,10,88
33,54,84
48,50,12
15,18,11
8,51,54
40,60,95
31,65,76
64,71,89
52,68,74
17,34,48
35,65,40
59,74,94
0,35,6
41,43,7
49,57,24
25,81,35
43,44,4
13,76,84
16,23,3
34,70,47
8,29,45
11,49,29
21,24,15
21,38,73
8,56,86
48,51,26
55,75,28
48,69,50
20,80,29
43,73,59
5,20,94
4,21,13
2,71,53
57,68,75
15,78,54
19,22,26
34,62,20
6,58,8
54,73,18
27,81,45
69,74,12
23,77,61
54,75,65
13,70,41
46,53,14
14,17,37
23,78,33
47,59,73
27,52,95
54,69,69
1,80,91
19,21,33
46,70,59
22,23,77
43,71,45
40,63,31
18,53,19
9,11,100
8,45,69
6,34,96
33,37,18
0,61,43
55,80,80
56,62,1
0,81,69
25,38,97
3,59,57
28,54,68
7,75,26
26,78,51
11,50,5
32,74,86
66,68,29
29,66,32
8,18,87
20,69,97
23,72,77
22,60,36
30,47,25
41,52,14
28,34,92
53,68,87
1,19,95
33,62,35
31,37,55
6,61,76
5,32,61
48,72,55
41,53,24
20,63,30
2,72,68
1,40,31
52,63,79
17,66,79
1,22,46
34,75,75
32,38,2
47,74,88
33,78,61
29,55,14
14,26,52
11,55,88
8,28,82
20,44,98
39,55,89
66,77,9
1,23,50
17,44,18
10,47,38
16,31,83
40,58,67
6,80,36
14,18,60
20,42,78
5,77,98
17,18,92
12,57,77
21,55,17
13,72,13
51,70,36
38,60,54
53,67,42
24,55,51
2,70,74
10,58,48
35,41,1
51,63,28
9,38,56
0,33,92
9,37,90
47,50,25
4,19,16
47,62,84
24,70,34
12,33,79
46,69,23
44,67,23
52,56,79
20,72,39
6,35,79
0,14,35
9,81,98
8,70,40
74,80,78
36,37,43
25,72,68
38,69,58
7,29,26
17,36,27
7,60,80
58,72,44
47,78,81
18,22,40
13,46,63
23,62,37
6,15,71
58,73,77
26,32,94
30,35,20
56,80,28
23,74,33
4,28,67
49,77,66
6,57,52
8,14,85
9,27,31
31,77,99
9,66,74
2,7,92
12,46,22
49,68,54
16,60,34
27,54,86
11,18,98
40,55,90
31,61,63
27,55,6
1,45,15
55,61,2
50,75,36
29,61,88
18,52,31
39,61,85
53,65,75
14,29,12
6,68,32
3,23,53
2,49,87
38,71,76
63,66,16
45,66,16
5,50,39
8,36,34
10,41,59
31,48,30
13,44,90
66,71,48
50,79,1
9,31,45
61,71,42
20,61,66
15,59,46
5,71,100
62,70,97
9,76,75
24,52,93
67,71,46
55,60,93
16,72,64
6,79,96
72,77,69
6,38,68
37,43,78
29,67,69
14,79,78
19,43,95
2,43,36
30,61,35
43,47,17
43,62,87
57,59,94
0,66,87
11,63,19
7,22,67
33,41,83
12,20,70
0,70,40
38,77,64
5,55,19
10,59,40
62,76,54
53,75,20
13,40,35
22,58,42
16,49,18
15,47,96
40,67,90
20,23,72
33,73,20
56,66,54
65,67,52
56,60,57
12,40,97
21,47,58
0,34,91
5,13,43
17,38,36
38,47,14
2,34,51
5,7,9
28,68,90
0,0,0
