12,17,61
3,29,55
1,33,60
20,24,51
36,40,15
4,37,73
7,11,27
5,24,6
37,38,12
9,25,73
35,41,26
31,36,57
4,9,19
2,19,4
16,37,95
14,35,39
1,38,91
7,40,95
38,41,92
23,26,93
4,41,70
15,25,14
6,20,30
24,29,98
20,21,5
19,40,55
2,40,80
6,10,76
5,22,18
31,35,85
6,13,87
7,20,38
30,36,73
13,15,40
14,23,19
20,37,64
9,11,40
5,31,19
13,32,27
24,32,49
5,13,92
9,36,99
28,41,52
5,12,32
1,36,28
22,41,68
20,23,53
12,19,51
28,36,81
10,41,47
10,14,9
24,27,20
3,8,43
28,37,84
12,36,13
8,28,83
9,30,58
25,28,76
29,37,76
11,32,30
2,38,99
34,37,26
3,34,86
19,28,59
10,37,79
29,31,27
27,34,76
0,32,14
6,27,56
30,32,79
21,40,25
6,33,86
18,34,45
25,35,27
21,39,59
1,10,73
15,23,12
17,33,17
13,30,90
31,41,37
1,14,82
1,27,87
1,3,41
27,29,33
18,35,9
33,34,95
26,36,54
30,41,54
21,34,82
0,20,53
36,39,16
3,40,95
12,33,15
17,20,57
19,32,86
28,35,61
5,41,25
4,16,19
8,11,21
16,38,90
13,17,76
18,41,23
6,28,55
4,19,5
16,23,38
15,41,82
19,41,6
7,36,28
16,31,53
7,9,29
16,34,14
19,31,20
26,32,95
0,38,70
12,34,53
1,37,62
11,35,55
24,26,34
5,23,64
28,39,36
8,17,49
15,17,88
28,33,64
2,8,39
22,34,26
6,41,4
3,30,2
16,27,5
24,33,63
8,25,48
17,36,46
7,23,25
3,21,63
0,23,8
3,19,3
8,24,2
25,31,16
25,27,67
1,26,8
4,39,82
10,23,45
17,18,65
13,33,7
12,23,71
5,11,22
21,30,43
11,13,45
4,14,47
29,36,55
14,33,31
19,29,12
4,38,10
3,14,24
23,29,88
12,18,58
17,26,29
12,30,85
4,21,33
22,38,8
17,39,5
15,16,60
11,16,73
20,34,62
0,39,87
15,37,92
12,25,51
25,29,93
7,14,50
29,40,27
19,26,47
2,36,29
11,17,71
30,39,33
14,32,66
23,30,53
22,23,57
17,40,87
3,10,89
1,7,96
17,23,85
27,28,64
26,30,51
10,36,50
21,22,4
26,37,66
9,41,55
10,29,89
15,34,51
2,7,46
20,22,78
1,24,33
23,27,31
19,24,33
9,14,65
5,14,17
7,33,4
14,37,67
1,28,42
6,35,65
11,26,52
10,33,25
1,16,15
11,24,89
0,36,51
2,37,38
22,36,64
15,22,69
23,41,94
10,35,41
21,29,48
2,14,78
26,29,53
23,32,28
16,40,48
21,38,22
31,40,7
8,10,10
11,36,33
27,37,72
22,31,66
4,7,57
33,36,71
28,29,49
32,39,92
9,18,16
15,24,4
16,24,80
11,30,46
37,39,52
24,41,1
9,31,52
18,40,94
2,4,35
9,28,100
13,28,90
4,15,21
3,17,82
5,8,23
6,21,90
32,40,95
31,38,11
8,9,5
16,22,11
17,30,27
10,24,98
7,18,89
3,16,70
8,39,52
7,8,93
15,19,100
35,39,34
23,36,22
31,39,48
24,28,43
32,38,32
19,30,91
18,31,63
3,4,30
21,26,85
7,37,23
3,7,70
4,13,94
0,6,92
14,28,15
7,17,95
29,33,82
3,5,41
23,38,86
0,22,23
4,28,53
9,22,63
2,16,21
0,14,16
2,24,61
12,22,50
34,38,13
1,29,24
8,36,53
21,23,13
9,16,67
16,36,82
23,40,52
14,17,1
14,29,22
11,25,68
26,27,72
12,41,73
25,38,62
0,16,24
18,36,59
16,17,67
25,41,57
13,40,21
4,27,9
8,16,89
2,15,91
10,32,64
0,41,89
10,34,59
1,35,25
2,34,62
30,34,83
32,33,20
23,37,60
3,32,78
26,40,68
4,23,84
17,34,68
19,35,80
5,9,97
5,35,7
16,41,95
2,33,87
7,10,85
11,14,65
4,35,35
33,39,47
24,35,1
13,24,28
9,40,80
22,35,59
32,37,88
20,27,91
19,34,21
19,20,35
5,37,36
6,7,17
8,27,10
8,38,2
28,38,48
17,22,41
35,38,26
9,39,78
5,18,74
13,35,12
15,40,13
20,25,11
35,36,15
12,16,47
30,38,39
35,37,55
26,31,19
5,40,92
21,36,96
18,21,27
1,18,84
3,9,98
12,13,22
5,32,38
10,16,76
2,30,98
12,39,78
20,38,48
12,35,61
10,28,55
14,21,85
6,17,71
0,21,66
14,18,97
36,37,77
10,31,1
4,26,66
3,13,10
4,6,60
8,20,6
11,34,97
18,30,86
29,34,87
7,34,80
8,33,10
8,19,97
17,28,35
10,40,79
9,12,49
3,28,68
28,34,88
10,13,46
5,39,20
12,28,47
29,32,77
7,39,10
3,18,54
0,17,9
6,29,37
3,39,42
2,13,40
13,19,34
0,0,0
