15,19,68
26,68,8
16,78,12
12,67,40
15,22,63
49,63,28
17,64,48
17,28,62
16,53,18
38,39,71
7,32,68
48,56,14
64,78,16
61,71,38
6,62,96
44,55,100
1,78,9
50,64,91
2,20,75
30,73,77
28,70,69
79,82,28
71,81,8
26,75,46
72,79,5
7,8,29
9,15,21
4,49,20
10,39,49
55,58,11
35,70,27
13,50,1
76,77,54
1,65,95
49,57,55
24,30,85
64,75,33
24,79,20
8,45,75
16,26,60
68,76,25
53,55,55
4,30,42
61,77,91
50,52,19
10,68,32
28,38,90
2,5,11
45,60,88
0,38,80
14,78,91
12,35,69
25,44,99
44,45,98
20,35,59
13,52,92
47,61,79
48,59,21
0,42,47
40,61,40
7,29,4
30,38,37
1,57,33
46,66,42
14,31,71
41,42,70
25,43,78
47,57,87
18,39,62
18,44,56
67,73,61
32,53,6
23,52,43
24,34,11
52,55,9
40,53,36
9,42,41
13,43,17
53,75,11
11,54,72
34,67,46
21,38,12
1,31,29
56,64,50
63,80,8
37,61,12
23,39,22
0,31,84
20,54,84
28,29,91
20,31,1
29,51,68
44,49,71
13,15,15
20,75,87
42,62,2
54,55,46
26,29,78
26,39,18
11,61,81
33,80,31
26,34,41
10,63,79
19,28,95
35,50,16
16,35,97
35,64,5
14,34,28
30,43,65
22,36,73
13,45,11
41,46,31
32,80,91
24,29,50
40,50,64
62,70,82
4,14,98
24,55,49
19,51,36
32,61,17
75,79,75
9,30,41
44,77,66
66,73,14
30,68,86
42,77,33
41,63,45
51,58,45
48,67,50
7,64,42
51,75,27
39,80,55
4,57,5
24,77,17
0,48,16
6,26,71
46,58,33
14,46,89
1,8,70
12,41,68
8,42,74
41,80,21
35,62,47
24,49,49
39,52,29
9,35,72
7,63,40
20,43,8
47,54,57
41,82,82
37,39,95
27,72,6
53,66,7
15,81,22
8,53,8
56,60,84
30,56,93
40,71,22
58,74,34
5,45,91
25,52,75
20,72,33
19,31,69
21,82,33
4,47,71
4,68,78
70,81,42
24,26,38
33,55,96
6,24,10
32,56,48
9,33,45
27,29,9
14,35,10
50,75,53
18,48,49
28,72,34
5,26,39
29,56,37
4,61,45
23,32,32
1,10,86
15,65,98
36,61,26
32,35,39
14,57,1
68,80,63
33,35,78
47,78,46
27,50,21
12,53,5
14,23,67
12,21,1
69,82,68
14,40,5
25,42,52
26,77,71
8,57,96
13,82,24
0,58,76
6,17,34
19,38,74
23,67,81
21,48,23
43,61,67
60,68,76
67,68,28
33,59,47
30,37,97
44,62,61
51,59,38
44,63,48
4,34,39
0,16,39
17,46,79
15,57,24
38,60,91
30,76,81
16,18,67
54,72,67
21,22,71
5,63,27
41,72,49
48,65,41
2,6,67
55,82,28
47,76,92
12,25,95
42,82,73
0,65,49
59,69,46
13,74,39
9,18,53
5,62,50
20,80,74
30,61,40
23,65,83
39,44,65
6,45,19
34,47,14
30,57,67
27,46,29
15,23,1
70,78,75
58,68,80
10,15,6
23,51,71
3,53,34
9,82,30
61,66,2
22,62,11
38,54,48
20,69,29
27,68,94
15,58,42
19,26,40
13,34,6
10,24,3
37,38,45
66,78,35
10,27,54
21,40,97
9,19,21
29,74,66
9,64,28
27,59,63
45,55,97
54,77,9
65,79,13
27,35,29
21,53,85
8,30,43
36,37,16
40,75,23
5,44,11
42,74,11
71,82,65
7,50,59
14,54,34
16,51,33
21,71,39
50,58,56
1,29,55
45,81,23
59,78,20
67,72,45
26,45,68
5,30,59
32,67,14
14,28,91
24,50,89
32,68,49
32,82,56
36,48,6
34,58,51
4,33,92
11,58,11
4,15,35
1,35,10
54,67,33
9,44,54
43,58,23
42,68,17
38,45,40
0,10,39
46,63,36
47,53,30
46,57,82
45,68,86
59,80,12
11,78,93
30,55,88
7,79,55
38,52,21
20,28,19
27,81,17
49,67,92
17,41,55
69,73,50
51,54,68
24,74,53
7,20,65
44,67,68
38,44,48
21,30,95
21,45,5
4,63,11
3,75,21
44,64,19
33,47,38
55,63,88
23,37,91
13,79,14
2,56,57
3,33,82
21,54,95
16,55,2
28,48,68
54,66,82
10,79,71
45,77,18
8,25,47
49,70,47
24,64,11
46,79,76
26,58,10
45,49,9
37,45,5
11,65,87
52,61,34
9,61,11
15,45,55
58,69,98
3,18,90
55,72,41
64,71,67
51,61,61
14,49,11
2,53,88
44,82,24
51,79,71
39,50,51
15,63,96
30,41,57
22,53,16
24,53,85
61,78,1
56,71,58
42,69,43
10,62,3
19,40,53
12,68,24
17,44,72
5,17,51
26,72,24
8,29,9
8,58,30
33,72,88
6,7,15
8,55,10
19,35,45
61,81,16
2,27,12
5,48,71
5,57,86
21,46,65
21,35,46
7,30,94
55,65,81
29,70,61
14,32,5
40,73,4
6,79,80
22,42,13
66,67,2
41,43,89
19,59,1
63,66,64
39,41,72
42,58,70
36,58,44
11,41,98
57,73,24
3,54,27
2,28,36
3,10,14
22,52,19
18,45,2
20,82,99
4,35,48
0,63,49
34,63,20
18,61,77
16,58,54
25,29,69
1,58,94
51,66,77
2,45,76
20,81,88
58,70,42
11,73,72
11,25,62
13,73,62
27,44,48
72,76,87
5,14,40
0,43,93
9,50,34
11,44,51
40,82,64
59,77,8
22,32,33
18,34,64
8,9,77
2,70,2
13,75,77
17,43,47
53,78,85
45,54,20
75,80,61
29,81,80
2,26,28
3,49,70
56,74,36
62,81,26
16,68,46
32,52,93
41,74,21
68,75,41
43,71,44
10,65,65
34,64,18
41,52,1
8,39,78
22,33,61
63,79,46
30,65,35
65,73,68
2,71,83
22,74,57
29,57,93
19,81,66
17,59,18
22,78,69
0,68,16
18,79,56
11,72,13
37,52,72
38,68,6
32,75,21
1,75,75
5,60,46
58,62,53
8,72,36
14,38,93
41,56,47
4,41,60
2,25,11
25,77,45
70,72,19
28,66,81
48,74,58
11,31,45
17,20,14
27,63,28
10,45,26
3,41,9
37,57,14
0,7,100
15,70,82
4,54,43
0,39,99
12,39,78
8,22,81
31,36,49
38,59,38
19,71,61
43,47,50
37,43,55
31,57,35
3,5,54
12,71,21
2,29,44
15,46,38
10,76,96
23,31,55
30,50,26
48,51,22
39,66,2
13,32,22
18,21,80
59,76,100
19,52,38
16,25,77
11,56,91
14,25,48
54,78,87
13,58,65
34,66,51
39,59,29
5,27,7
69,72,9
51,78,100
23,27,86
37,63,41
18,60,62
68,82,21
12,28,54
4,18,69
9,69,53
31,41,61
62,78,10
26,28,82
0,49,98
48,50,60
28,71,88
23,35,27
45,52,7
52,53,37
48,61,94
36,67,28
2,68,28
18,35,76
6,15,25
4,62,91
13,18,50
75,78,7
31,52,17
9,32,4
23,64,22
14,36,48
41,68,34
25,38,99
47,58,41
31,62,18
50,77,30
44,68,17
34,42,96
49,80,37
3,50,62
5,67,8
42,44,25
19,46,26
23,82,40
28,34,63
55,62,66
52,68,74
10,18,15
18,68,93
7,54,73
33,65,88
3,59,7
51,82,4
8,38,17
35,81,51
30,80,14
17,53,56
16,82,94
14,81,17
25,76,14
5,23,69
25,55,86
19,34,83
33,63,86
56,67,21
63,70,6
3,80,60
56,57,10
44,54,20
8,64,77
71,75,3
53,69,86
8,47,51
1,61,4
17,66,9
33,76,85
29,53,78
11,66,76
39,72,85
6,25,72
11,32,8
63,82,45
4,45,57
29,33,48
25,45,35
47,80,98
9,76,53
13,72,7
23,40,59
29,71,12
74,76,83
47,51,97
18,20,24
57,59,73
4,46,76
7,28,12
52,67,53
15,26,94
24,45,47
37,67,28
12,46,1
3,27,40
45,70,27
11,48,31
46,60,52
9,74,98
29,67,59
51,56,62
25,65,61
73,74,78
23,62,86
26,62,100
33,68,53
29,72,57
26,57,18
47,67,27
3,63,40
23,60,63
1,6,60
9,52,64
73,78,1
1,79,23
19,68,57
15,56,76
16,81,48
28,37,20
36,63,30
29,60,64
0,19,81
22,28,40
28,40,24
14,37,99
30,81,23
21,78,41
28,82,41
5,25,83
53,73,57
15,73,93
17,49,4
71,74,35
15,72,28
66,79,60
43,63,17
50,80,90
25,46,87
35,53,44
50,74,6
41,44,85
66,68,26
49,76,36
9,13,22
7,22,30
7,47,34
64,72,85
66,69,12
72,74,59
9,67,67
10,78,35
43,69,23
10,73,84
38,79,44
60,69,60
33,64,64
51,65,21
16,77,83
22,60,57
64,66,67
4,16,43
15,79,85
2,59,48
33,77,6
37,59,64
18,31,82
42,60,21
26,40,32
56,81,22
21,44,27
33,73,67
2,54,33
52,66,3
35,58,81
7,10,80
23,29,15
36,41,78
21,49,56
21,33,96
34,43,46
0,17,10
11,45,9
60,66,69
51,72,98
5,36,3
18,64,89
36,39,13
5,46,91
61,75,82
30,53,90
34,62,79
59,79,47
67,79,34
11,17,7
47,69,41
8,41,5
31,64,41
29,49,13
21,42,61
33,45,11
45,82,82
31,73,53
55,75,42
25,40,5
35,78,85
8,15,8
36,55,32
55,60,64
9,10,35
32,55,81
18,82,86
13,68,91
12,33,91
51,74,35
14,82,71
53,56,70
29,62,45
25,72,58
28,81,22
60,76,87
31,53,17
11,51,53
15,20,74
63,69,61
0,20,26
34,50,98
59,66,29
30,79,97
61,79,86
2,3,83
39,53,90
41,45,13
16,71,9
0,74,92
51,70,55
17,27,9
33,53,21
70,76,34
31,35,20
33,39,37
41,77,10
0,52,51
13,41,96
10,30,8
10,60,19
9,57,99
28,64,99
9,55,65
51,60,97
13,55,8
21,58,47
29,50,76
46,52,91
12,78,61
21,61,80
43,59,23
4,42,24
19,36,52
0,51,48
5,38,11
45,63,58
31,56,27
72,78,12
29,68,80
6,23,36
2,33,49
60,78,37
7,24,87
8,31,26
41,48,15
17,52,10
25,69,59
19,79,58
41,65,92
9,31,71
26,44,81
64,77,48
25,36,3
6,74,71
43,62,58
9,72,54
57,61,26
12,32,39
3,45,68
20,67,65
74,80,50
17,73,3
5,81,18
53,59,19
62,76,20
36,54,9
36,51,71
9,79,54
55,77,60
1,69,96
16,64,56
44,51,78
8,54,11
7,13,88
12,26,79
21,62,42
16,63,1
30,62,76
30,46,80
29,65,36
57,74,29
10,41,82
42,63,30
25,74,95
19,63,67
6,58,84
20,32,95
31,74,85
0,81,90
6,68,93
18,63,29
65,82,1
2,34,58
0,53,12
26,65,38
60,70,34
56,76,94
64,74,90
23,76,93
32,58,92
34,54,19
38,81,18
17,78,74
31,68,20
70,71,70
66,72,31
18,46,32
25,73,28
16,27,46
35,40,1
26,46,83
15,28,99
28,60,22
17,31,71
17,57,49
33,66,73
34,37,79
14,52,19
14,56,13
6,12,76
2,10,84
25,63,58
41,71,9
4,38,66
32,44,19
7,36,93
64,79,58
7,35,77
24,52,44
33,42,43
34,57,92
38,50,15
29,54,4
39,48,6
6,48,44
4,5,19
4,71,53
5,8,58
48,64,86
24,25,26
38,48,96
34,39,8
18,58,45
23,25,57
50,72,6
6,21,97
11,80,74
5,79,61
5,16,12
25,64,61
43,44,88
1,25,80
35,51,10
33,36,36
49,72,21
0,9,68
40,72,91
55,81,70
38,65,93
46,70,51
25,37,33
17,76,32
56,80,61
10,80,66
58,71,74
10,81,70
61,82,23
35,39,96
4,73,94
3,62,58
5,32,72
11,75,4
12,14,67
2,17,63
51,52,16
2,49,57
48,54,94
21,39,91
4,11,95
55,59,32
0,13,53
51,63,70
5,58,93
9,56,72
16,57,83
2,37,94
48,63,86
39,64,20
0,26,19
43,65,31
17,77,23
7,15,2
3,43,1
32,57,45
72,77,16
22,31,17
39,76,3
34,53,99
28,46,56
45,76,15
73,81,27
33,71,71
48,66,68
2,58,44
32,73,54
11,70,95
25,32,14
66,70,92
52,82,61
2,46,83
20,59,14
20,55,61
18,67,98
28,42,31
7,65,45
31,55,51
22,25,99
42,76,59
33,51,52
1,11,70
29,75,36
6,28,26
6,66,8
4,69,63
8,19,3
14,55,41
54,71,15
14,30,19
7,46,73
42,79,96
2,77,93
16,43,22
61,72,50
56,58,16
30,36,97
17,33,4
20,61,54
62,64,57
26,50,32
7,56,59
19,58,7
31,50,40
0,36,34
8,24,61
0,78,71
15,66,41
13,25,87
13,19,20
1,66,7
4,27,17
6,73,12
22,80,85
18,72,100
4,65,41
12,27,91
12,56,95
36,50,34
6,72,31
39,77,90
13,37,6
28,57,97
25,33,68
67,69,15
13,36,29
40,81,75
7,12,88
28,67,76
47,49,27
18,47,33
24,62,75
61,63,49
8,70,24
53,62,52
2,47,76
62,73,77
0,32,26
9,45,37
62,66,61
10,49,18
37,40,19
46,65,100
29,78,54
70,75,20
1,30,60
35,45,51
33,46,77
69,74,20
24,68,9
33,52,93
12,17,53
3,55,58
3,65,31
62,71,43
2,50,20
21,23,50
24,42,38
18,30,31
19,25,95
17,25,27
16,21,75
33,69,9
37,66,26
12,65,17
5,69,21
5,51,28
18,41,40
20,52,27
29,46,55
41,51,9
31,60,32
14,48,35
8,71,90
24,47,17
51,67,51
51,64,77
74,77,42
14,75,15
0,8,36
4,17,90
63,75,26
53,61,16
53,79,10
5,75,66
8,68,68
47,60,49
5,43,67
14,42,64
39,78,46
34,76,44
58,80,93
32,39,71
3,52,100
21,47,41
17,18,79
10,31,86
10,52,11
37,74,83
16,75,10
1,20,14
12,44,23
1,26,88
10,71,28
0,69,74
8,23,5
50,66,30
10,61,20
3,42,28
10,77,4
57,78,44
7,66,85
60,77,70
6,37,27
38,41,58
24,70,19
47,56,70
5,49,95
63,65,3
6,10,82
48,52,87
24,54,63
16,46,97
71,72,71
29,31,26
27,80,76
6,19,81
62,65,58
19,53,93
19,61,32
23,34,48
12,63,54
24,69,69
9,46,38
41,60,87
42,53,36
44,60,17
9,16,5
3,47,98
77,82,65
31,34,2
40,60,20
23,43,35
9,75,7
31,69,57
11,79,45
70,80,23
19,44,43
0,72,13
12,40,91
19,39,30
30,72,80
25,62,55
25,57,17
17,38,12
19,54,20
38,49,76
63,67,58
15,50,16
2,31,60
24,32,66
1,72,22
19,56,13
26,32,9
41,50,64
29,52,75
32,45,54
1,73,34
30,74,90
18,71,88
7,68,34
22,71,35
48,73,57
49,64,38
28,51,69
39,46,2
27,67,41
64,73,90
2,32,100
12,30,30
6,22,85
50,67,16
4,21,66
5,9,63
14,39,6
63,64,85
57,77,9
48,58,70
16,62,71
22,43,27
5,22,34
26,49,30
29,66,24
19,24,32
61,76,26
50,61,82
49,60,48
4,58,28
38,47,6
0,77,54
54,58,64
3,23,16
22,38,48
3,39,11
78,79,72
61,69,71
3,35,67
0,61,24
44,78,34
8,78,19
37,49,76
55,71,90
37,79,89
59,61,76
11,47,16
3,44,76
42,73,33
25,54,60
21,57,61
14,80,4
35,41,58
43,66,97
8,13,73
7,62,8
3,14,76
1,28,59
31,40,35
10,42,10
49,56,65
16,73,73
36,42,42
18,27,96
14,68,10
16,69,19
16,30,21
1,67,67
48,77,74
37,54,88
5,11,89
7,71,21
49,50,49
50,57,85
16,22,9
36,75,78
10,21,31
49,52,30
25,51,99
49,75,5
63,74,5
4,67,44
21,74,73
13,23,95
47,62,13
39,45,21
18,33,32
33,44,31
54,75,44
21,64,42
61,80,43
2,14,95
4,70,23
36,76,52
34,68,44
20,41,31
22,46,82
34,48,54
2,30,9
2,12,80
14,64,37
7,11,98
57,71,41
20,79,22
11,64,66
66,74,94
8,49,20
50,70,85
2,52,40
9,20,39
15,36,31
22,68,4
14,43,83
16,32,77
35,79,67
10,46,47
48,57,66
15,52,94
20,38,21
18,51,43
2,13,36
31,65,94
11,30,34
54,63,45
16,24,49
53,81,60
55,74,62
7,70,63
37,64,91
49,55,20
29,37,8
62,68,74
28,61,93
17,79,93
14,77,26
59,73,70
5,20,21
39,60,91
49,62,37
63,71,93
61,73,4
25,78,59
1,12,31
28,55,80
4,72,49
27,75,83
65,77,14
39,49,81
18,66,94
4,23,52
13,17,24
29,38,67
22,47,64
16,36,19
2,74,42
8,14,51
44,81,100
54,73,74
33,60,33
9,71,44
56,73,30
11,60,83
20,22,31
1,43,6
13,70,59
21,41,77
14,53,47
13,69,94
17,40,84
41,69,2
53,82,55
13,67,94
56,68,82
20,62,72
32,34,31
57,60,61
16,23,71
3,60,9
68,79,24
42,72,55
34,44,56
27,78,62
31,39,70
14,17,94
11,36,21
48,62,100
6,57,85
6,35,34
17,34,51
33,74,12
58,59,76
5,7,27
2,44,14
14,33,69
31,66,69
3,20,69
53,58,64
46,67,92
35,77,72
44,59,95
36,38,34
16,47,41
28,32,41
43,73,69
16,37,32
21,68,40
48,80,58
37,41,79
3,67,12
5,72,61
43,74,11
63,81,60
45,64,81
43,72,13
2,73,93
35,43,10
13,65,81
39,47,7
47,74,68
9,17,9
6,64,88
32,50,98
10,26,35
6,40,50
4,80,61
21,70,84
53,64,2
24,56,72
27,70,87
5,39,72
52,71,16
34,65,4
33,50,94
28,74,79
48,76,61
16,76,34
12,13,100
5,29,60
62,74,30
39,81,17
11,63,28
15,25,68
5,47,7
30,52,84
27,57,55
4,20,55
6,38,91
2,43,45
68,70,77
21,81,69
66,75,79
49,73,22
17,72,11
62,80,86
65,68,98
19,32,89
58,76,46
30,69,89
15,18,83
23,46,18
16,34,41
3,79,29
48,71,21
11,16,61
9,39,74
2,51,4
15,60,98
7,25,80
6,59,32
3,58,29
30,58,28
10,12,81
46,56,53
24,76,70
38,75,17
5,10,53
34,74,39
55,66,72
15,40,67
31,32,36
6,82,61
19,69,77
15,80,53
11,43,57
0,80,58
42,51,28
12,66,65
70,79,30
4,12,57
14,67,15
18,40,39
12,23,50
17,35,52
11,34,58
63,73,69
55,78,15
32,71,50
52,75,82
18,80,20
3,70,37
11,35,20
22,65,97
11,23,29
40,66,64
6,69,78
1,13,41
19,76,29
39,42,67
21,32,4
12,69,39
26,54,68
27,74,97
8,36,4
7,80,75
5,68,30
18,65,36
46,62,58
5,55,26
49,54,80
19,42,16
55,70,75
17,39,8
27,82,9
64,70,78
21,37,94
2,76,23
0,50,38
40,80,22
45,53,62
41,76,23
76,79,10
55,79,42
5,80,43
51,55,98
36,79,6
2,61,53
34,71,39
20,49,89
10,34,19
12,77,22
26,76,84
20,78,78
44,75,38
39,75,65
9,29,79
23,28,74
38,42,29
7,16,4
28,68,2
57,65,6
62,72,14
6,63,53
46,72,12
30,49,99
9,51,5
36,59,2
36,62,72
19,49,45
3,66,63
1,16,94
23,59,55
16,74,4
16,38,94
73,75,92
30,67,26
29,40,98
29,76,10
56,65,26
7,58,37
9,78,68
11,12,81
18,38,16
50,54,54
46,73,64
50,55,35
9,47,88
7,55,47
58,77,57
11,40,32
1,3,55
5,53,2
24,75,16
58,82,98
26,64,35
66,80,1
10,28,37
34,75,17
41,61,12
7,9,41
60,72,48
12,42,64
32,66,5
72,80,76
18,24,36
37,75,28
8,26,24
10,51,50
19,55,41
36,73,26
0,46,59
35,61,5
52,58,74
31,49,93
8,11,77
3,37,44
45,62,7
13,40,59
65,78,41
4,79,25
25,35,35
6,33,95
1,23,55
12,58,72
3,48,43
11,15,50
20,23,23
19,74,15
45,57,51
60,61,10
63,78,84
41,47,49
27,79,90
33,41,93
56,63,64
1,17,38
39,56,8
4,32,99
13,63,91
0,56,19
25,47,34
32,79,49
7,61,48
4,37,68
27,56,72
13,33,88
0,22,93
15,33,14
17,74,43
21,34,61
40,77,75
66,71,87
16,40,96
60,64,63
37,53,51
1,47,51
71,77,79
0,55,93
40,69,76
2,60,69
30,44,1
29,30,65
23,33,59
42,61,60
13,31,42
36,44,62
42,59,73
67,71,2
64,82,69
37,48,22
18,54,99
5,19,53
5,6,41
45,67,48
26,63,48
13,42,47
44,53,53
7,27,90
9,68,52
24,44,50
69,80,68
11,37,72
1,80,39
35,67,49
20,25,98
32,47,98
38,67,72
47,50,51
28,45,84
44,57,10
59,70,61
13,80,82
46,69,35
32,70,25
7,33,36
53,63,40
39,70,100
45,51,12
2,57,79
5,65,18
43,68,25
28,35,3
10,55,51
63,72,20
18,77,58
7,77,38
14,71,68
78,81,46
35,76,93
52,81,59
1,42,44
45,73,25
26,69,38
12,79,37
38,46,16
8,21,33
59,64,61
59,75,62
65,67,45
10,58,98
8,80,20
11,22,96
23,77,82
13,60,85
8,51,77
9,37,52
7,31,70
60,80,40
0,67,2
65,70,61
42,78,14
24,28,29
29,32,68
76,82,78
4,31,37
5,64,13
43,45,89
8,48,31
24,51,71
11,57,43
21,59,71
46,59,1
75,82,85
0,1,35
12,36,62
22,37,14
34,35,48
55,57,34
8,37,56
25,48,8
35,42,53
3,38,80
27,31,43
6,27,71
12,43,60
4,6,34
32,78,21
30,60,65
38,80,88
27,66,89
29,77,96
20,53,39
41,78,2
6,52,23
3,71,59
50,81,28
59,81,7
41,59,17
0,62,7
18,49,28
10,47,91
52,72,3
30,33,91
61,64,91
14,59,99
46,54,66
39,73,53
56,59,83
1,60,8
15,78,85
22,72,23
26,41,60
17,60,78
23,49,31
8,67,65
68,74,52
27,32,24
74,82,55
40,44,63
46,68,70
44,61,88
43,57,33
22,63,47
16,29,47
30,47,38
54,64,10
40,42,48
26,47,24
28,80,88
53,76,18
25,26,21
23,78,2
38,56,28
48,53,82
31,45,61
25,49,49
64,76,52
45,72,57
31,44,49
43,60,17
2,11,84
77,79,27
36,57,56
70,82,86
42,49,55
2,15,80
61,67,29
42,71,90
22,35,69
26,71,6
8,43,85
40,49,80
12,76,43
14,29,6
33,34,55
9,65,42
20,45,89
77,78,66
44,65,27
21,60,54
8,63,48
19,77,27
9,62,84
34,61,35
10,50,58
11,27,97
16,61,79
14,62,67
22,50,42
47,55,80
23,41,96
23,69,23
8,61,44
43,53,61
53,72,13
24,82,81
24,27,45
56,78,92
27,54,41
7,59,40
0,35,74
16,20,22
7,26,44
68,77,85
14,69,2
1,53,76
12,24,89
45,46,46
47,64,56
49,66,3
35,37,79
8,35,81
58,65,45
40,46,46
60,82,22
2,38,72
44,79,44
19,70,37
13,28,48
10,82,85
52,74,88
67,70,78
3,17,2
13,39,96
48,72,36
25,79,95
65,81,54
43,55,94
21,56,23
15,30,25
2,22,11
34,36,85
20,58,95
22,64,55
57,58,58
38,58,80
26,30,48
41,64,2
15,32,59
8,59,30
20,48,82
1,46,31
29,64,67
1,63,69
4,48,66
12,45,14
1,7,93
9,41,12
34,69,1
26,66,93
1,32,52
41,49,79
38,78,75
49,82,23
1,55,67
46,51,83
19,62,84
29,34,49
10,75,63
19,60,2
3,51,49
0,76,96
1,51,77
40,79,4
6,49,34
34,59,20
2,36,72
47,68,69
10,35,45
47,70,14
54,79,67
59,62,46
3,74,10
21,25,27
67,77,58
6,41,67
4,74,58
11,77,86
6,29,90
1,59,4
11,68,14
33,57,65
5,50,26
65,72,13
3,69,68
52,56,92
12,61,70
18,50,71
17,56,81
45,75,29
35,36,31
2,39,95
15,16,71
16,72,91
27,34,84
6,51,23
30,51,28
42,70,96
62,79,56
6,55,74
29,41,71
30,34,49
56,69,44
4,39,62
12,16,84
48,49,89
33,40,34
14,20,75
28,78,86
60,73,30
78,82,99
37,70,25
2,65,54
3,81,13
40,59,97
30,59,4
40,63,47
11,42,79
36,65,22
56,61,20
6,77,98
23,24,40
5,74,7
1,81,49
9,48,39
24,40,44
9,49,61
16,67,1
31,37,67
18,25,8
71,76,66
10,40,17
43,79,22
35,71,12
1,27,67
25,28,81
41,62,46
6,14,84
1,36,84
0,37,89
73,76,83
6,50,86
35,49,58
22,77,7
14,51,37
43,48,87
27,36,78
5,70,70
36,60,47
39,71,68
17,23,31
3,34,30
25,50,40
27,49,71
14,50,74
0,40,32
17,55,39
17,22,100
19,72,71
65,69,22
22,44,20
55,76,51
76,81,55
68,81,81
80,82,59
11,38,53
64,65,41
52,80,20
19,65,7
15,17,79
15,44,28
3,8,62
22,73,62
21,29,64
10,57,98
37,71,97
15,62,67
27,77,57
28,47,58
37,62,66
22,58,58
33,81,87
81,82,45
25,66,24
17,80,33
23,72,80
27,37,2
23,58,84
12,47,97
20,66,87
58,64,23
16,60,28
24,59,45
44,66,15
11,24,75
17,47,68
9,60,13
24,31,75
45,78,78
7,21,96
40,54,43
5,77,91
20,50,20
72,82,46
6,11,61
57,63,58
59,63,81
18,36,19
15,75,8
20,77,73
29,80,10
61,70,42
23,68,13
13,24,12
16,79,77
27,65,87
37,51,42
9,34,41
31,54,80
22,59,39
51,62,76
31,71,41
10,14,75
12,57,42
14,16,43
8,12,24
23,70,48
1,64,44
43,78,70
16,56,66
10,74,61
12,80,99
13,48,79
3,32,68
35,57,54
28,79,46
2,80,9
10,16,53
21,80,95
14,72,55
3,15,58
34,78,31
10,33,47
5,73,88
6,34,98
16,48,83
28,59,84
27,28,48
0,71,85
16,54,33
22,81,66
20,42,43
15,71,88
18,78,74
6,44,21
57,75,65
17,70,92
21,28,52
15,43,99
33,70,10
18,32,18
17,26,68
4,9,59
4,24,76
7,18,17
16,66,22
10,59,87
31,67,38
69,70,80
43,81,14
12,49,67
11,50,49
47,66,99
15,48,90
21,67,59
42,57,30
12,81,50
23,38,71
34,80,20
27,76,66
55,61,76
28,43,29
23,74,46
69,71,35
23,57,55
29,47,20
18,22,82
50,73,48
27,33,43
3,22,23
12,82,55
34,38,43
38,71,80
52,54,82
38,53,40
50,79,4
3,61,100
43,80,34
24,35,92
40,68,59
32,49,36
22,40,27
0,27,60
8,56,18
45,65,78
36,46,73
59,67,55
51,57,9
35,47,2
4,50,51
3,9,94
5,78,30
17,21,53
7,78,86
0,66,45
16,52,1
3,30,14
43,46,2
41,81,35
36,47,73
9,53,57
12,74,14
17,58,83
4,76,77
35,73,73
18,81,66
1,38,52
33,56,23
22,82,75
41,57,71
20,24,1
0,59,32
13,44,48
44,70,65
17,37,41
19,75,64
45,58,78
7,57,53
72,75,80
59,60,75
23,81,71
32,77,3
45,59,48
13,46,65
38,40,36
39,79,77
14,15,40
8,52,92
51,69,83
52,64,19
45,66,24
31,72,100
42,46,83
0,73,18
48,68,44
14,63,43
17,69,18
7,45,65
31,42,3
50,65,24
3,11,33
3,6,50
40,51,81
40,52,57
13,53,62
28,53,94
39,67,50
25,31,12
24,37,41
27,41,22
74,78,57
30,54,48
8,27,44
62,67,1
21,36,100
38,77,19
60,74,84
36,40,97
34,55,93
4,81,47
49,51,1
30,45,53
15,74,27
15,68,58
37,44,54
27,45,49
63,68,93
34,40,26
53,60,6
33,38,67
23,50,66
12,75,4
3,13,55
9,58,88
30,42,12
72,81,77
8,20,50
75,81,60
0,45,13
13,51,30
54,68,4
18,74,25
49,53,74
1,45,22
3,68,44
22,55,4
69,77,80
21,52,94
23,73,9
31,47,21
17,71,45
44,50,43
73,77,55
23,63,57
56,77,13
6,18,38
25,58,1
31,43,40
6,9,43
26,67,3
50,69,93
11,21,96
14,65,47
5,34,98
20,57,34
3,24,64
42,80,45
5,24,50
15,53,38
4,53,52
28,62,67
39,68,55
27,51,21
61,74,9
33,43,78
6,54,43
28,36,13
1,18,43
10,64,14
6,67,91
48,78,3
42,50,53
21,69,36
32,33,2
35,55,59
16,42,97
41,79,58
32,48,46
53,70,84
16,19,85
51,73,2
6,81,54
26,81,34
57,62,63
32,69,70
9,28,92
18,59,43
0,82,45
26,42,51
16,41,2
13,35,33
7,14,48
41,73,35
48,70,7
65,76,59
10,19,18
36,66,63
72,73,6
0,15,59
34,70,50
1,14,28
9,73,16
19,20,51
47,73,61
0,14,89
34,45,58
32,65,33
18,70,79
2,4,32
28,30,47
8,17,100
3,28,17
22,54,84
0,5,80
24,66,98
26,59,39
31,59,60
15,42,99
19,23,42
2,42,47
45,71,39
39,62,7
8,33,6
27,61,91
9,23,15
11,46,3
26,73,95
2,48,1
43,52,4
19,64,65
36,53,53
67,82,89
40,65,64
30,40,74
43,70,48
64,81,10
17,75,13
3,56,9
54,56,14
8,34,23
36,56,29
18,57,50
13,27,56
37,56,34
24,41,96
1,68,14
32,36,71
56,70,9
30,78,17
54,57,21
30,70,56
7,34,85
17,48,94
73,79,39
11,67,75
27,69,100
8,66,74
13,38,72
26,55,39
20,33,8
54,61,91
3,46,50
6,32,25
35,38,60
32,63,38
16,59,18
6,65,62
46,50,14
54,70,1
5,82,80
8,65,94
44,71,2
19,30,11
65,74,37
35,60,53
56,66,5
37,60,11
40,45,91
7,73,35
46,47,17
40,55,64
34,46,91
12,15,52
1,21,2
55,73,65
69,76,20
20,74,9
1,54,43
20,39,83
6,31,43
0,24,83
22,34,52
24,46,15
4,78,72
6,70,14
33,61,15
1,41,17
6,78,52
77,80,23
61,65,99
7,38,52
40,47,73
23,45,5
3,36,24
19,21,68
50,62,7
9,81,49
25,30,79
19,82,6
33,49,5
15,35,68
12,73,25
5,41,8
23,71,35
69,81,23
21,79,35
20,64,27
8,73,75
11,18,73
44,74,79
8,16,34
59,74,63
0,47,69
36,43,10
9,11,43
4,60,87
1,5,69
1,49,64
14,61,37
69,78,13
54,81,74
39,65,68
26,82,27
23,75,48
6,46,15
57,76,9
53,71,74
7,75,60
7,17,87
39,74,55
1,2,10
7,37,48
14,76,51
8,75,98
52,78,66
53,77,98
36,70,51
5,40,36
19,66,53
47,72,54
18,75,31
11,59,81
44,52,85
23,30,21
16,45,66
30,75,37
27,42,17
47,52,100
29,58,21
1,71,49
11,52,37
23,53,52
36,78,81
1,77,24
0,79,78
5,18,10
53,74,11
22,23,99
39,82,62
53,67,79
6,76,97
42,52,47
67,80,12
15,67,52
13,30,13
19,37,94
77,81,61
13,62,18
60,62,100
15,47,7
46,80,55
5,54,18
33,37,84
6,61,33
10,11,10
28,44,26
4,82,86
49,65,93
15,61,75
32,72,76
5,56,51
44,80,76
11,28,87
27,71,53
7,69,82
12,55,93
48,55,64
45,79,99
2,72,38
4,44,5
36,69,7
8,46,69
22,51,91
7,81,54
5,76,9
2,67,86
27,47,53
38,62,27
37,47,40
24,39,89
37,58,29
21,27,77
20,36,84
5,28,94
44,72,100
32,76,93
24,36,98
2,69,40
44,69,61
25,41,28
51,77,44
10,29,85
18,28,5
19,43,68
10,69,15
10,20,74
9,14,12
56,82,69
29,61,15
28,49,100
40,67,98
68,78,74
60,81,99
55,69,77
75,76,50
5,31,34
5,33,40
17,82,28
68,69,8
16,50,24
58,72,69
43,77,6
13,22,97
22,70,89
36,74,87
4,36,9
6,39,71
3,21,62
16,31,89
43,56,19
11,49,43
50,82,8
1,52,96
60,79,7
32,38,64
7,19,66
0,6,96
20,70,48
39,63,34
3,31,100
19,33,63
13,29,87
13,66,98
9,12,60
55,56,74
19,73,57
12,62,58
71,78,39
31,46,97
37,55,18
26,53,29
9,22,33
24,48,90
17,24,25
28,31,86
4,40,19
22,67,77
25,61,81
44,73,21
26,33,96
43,50,90
32,41,61
62,77,67
8,77,100
0,12,95
29,55,78
70,73,49
13,54,43
61,68,36
45,61,78
67,75,24
20,73,85
31,77,2
21,77,79
60,75,95
28,75,41
40,78,21
74,75,28
0,4,37
10,54,37
57,80,58
41,75,17
0,23,56
40,43,36
26,56,6
14,60,39
0,70,83
4,52,94
15,27,43
21,43,31
5,61,31
42,43,72
51,76,48
38,57,59
57,79,9
2,24,74
71,79,77
18,29,96
11,29,20
2,82,22
31,79,47
41,67,41
58,81,100
46,77,17
26,61,86
36,49,3
31,33,21
35,54,54
46,53,79
8,76,15
67,78,78
31,48,87
14,21,8
57,66,36
12,19,2
9,80,8
21,66,25
9,27,9
39,57,70
38,51,72
1,19,70
20,46,85
50,56,44
7,76,98
32,46,93
3,72,6
41,66,26
27,30,34
56,62,6
11,20,9
46,82,97
9,59,51
33,75,17
13,61,60
1,9,2
37,65,14
10,70,60
25,71,6
31,78,65
1,56,32
16,44,82
31,70,28
0,11,28
44,56,25
10,48,80
5,71,75
2,78,60
35,68,30
26,60,28
3,57,93
35,63,52
27,60,7
54,80,98
29,59,31
1,40,96
35,75,30
38,55,25
28,56,50
22,69,34
25,68,73
21,31,7
4,51,18
34,73,64
26,27,59
38,69,28
45,50,35
16,80,78
32,40,14
51,68,32
36,52,67
50,76,56
14,66,47
33,48,67
4,7,63
1,34,91
0,60,3
39,55,76
44,46,19
2,63,92
15,49,91
24,57,8
64,67,63
14,26,86
12,37,13
64,80,88
35,46,67
37,81,84
30,77,36
54,65,15
2,55,33
30,66,28
17,65,87
64,68,74
67,74,28
10,53,45
27,53,83
15,77,43
1,82,4
10,17,41
9,43,1
2,41,94
73,80,46
20,21,22
29,39,65
33,62,24
33,54,17
29,44,90
12,48,77
0,18,28
25,67,58
25,81,90
19,22,40
4,64,32
6,60,13
8,62,36
2,81,71
13,49,13
54,62,85
7,44,98
20,29,77
67,76,11
38,70,94
19,78,16
19,57,70
8,50,68
40,70,51
2,40,23
6,53,3
6,36,42
20,27,2
15,54,72
4,26,82
52,69,56
66,82,19
52,65,62
40,76,13
10,13,58
52,70,88
39,61,10
4,28,19
25,80,85
24,67,85
11,81,86
13,20,92
0,75,40
31,63,13
8,82,41
47,75,25
24,81,42
2,16,16
0,28,32
7,74,41
1,48,3
46,76,11
18,56,47
16,39,3
66,81,71
48,82,91
11,19,76
52,60,76
74,81,8
29,43,33
20,71,80
40,64,95
5,52,17
29,42,50
26,78,42
13,26,98
37,46,4
48,69,37
50,71,10
10,38,57
31,80,81
46,49,64
43,76,59
14,24,40
28,58,89
9,21,9
54,76,39
7,52,24
39,40,26
14,73,31
5,12,83
20,60,45
14,27,67
12,18,88
22,45,9
46,78,6
47,48,1
14,22,40
25,59,57
43,75,68
46,48,57
20,63,30
66,76,27
10,56,86
4,77,45
33,79,56
12,70,88
53,57,30
62,69,56
9,77,64
8,32,61
10,43,2
27,52,10
45,48,47
55,68,73
40,62,90
19,50,22
49,69,23
13,57,9
4,8,32
14,74,4
58,60,22
15,34,65
28,50,8
25,34,16
9,54,43
17,54,67
53,80,69
65,66,93
3,29,16
13,47,40
15,37,1
29,69,33
40,57,97
10,25,81
6,80,13
9,40,64
59,72,76
17,45,67
43,54,52
36,82,38
49,61,15
25,39,50
45,69,41
3,40,73
13,21,85
11,55,18
45,74,89
57,72,95
12,29,80
17,67,98
33,78,36
42,48,28
13,14,13
3,26,80
3,4,4
25,75,7
15,55,52
6,8,19
7,67,21
13,81,64
20,76,74
38,74,83
37,73,33
10,36,73
15,38,49
2,62,87
20,68,78
10,22,20
56,72,27
12,50,26
46,64,68
41,55,34
22,30,28
58,73,69
12,31,12
1,15,34
17,81,81
39,58,66
22,26,35
14,19,20
38,43,14
12,72,36
29,36,81
36,64,25
15,59,59
10,37,58
58,66,45
18,69,33
57,68,27
41,53,13
23,56,29
16,33,88
29,45,52
9,36,87
4,25,35
22,66,15
17,63,4
42,67,75
15,29,24
36,80,59
3,12,30
45,80,83
18,53,2
0,2,13
6,42,9
7,82,86
15,82,15
37,76,25
4,29,27
14,45,1
57,69,25
28,39,23
8,74,10
31,58,52
2,21,55
10,72,74
23,36,2
22,76,31
12,59,20
24,33,1
3,25,94
5,35,56
48,60,67
34,81,46
39,43,23
11,62,17
1,74,33
50,63,99
47,59,38
18,23,90
8,10,96
50,53,47
35,52,100
5,13,62
24,43,4
45,47,42
16,28,92
32,60,81
58,79,51
25,53,98
17,29,99
21,72,31
11,69,37
5,21,47
49,71,54
24,80,81
2,79,40
51,53,8
46,81,92
11,76,26
32,51,78
22,24,84
7,43,31
42,75,100
38,73,28
69,79,74
51,81,64
57,70,14
23,47,10
10,67,29
26,80,23
23,54,93
32,64,27
17,61,31
1,50,22
49,58,28
65,71,24
1,33,31
31,82,88
36,71,79
37,42,79
27,64,95
42,54,13
14,47,6
46,74,12
4,75,68
30,32,13
38,76,9
9,24,87
7,51,94
47,77,76
61,62,15
23,79,36
70,77,56
27,55,97
21,50,44
19,48,6
37,50,49
31,51,19
18,42,23
63,77,22
27,40,43
37,82,43
43,49,40
20,47,45
22,56,34
9,25,5
30,82,40
0,25,59
24,78,44
14,70,61
67,81,92
6,13,39
0,3,78
59,82,91
19,29,83
28,77,78
42,47,90
75,77,65
14,79,10
48,79,8
80,81,26
36,77,76
30,48,39
0,41,52
1,24,34
2,8,78
60,63,33
7,23,71
54,74,52
76,78,6
49,81,21
32,37,31
21,63,45
12,64,66
9,70,98
23,44,83
41,70,90
6,43,3
26,52,35
65,80,93
25,60,55
4,10,36
0,57,65
44,47,100
34,41,83
11,71,94
29,73,39
35,56,34
20,40,42
26,79,80
13,76,84
2,7,27
35,59,64
40,48,65
50,51,42
43,82,57
60,65,23
15,41,23
23,42,83
26,38,98
6,71,31
5,66,46
38,64,63
68,73,1
74,79,55
3,76,17
39,69,3
52,57,38
7,49,98
42,45,15
7,72,34
42,56,96
10,44,77
30,39,36
24,38,40
18,37,69
38,82,79
7,41,21
45,56,47
22,48,53
48,81,57
19,41,44
29,48,77
31,38,51
76,80,17
26,31,70
42,66,2
0,34,77
33,58,33
30,71,6
38,66,44
57,81,73
4,22,31
78,80,89
8,81,58
64,69,36
6,75,34
18,26,28
37,77,94
3,7,70
15,39,40
21,73,98
32,43,71
21,75,38
35,82,61
60,71,9
6,16,60
0,0,0
