24,72,58
11,38,73
15,66,35
46,69,46
30,57,46
32,38,41
20,71,91
62,72,31
0,68,57
29,51,85
32,69,90
62,66,21
0,35,38
7,30,37
28,67,20
58,69,19
24,76,87
17,67,53
11,19,27
18,64,10
8,36,46
20,57,46
22,54,5
29,33,73
12,13,72
35,77,25
30,67,14
36,59,32
0,28,67
1,59,53
12,28,91
12,17,45
6,72,23
4,65,77
9,29,47
39,75,24
6,52,3
33,50,84
40,54,92
27,34,16
10,37,1
10,40,19
7,51,77
41,63,86
52,59,70
13,58,36
11,29,76
15,41,41
12,35,88
11,65,30
44,60,95
43,67,8
6,61,65
30,64,54
34,76,11
45,74,71
19,54,85
0,12,38
55,71,64
12,64,52
42,52,33
18,67,26
17,39,73
43,56,69
23,29,62
16,55,56
61,65,94
16,53,23
5,69,46
12,63,92
25,69,17
20,28,1
13,49,3
61,68,7
22,32,84
16,72,75
44,46,72
3,52,35
6,13,7
16,21,85
6,31,26
59,76,84
38,57,81
34,58,63
34,66,89
8,20,18
13,14,2
48,61,95
9,13,92
2,11,95
15,25,72
51,72,17
29,42,44
17,55,80
6,29,99
49,71,57
25,73,83
11,56,63
42,54,24
30,42,20
32,36,27
71,74,7
10,35,38
39,73,70
21,47,19
5,35,3
21,57,49
17,44,67
39,42,96
35,54,6
30,39,20
1,5,37
40,74,47
7,67,19
2,6,29
3,76,23
55,73,33
17,46,65
45,69,79
11,24,92
61,71,88
18,61,51
20,37,77
39,52,21
46,49,88
62,68,17
51,53,85
15,22,65
41,74,68
68,69,3
12,62,46
61,63,60
20,73,85
27,75,82
44,64,92
6,23,49
11,66,2
3,12,55
50,61,83
15,53,81
29,76,93
54,56,40
2,45,91
62,77,65
27,57,13
7,47,77
48,55,50
29,30,46
7,18,2
5,14,73
24,67,23
37,50,67
22,36,67
9,75,43
33,77,83
8,67,24
18,54,82
7,36,97
41,55,86
72,74,38
55,56,80
2,3,40
7,19,42
11,68,14
11,26,98
2,33,48
17,31,87
1,75,47
30,66,47
5,18,62
32,34,40
2,34,11
37,69,67
8,10,63
20,62,88
10,67,43
16,17,47
40,61,23
16,47,58
8,13,85
40,68,7
63,65,31
1,24,20
38,41,5
14,16,40
49,53,52
20,39,48
5,11,73
24,60,76
57,58,74
46,53,66
51,66,70
7,68,53
9,17,2
50,59,47
24,25,42
12,53,69
3,22,11
21,34,55
17,59,75
38,73,64
2,10,49
24,26,43
46,48,60
73,76,95
3,29,37
48,56,32
28,29,8
44,74,11
30,65,26
22,41,43
27,36,74
63,68,38
21,62,9
27,54,1
70,77,40
1,39,1
56,75,31
26,34,99
46,77,19
12,43,75
5,37,18
6,70,45
38,74,64
23,52,43
23,57,73
7,21,45
6,57,72
4,20,28
25,38,45
54,69,46
5,31,61
52,56,26
13,64,64
40,73,62
17,58,99
20,66,6
57,66,69
52,62,27
4,31,1
6,7,64
5,61,87
3,15,51
38,67,54
15,52,2
18,50,89
31,71,39
39,59,64
59,67,77
33,62,52
25,63,53
12,24,5
32,55,48
8,73,91
1,72,82
3,54,61
18,22,62
34,71,4
34,68,98
19,27,57
37,45,96
71,77,24
42,51,1
22,28,23
3,37,42
5,25,49
9,42,94
1,77,32
0,67,2
6,24,41
24,38,69
17,48,19
64,71,31
6,20,41
10,30,3
42,45,17
45,51,72
39,69,68
4,27,75
28,55,54
53,56,72
61,73,92
25,65,27
7,77,59
41,42,92
13,76,23
20,47,88
56,77,73
28,54,5
5,43,48
11,74,75
37,67,100
30,69,11
14,57,53
32,72,34
34,67,76
61,70,60
23,39,28
14,75,52
2,15,52
15,45,68
4,38,66
35,72,73
7,34,97
65,67,46
4,7,47
7,26,62
36,54,38
28,61,77
28,33,7
25,59,77
23,58,90
37,64,15
2,66,44
32,66,56
27,38,11
38,76,72
23,71,46
4,72,70
29,36,33
25,39,9
9,39,60
8,66,7
3,17,73
9,65,46
24,32,50
42,74,85
0,43,60
22,33,67
6,28,37
19,25,14
2,7,41
9,43,18
64,67,77
0,70,65
58,63,62
0,66,65
29,64,40
34,48,83
0,7,52
9,58,54
14,24,82
31,33,56
19,55,29
67,70,17
26,53,53
29,73,58
50,72,16
37,75,64
36,62,67
22,39,59
18,57,32
26,58,43
11,21,36
27,32,62
1,10,88
16,68,97
1,53,45
65,74,72
69,77,90
45,61,30
34,57,55
15,70,42
25,35,30
16,30,72
21,24,92
17,21,25
21,56,72
14,55,67
10,13,16
18,40,54
18,33,54
1,70,24
35,38,23
4,70,36
21,68,43
3,62,10
45,50,4
38,61,54
7,53,93
19,31,88
0,29,16
51,63,78
46,73,45
52,58,9
16,44,50
26,60,4
39,70,89
24,35,91
8,59,18
27,40,33
55,75,11
50,52,8
63,76,44
19,62,73
50,55,23
26,68,66
0,50,40
28,56,20
62,63,4
10,58,28
4,26,73
18,63,88
24,28,70
55,59,45
31,35,33
31,37,37
25,71,77
20,65,10
6,73,33
8,22,19
8,56,54
12,55,50
13,34,46
1,69,37
15,21,100
11,53,51
28,76,40
2,58,10
25,30,34
26,75,80
54,59,64
12,48,69
0,32,99
44,72,21
33,51,64
11,73,32
68,73,89
26,35,62
25,45,87
29,43,23
1,27,82
12,30,92
9,46,5
17,22,45
53,63,67
9,15,97
11,45,77
63,73,20
20,63,44
12,73,91
11,28,44
0,40,91
7,35,41
55,69,24
65,66,37
8,57,84
18,55,83
18,71,38
43,51,80
21,43,70
54,74,22
1,13,81
39,77,69
4,57,92
3,27,93
4,30,64
7,9,93
45,68,44
32,75,72
24,71,91
4,42,86
41,70,40
46,63,39
51,61,4
4,41,32
34,38,52
19,65,16
52,70,96
56,58,2
16,49,12
1,2,47
61,67,97
13,74,76
9,77,45
12,33,28
8,72,9
3,23,83
0,45,24
24,61,79
5,16,51
15,59,46
74,76,5
7,29,7
13,43,15
8,34,98
6,21,31
37,59,76
4,69,23
14,31,50
49,74,74
16,50,39
10,69,67
21,36,38
40,51,40
8,64,96
29,38,15
17,50,57
48,50,44
12,41,78
47,64,24
23,50,83
2,26,99
5,71,86
15,32,48
17,41,51
67,68,25
59,73,3
19,35,20
5,59,11
1,46,26
22,72,73
10,73,69
46,57,52
18,62,60
15,68,72
11,55,89
15,40,53
38,56,78
29,31,71
18,45,67
11,40,32
16,36,7
59,68,46
14,65,21
3,21,39
3,5,17
23,28,57
1,71,73
11,67,59
15,46,72
3,35,62
7,41,99
60,77,79
0,17,6
32,62,66
9,52,83
29,69,1
30,73,70
8,24,56
14,22,75
3,75,84
41,65,66
69,71,92
54,71,80
7,28,87
9,20,81
52,64,93
33,45,98
25,54,42
17,28,95
36,70,38
9,67,51
0,6,23
14,51,29
65,77,54
13,18,28
15,61,37
56,62,33
25,36,78
61,74,82
17,49,72
8,69,43
33,63,76
54,76,42
18,51,76
4,63,36
12,38,45
40,49,71
30,37,71
62,67,12
49,56,75
3,40,61
14,35,44
27,73,70
60,70,8
8,55,8
17,32,16
32,48,33
34,56,90
38,44,53
3,71,15
45,66,16
24,33,17
10,55,70
62,65,74
51,54,82
40,58,16
37,63,57
15,44,36
23,46,46
34,37,71
30,46,84
35,47,29
1,33,2
4,33,85
31,73,66
52,55,46
48,54,34
1,20,19
10,70,45
10,54,91
51,52,50
0,63,5
44,55,59
4,10,11
2,20,98
10,48,36
0,11,12
48,52,31
18,37,12
42,70,52
19,67,14
64,72,24
44,61,10
29,46,19
36,64,37
20,52,32
53,57,25
29,70,81
13,62,47
4,9,62
4,60,33
27,67,26
14,36,50
58,61,19
29,74,53
2,76,1
9,68,11
4,23,25
3,16,64
48,64,13
24,40,53
60,76,8
9,64,47
11,25,2
19,49,77
7,13,96
3,45,36
37,74,41
73,77,13
39,54,55
45,47,26
15,65,26
37,70,1
29,48,96
37,49,55
16,28,33
21,25,13
13,35,85
7,23,20
23,49,63
5,38,96
26,37,3
34,62,30
17,57,34
28,43,78
69,70,13
2,46,2
3,51,64
46,59,96
8,49,50
43,77,40
39,46,3
25,43,55
72,77,16
22,53,5
3,8,26
26,46,76
15,35,40
12,14,39
10,26,98
8,53,100
22,24,16
13,68,55
54,55,8
34,74,71
0,30,96
0,39,54
50,63,50
52,66,2
22,35,90
2,23,50
14,72,60
45,53,45
15,56,80
24,37,12
32,54,34
37,44,60
45,60,30
7,17,72
29,72,77
27,56,62
39,71,80
23,76,44
19,57,76
4,51,77
58,62,63
47,71,81
3,66,20
1,23,42
55,68,21
1,65,58
0,42,83
50,65,98
29,41,71
25,33,82
38,59,59
4,74,11
33,74,85
32,50,47
4,15,48
9,34,78
25,74,25
15,71,94
8,14,55
36,40,35
70,73,53
71,73,93
37,47,90
5,52,82
1,30,2
7,72,31
8,32,54
59,69,56
73,74,41
70,72,80
0,1,22
23,67,67
22,47,85
23,37,96
21,51,100
25,77,29
30,60,35
0,23,10
60,72,70
14,37,38
26,77,55
57,71,3
49,52,19
0,53,40
19,76,38
24,39,85
52,71,59
32,71,89
38,43,4
17,38,100
6,42,60
27,76,85
41,56,84
3,26,14
8,27,82
43,48,86
17,62,8
12,45,50
22,61,98
42,68,14
12,25,12
17,52,80
27,63,37
46,74,52
34,60,100
10,38,28
63,69,57
2,17,20
0,71,60
4,67,47
1,43,19
17,34,14
5,17,5
0,31,90
29,32,3
49,63,47
4,37,93
18,34,44
26,59,63
28,69,21
3,9,2
2,48,9
9,12,61
11,17,93
18,23,57
20,35,7
6,25,95
50,62,85
8,15,20
40,55,98
39,41,72
26,76,59
55,74,41
67,69,75
28,57,64
12,34,24
50,58,4
42,48,58
6,68,52
14,18,44
1,32,15
10,24,5
10,42,33
5,67,96
15,37,84
35,69,22
7,27,54
40,50,7
50,53,26
33,37,63
11,35,63
7,65,73
45,58,18
40,59,34
20,70,30
53,66,37
2,30,45
12,44,24
2,14,85
28,34,37
59,72,9
4,45,25
37,71,96
40,56,47
30,38,69
20,29,61
17,56,30
55,76,76
18,24,96
42,56,36
34,54,92
7,49,47
44,58,35
74,75,24
13,59,87
52,57,64
17,53,82
52,61,62
15,17,38
26,33,15
37,73,95
9,45,51
23,34,8
3,32,65
6,10,35
42,43,41
33,48,78
23,42,96
26,41,90
48,66,8
7,69,20
35,41,36
18,77,42
25,47,55
32,42,35
18,38,70
21,39,1
14,76,32
34,51,61
36,55,36
26,50,30
13,23,4
38,55,98
17,19,84
3,41,26
23,40,100
10,22,88
18,44,71
57,75,20
40,53,71
39,51,38
22,30,26
4,58,25
49,73,57
19,40,53
25,32,24
2,77,64
52,53,63
9,73,54
18,70,97
10,31,56
43,58,63
3,50,49
5,40,29
4,48,92
44,54,62
6,39,60
13,25,26
8,41,34
7,45,87
5,27,61
18,47,16
22,60,83
13,45,13
4,59,1
23,70,21
21,35,100
31,43,61
47,77,16
23,68,76
26,36,16
2,49,49
20,40,37
57,69,73
14,38,12
10,41,76
8,70,31
37,46,78
21,48,73
29,45,84
19,58,57
9,70,42
5,23,26
3,61,71
52,77,100
1,34,81
12,52,27
39,56,41
1,52,67
21,65,60
41,53,2
36,58,53
24,34,41
16,64,61
16,45,40
1,48,66
45,62,73
17,20,87
55,63,68
63,70,75
27,60,95
21,26,24
6,59,4
3,77,73
32,77,7
23,51,76
40,41,97
58,70,32
13,36,37
28,60,61
16,37,36
1,56,3
11,13,65
15,58,78
17,74,43
40,52,47
26,29,33
29,37,75
34,39,47
7,42,62
20,27,53
2,32,49
24,74,96
1,6,68
50,64,100
13,61,43
54,73,98
10,44,100
60,75,79
16,22,68
27,77,94
17,36,75
65,75,44
33,46,69
43,57,79
2,44,53
52,76,17
9,69,86
7,32,90
39,74,99
5,57,10
8,58,73
22,70,59
23,33,1
18,76,16
7,43,98
41,54,32
14,70,1
10,64,71
12,23,78
58,74,94
1,18,99
17,61,41
27,44,75
11,49,56
8,21,66
8,47,100
16,18,37
4,11,47
9,31,72
22,46,78
29,71,88
38,65,29
14,66,87
64,77,52
13,51,20
50,66,53
11,32,25
32,51,44
18,69,52
12,47,20
2,19,71
49,59,31
7,61,18
43,72,29
12,58,13
51,65,52
26,61,41
42,55,1
37,40,18
9,71,60
33,64,41
18,75,7
19,21,78
47,70,82
4,19,97
28,39,64
21,76,47
42,57,77
44,66,59
48,60,88
25,41,35
1,40,83
3,7,29
11,64,62
21,61,37
48,74,37
20,38,48
20,68,69
22,48,83
29,66,50
33,36,28
38,71,10
58,66,65
16,35,75
9,40,12
0,74,53
17,66,65
9,11,3
25,60,71
1,28,27
19,56,95
58,76,50
10,61,28
37,72,17
36,67,81
6,54,28
15,29,22
33,69,52
31,72,74
64,70,15
35,39,11
42,64,62
65,72,18
13,27,27
30,70,40
1,21,92
58,77,35
18,53,79
27,58,11
39,72,89
0,25,7
6,19,99
21,23,22
23,30,78
40,57,61
33,72,36
36,69,100
26,62,30
50,75,41
40,70,42
44,71,55
26,72,100
57,65,9
16,66,96
44,69,56
20,26,98
1,62,80
58,75,11
12,18,40
28,37,2
9,66,19
50,54,27
40,46,43
10,57,44
3,72,33
45,64,20
12,21,39
8,19,1
54,72,89
5,64,97
13,47,37
17,73,32
0,47,53
42,63,93
43,64,15
9,22,40
5,51,67
41,77,5
63,75,92
47,66,76
42,58,89
23,69,32
35,49,77
49,68,64
26,52,16
24,45,33
75,76,88
10,50,2
34,52,66
31,74,84
60,65,59
1,41,57
30,49,10
42,66,15
47,73,27
14,21,21
26,65,64
43,61,13
55,58,32
36,42,66
25,58,41
2,28,44
16,61,56
28,36,38
3,18,78
20,33,78
19,73,49
33,49,53
5,70,19
39,53,91
44,59,70
59,62,54
12,26,1
47,54,31
49,66,13
53,68,89
23,72,65
42,53,52
20,77,47
8,44,16
20,41,81
25,46,14
30,51,54
15,16,24
0,0,0
