4,55,10
32,86,37
76,79,50
30,50,39
28,85,15
62,67,69
47,79,76
4,77,81
36,63,76
12,24,12
44,68,14
40,61,41
20,43,80
27,68,60
13,55,76
46,69,16
51,61,79
21,39,19
6,78,83
36,69,75
46,66,84
40,66,91
0,24,51
54,76,54
52,86,39
11,35,55
5,24,53
48,75,45
11,26,32
22,52,48
40,74,92
60,67,25
45,65,14
34,56,21
0,42,26
59,75,19
7,16,30
12,64,49
15,71,98
56,74,92
17,48,83
25,69,13
6,82,74
27,83,82
21,60,12
5,81,63
28,73,83
12,37,77
28,86,54
68,76,61
11,14,77
13,58,56
43,75,16
32,72,68
61,75,77
32,58,26
8,36,76
78,82,77
1,17,87
2,86,43
15,45,76
10,18,91
42,74,91
6,65,99
26,65,96
15,34,50
34,52,87
10,17,17
42,56,73
30,56,23
29,51,91
33,40,31
40,43,92
0,22,67
21,41,88
66,77,93
69,83,34
12,17,35
55,72,58
26,36,14
32,45,43
22,31,55
52,68,52
15,57,15
16,50,50
12,72,27
9,31,73
66,78,5
15,62,52
0,66,36
4,72,39
43,81,92
4,52,66
1,44,7
47,60,40
52,63,60
30,79,72
3,43,87
53,61,64
3,5,70
33,66,84
52,82,6
42,86,42
46,62,60
35,60,64
0,83,84
24,53,94
35,76,50
6,36,14
36,57,45
25,45,65
9,76,4
37,79,67
60,85,13
6,18,92
59,83,72
27,33,66
13,80,100
7,14,82
16,41,58
1,72,19
44,46,65
19,62,24
56,80,17
24,39,43
17,68,66
48,62,38
73,75,64
3,80,49
17,73,4
37,60,8
9,54,87
5,13,65
27,48,68
6,80,70
57,76,75
69,81,89
44,47,43
47,61,33
6,52,9
29,36,2
23,69,85
19,23,77
26,54,5
0,32,30
21,48,94
6,10,22
10,68,46
10,47,5
38,82,66
34,81,26
20,71,22
19,75,26
40,81,11
20,80,99
17,58,14
12,80,39
23,41,54
20,83,23
23,27,53
9,14,88
19,76,62
24,31,5
7,44,70
34,46,23
37,50,73
23,73,31
58,67,30
8,74,2
31,84,53
0,10,37
52,64,74
51,57,34
50,54,55
68,70,19
11,69,69
26,40,86
17,40,13
27,56,95
24,74,68
73,76,38
24,77,60
48,72,93
16,58,8
27,41,31
18,79,71
6,26,30
10,64,89
14,33,61
4,11,53
7,80,92
31,62,61
9,32,72
15,80,10
6,27,69
34,64,24
39,66,37
27,30,8
71,76,58
7,58,46
9,70,74
15,73,94
47,55,76
49,84,20
18,49,66
17,21,97
52,84,23
45,78,82
49,67,75
28,36,30
23,31,79
1,55,54
58,71,37
44,75,94
11,25,28
15,24,94
28,31,78
33,38,14
19,73,46
7,21,2
7,45,10
3,86,94
70,78,8
34,57,85
59,86,76
64,66,66
34,38,38
13,81,18
0,44,8
13,86,17
63,85,51
9,68,36
49,64,84
26,45,67
36,71,27
13,41,89
31,79,8
7,35,44
32,51,40
23,60,92
16,82,11
49,75,40
68,74,100
65,72,1
17,82,59
23,45,54
9,84,77
71,86,90
33,70,99
48,79,8
76,85,70
4,27,40
74,75,96
23,68,13
24,83,98
2,85,66
32,71,43
19,34,22
55,79,81
37,74,20
14,69,51
5,82,91
10,71,88
55,60,43
57,86,56
41,78,55
56,67,65
30,42,37
45,47,66
4,19,43
29,82,42
64,76,94
58,69,3
12,65,45
11,18,33
19,37,92
33,59,11
2,59,13
42,82,40
14,47,29
16,62,11
0,62,42
11,13,98
11,59,40
13,62,16
26,83,29
9,35,96
5,40,61
52,59,14
40,49,8
4,23,17
28,46,78
51,62,18
31,65,37
48,60,76
79,85,59
23,59,68
35,63,48
3,14,1
21,51,20
5,83,64
5,47,97
26,39,5
46,81,63
60,63,32
35,73,40
25,58,37
20,49,1
36,55,15
32,73,68
9,78,21
0,80,76
56,86,33
76,78,57
14,81,80
67,82,50
39,86,45
1,63,34
24,70,56
16,69,79
13,56,14
58,76,32
58,63,47
44,45,48
29,81,70
16,19,68
51,59,64
11,81,11
20,48,36
1,13,21
14,67,94
37,84,65
63,72,49
25,31,88
25,73,58
31,51,41
52,57,24
10,55,73
2,56,7
6,35,1
44,56,94
0,6,30
10,51,17
22,77,47
43,77,60
19,44,42
33,60,75
76,82,52
8,61,56
42,58,31
25,36,12
37,83,67
5,25,39
70,75,13
20,23,98
47,58,28
65,69,71
43,51,82
11,16,37
38,81,18
68,82,45
0,50,95
20,26,48
0,57,48
2,11,38
15,39,81
15,36,28
27,71,70
0,72,24
11,36,22
53,82,68
18,63,44
33,46,88
5,18,11
66,79,34
29,78,18
44,70,43
62,74,64
40,72,60
43,63,13
0,82,93
7,52,74
60,61,53
21,24,37
12,55,7
39,52,94
2,19,40
20,58,53
9,18,89
18,53,33
1,84,59
16,27,14
42,62,30
61,62,48
21,35,72
60,83,6
33,61,26
35,75,87
17,50,93
0,43,67
14,24,84
2,22,93
55,67,42
36,59,17
7,63,100
24,37,2
13,83,73
10,83,88
18,52,25
5,23,62
34,41,77
15,60,79
16,71,11
16,68,93
5,66,23
44,71,32
9,34,64
33,34,41
75,85,80
59,69,6
6,11,29
26,31,5
8,28,57
11,50,27
5,50,68
18,83,14
8,50,16
28,51,98
1,45,70
33,52,17
46,60,31
20,33,85
10,84,27
37,41,2
1,3,22
5,75,65
16,75,69
38,74,18
19,74,79
7,50,91
34,39,66
70,85,68
5,79,16
48,80,35
69,74,86
9,75,37
27,73,15
11,78,68
48,65,64
5,63,33
20,31,41
24,28,1
10,62,76
18,76,69
67,68,99
0,29,27
14,63,66
4,50,45
8,53,53
20,47,5
34,69,46
62,64,41
69,79,85
16,21,39
23,82,20
6,20,50
25,53,38
8,75,59
34,82,6
5,49,73
49,58,38
5,33,93
10,72,84
36,56,98
18,48,100
28,54,73
32,43,93
26,35,98
1,39,82
54,68,10
32,49,100
25,46,91
2,62,73
22,68,50
21,81,31
66,76,45
12,67,58
21,33,19
9,46,60
44,61,29
41,82,87
27,31,100
5,20,34
20,62,15
2,74,25
4,39,21
39,78,26
27,77,61
32,48,29
35,57,26
21,72,62
62,86,37
57,64,6
9,63,36
25,60,72
65,75,33
15,69,89
43,71,5
14,68,30
74,84,22
40,42,87
59,66,49
27,32,82
12,57,43
9,83,72
8,15,21
45,62,51
32,76,76
45,52,27
0,4,33
24,72,28
2,66,82
27,61,93
27,62,37
40,58,94
10,24,40
39,62,92
21,79,56
33,67,5
5,62,46
16,57,11
5,45,5
8,9,6
60,82,16
0,59,89
22,43,41
72,75,14
12,86,72
54,66,72
29,50,43
30,59,25
20,25,28
16,40,59
43,53,100
56,84,3
8,52,45
25,81,88
12,21,83
26,50,84
39,43,43
35,44,44
37,66,83
78,83,86
25,68,72
18,19,38
17,66,81
8,59,99
1,81,21
20,63,12
27,44,21
12,85,42
63,71,50
38,85,41
56,59,80
62,80,75
3,65,1
46,58,57
40,70,5
2,20,95
2,84,73
78,84,59
5,12,30
1,69,16
60,79,81
13,57,50
13,61,68
3,67,12
23,34,45
5,43,87
48,77,2
37,61,89
78,86,32
37,38,33
7,82,56
25,50,27
28,61,48
26,78,8
69,71,62
15,33,46
25,82,99
9,30,72
46,65,75
12,63,32
42,78,74
14,41,49
38,83,79
7,28,33
2,63,25
12,14,100
26,79,7
34,58,37
14,51,69
54,84,88
13,84,30
15,67,100
15,19,11
53,55,16
72,79,24
1,85,73
58,61,84
45,79,90
2,12,47
7,37,17
43,57,46
10,74,13
56,85,33
20,84,65
13,25,54
4,66,43
0,86,51
9,79,7
50,61,56
27,75,18
66,71,86
48,50,65
10,12,14
61,73,28
15,17,11
16,42,62
2,76,100
71,78,99
15,28,10
34,63,39
1,21,19
72,74,3
73,79,31
11,62,77
42,81,62
66,67,44
24,55,13
6,28,74
6,41,93
16,84,96
29,80,87
47,50,8
19,55,72
17,34,75
31,68,14
7,10,34
46,47,33
17,86,32
8,19,95
51,84,38
60,86,47
37,49,57
29,30,60
55,83,31
68,85,38
3,71,11
46,75,32
30,55,2
32,74,85
4,74,36
18,22,29
11,47,4
20,24,34
41,74,75
36,49,69
22,62,4
1,53,69
19,56,74
22,45,78
31,78,39
36,83,61
35,54,18
9,10,77
16,49,43
48,61,10
35,37,46
12,41,5
33,71,8
20,34,2
18,34,25
43,61,21
0,55,75
39,67,76
36,70,19
30,69,41
11,67,64
4,85,49
14,71,34
6,7,58
23,26,14
17,70,71
5,27,88
55,71,94
16,45,3
42,50,28
26,55,44
49,55,100
6,37,3
32,44,78
74,82,42
15,52,33
44,77,100
38,59,67
58,60,62
61,80,38
6,32,30
14,28,5
34,78,42
30,86,97
73,85,29
56,61,56
13,36,99
19,21,96
33,75,55
29,77,31
8,31,89
68,81,61
7,30,68
2,67,40
58,79,52
53,77,74
45,66,78
65,84,17
33,48,4
31,38,2
37,65,89
9,50,13
14,38,77
64,70,1
10,46,66
36,61,3
17,32,58
53,70,69
34,68,38
5,17,83
75,77,41
1,50,64
32,56,5
5,51,68
24,76,61
59,84,95
67,72,11
24,50,63
62,70,43
19,63,64
20,72,86
38,53,9
10,56,98
2,5,93
17,39,30
19,41,24
30,48,28
48,51,36
12,19,37
18,81,12
23,84,86
75,78,57
76,86,72
33,62,19
51,69,65
14,30,21
58,70,78
7,56,21
34,79,4
1,35,63
26,80,59
42,80,64
39,74,52
26,81,38
31,75,82
32,78,30
30,75,17
52,65,44
12,62,56
32,67,19
60,77,85
55,80,85
42,53,82
18,25,35
3,61,22
9,56,12
35,77,43
38,54,59
77,83,56
47,71,15
54,70,94
20,22,47
3,72,54
14,34,35
11,58,76
12,61,47
37,58,87
53,83,2
31,45,97
28,64,4
5,53,43
35,59,100
12,34,15
25,56,10
20,51,42
75,80,77
73,81,53
38,66,59
5,31,77
23,79,71
4,17,44
68,71,13
23,40,65
58,64,76
37,86,74
3,45,8
38,56,47
4,47,5
19,85,14
15,56,8
45,76,88
3,17,98
10,73,91
11,71,83
60,73,20
0,34,79
42,52,71
70,84,80
12,50,12
3,32,5
0,21,48
42,79,25
49,86,93
20,44,47
54,74,81
23,37,55
52,72,61
77,84,21
70,83,78
8,29,71
49,60,58
78,81,34
72,78,86
31,48,35
16,26,25
53,58,14
50,53,34
50,67,18
23,77,86
70,81,49
0,63,21
49,74,85
30,67,34
3,56,20
55,64,90
49,59,35
23,36,70
35,41,1
3,22,23
7,31,20
10,26,9
6,31,73
42,54,33
11,68,10
15,84,76
38,76,6
41,65,3
58,62,64
34,47,87
38,50,27
34,45,7
9,71,58
28,49,37
11,51,71
54,79,82
43,50,44
29,73,99
59,68,88
4,64,35
10,44,86
8,38,98
19,42,31
53,86,65
0,56,96
61,70,46
51,52,42
20,77,52
9,41,15
1,65,79
12,60,20
8,57,84
20,53,27
29,32,28
45,85,37
66,72,93
66,69,51
17,63,6
4,40,7
4,57,32
41,77,71
52,80,67
41,44,12
0,3,98
3,13,29
38,67,67
19,43,40
15,26,23
55,74,79
41,75,29
37,42,24
37,47,21
0,0,0
