8,82,74
21,83,7
26,83,39
21,96,24
3,39,88
11,79,24
22,50,38
10,67,97
69,82,84
45,61,19
0,20,47
16,78,68
90,94,36
0,25,79
51,55,9
19,47,56
21,38,31
40,80,4
3,65,51
41,95,62
14,81,75
36,78,33
51,92,23
25,91,80
14,77,43
24,30,22
31,86,87
58,79,1
32,55,89
8,77,52
31,48,31
24,93,55
6,57,86
10,51,94
27,63,74
23,96,37
33,72,74
38,71,30
44,52,90
19,84,72
67,81,44
86,92,69
22,74,18
20,58,47
27,44,66
11,87,55
70,91,99
17,48,39
4,12,90
53,55,56
18,52,70
80,84,97
2,94,24
5,76,64
34,45,55
73,96,25
0,41,17
41,65,44
2,15,54
43,58,6
46,67,73
17,92,78
33,84,86
8,94,60
18,58,69
3,85,76
82,91,76
49,60,92
55,57,40
10,71,24
12,80,11
23,71,8
37,61,95
12,35,99
41,63,33
2,54,50
52,65,51
24,54,45
17,49,98
11,57,13
13,31,50
83,89,58
48,87,34
38,83,90
32,80,92
22,26,79
10,61,20
63,78,83
23,87,21
3,28,14
14,43,93
65,69,64
29,42,41
29,79,13
17,38,57
84,88,92
61,69,43
19,55,25
93,95,86
69,88,68
27,58,69
23,42,90
31,35,65
54,56,14
55,94,37
20,94,85
2,65,18
21,36,14
2,80,64
32,74,15
10,50,94
22,73,63
18,76,16
17,83,62
0,69,88
84,93,97
33,49,32
13,69,88
78,96,26
12,41,57
81,83,28
32,35,93
72,80,7
0,31,44
27,43,77
25,53,61
30,82,17
23,30,17
39,70,75
4,79,3
1,86,24
71,96,47
40,43,1
16,48,12
1,9,68
45,96,64
7,64,95
60,89,78
6,48,68
8,63,24
0,75,1
41,44,79
77,84,31
23,46,9
1,71,53
75,86,98
54,65,66
46,80,76
11,22,56
63,64,53
59,60,55
58,87,74
33,74,61
32,60,4
37,77,45
9,18,53
6,63,40
30,43,5
71,80,42
12,19,89
69,87,67
42,78,26
27,94,42
59,96,65
16,38,52
48,76,73
4,47,64
42,86,13
0,93,46
38,70,25
36,76,40
21,37,39
62,68,54
25,77,19
70,84,13
18,45,77
51,70,9
57,83,10
28,79,31
85,87,44
35,91,12
50,70,20
32,48,29
26,90,68
35,72,59
46,56,79
31,78,10
42,50,74
62,75,61
18,23,45
91,93,92
7,43,64
74,81,54
75,76,85
52,73,20
73,84,85
47,81,82
7,16,99
61,79,88
17,84,95
19,70,51
37,74,86
46,48,6
71,93,87
22,31,40
5,52,58
58,74,98
20,54,74
45,63,86
30,78,73
53,83,85
62,63,2
11,46,51
25,27,30
43,83,38
28,93,70
91,95,56
5,96,74
8,64,2
30,46,32
42,84,41
33,39,15
14,66,48
9,84,99
0,60,34
38,50,73
69,77,21
80,87,27
56,91,86
39,43,91
11,58,6
68,69,49
66,91,74
16,75,76
31,42,86
79,84,32
29,48,22
22,49,22
23,63,38
21,33,35
48,55,37
31,88,81
69,83,77
7,15,39
20,37,98
4,23,14
23,27,20
54,79,48
85,88,44
27,96,65
52,68,48
7,72,28
30,67,76
7,38,3
16,62,49
38,85,63
73,87,80
94,95,22
42,45,41
64,78,94
51,86,70
71,75,56
29,73,96
34,39,5
28,81,37
24,81,33
44,59,1
9,96,47
21,82,84
13,15,94
24,46,52
34,76,29
26,70,33
15,85,8
50,80,61
3,10,21
53,76,82
1,56,93
18,32,39
61,91,26
51,59,78
37,50,65
33,81,83
38,69,6
29,51,56
62,73,18
37,60,65
84,94,32
61,86,21
41,67,10
29,45,85
4,82,63
4,74,28
55,74,82
77,80,30
12,16,6
48,86,82
14,26,10
14,47,60
33,52,40
28,57,37
37,85,2
19,59,49
47,66,4
2,20,60
60,67,81
2,95,43
6,40,63
30,70,71
33,60,25
0,56,12
17,52,76
11,42,40
1,30,87
16,80,38
23,75,2
40,91,65
48,90,10
32,71,20
62,96,9
2,58,66
64,94,100
26,62,66
68,91,48
29,43,28
51,91,2
48,67,76
31,85,40
48,91,25
67,78,46
43,76,20
51,64,12
16,85,1
24,27,27
43,52,2
57,86,89
31,53,10
7,89,56
30,49,65
55,93,57
2,57,84
37,94,71
44,69,39
20,88,36
14,84,46
38,39,18
45,89,65
58,91,85
38,77,56
31,43,70
16,84,82
45,62,61
42,87,90
70,88,26
9,77,17
5,34,91
76,93,12
58,92,100
57,70,48
2,88,97
5,15,84
8,24,35
28,56,87
1,91,68
29,37,17
0,50,89
45,81,59
3,25,23
3,68,23
28,38,95
39,57,100
34,96,78
2,72,10
28,31,52
26,93,26
1,64,48
68,89,60
16,70,98
27,72,14
36,60,55
58,78,55
45,59,15
48,80,40
31,64,66
26,37,88
46,85,27
41,64,42
31,39,89
24,73,54
18,41,78
59,63,30
6,32,90
29,94,41
20,89,61
32,38,18
47,87,43
76,89,52
9,76,98
12,85,3
1,94,63
66,79,70
8,19,88
10,65,16
6,67,8
13,71,53
21,87,13
21,56,16
26,74,74
15,56,76
9,65,96
33,50,76
32,65,3
65,82,95
3,34,19
11,77,87
42,49,82
29,64,63
52,63,52
59,67,98
36,41,49
75,78,49
35,44,9
24,85,79
0,86,22
29,89,78
9,52,18
50,95,73
55,65,53
58,94,69
12,66,79
39,79,11
0,51,10
53,75,38
64,75,50
1,79,95
23,52,24
1,13,3
6,90,28
2,11,21
32,70,52
50,74,89
28,85,58
20,33,86
6,22,71
12,83,16
12,29,14
14,59,76
30,93,68
75,89,25
41,55,14
61,82,15
0,77,59
42,81,30
28,61,93
61,84,84
8,81,46
12,54,50
23,34,32
3,16,23
31,36,78
57,62,93
41,61,30
13,90,100
5,38,20
33,66,36
1,17,96
4,13,40
36,63,42
39,59,14
24,70,92
70,76,74
19,80,38
11,18,80
22,62,61
32,61,24
18,74,81
13,18,67
33,61,2
60,80,15
9,62,9
24,82,37
23,81,6
1,23,22
28,76,87
51,94,29
13,37,55
47,63,77
10,16,23
46,66,18
6,34,40
15,28,73
72,84,38
63,74,66
29,82,34
31,93,25
9,75,83
30,33,33
44,74,61
55,87,38
8,30,96
9,88,60
79,81,84
28,86,66
48,94,86
50,75,99
5,90,53
7,29,31
23,83,9
60,86,42
27,53,56
34,58,12
56,76,1
14,90,16
39,44,91
79,92,4
3,42,68
30,74,52
26,95,83
41,93,58
36,38,19
4,48,59
19,36,70
13,42,96
19,54,49
57,65,70
12,26,92
17,19,82
31,62,17
2,51,74
29,31,95
31,50,64
52,82,47
70,74,63
69,79,30
41,89,21
23,80,79
36,73,100
48,54,38
61,89,88
55,71,36
46,75,54
76,84,70
23,45,37
23,73,81
9,83,88
30,83,48
19,77,34
55,81,90
7,50,89
48,92,83
58,95,92
78,88,34
19,67,29
81,93,16
71,84,49
31,95,86
21,67,51
29,68,98
47,50,79
69,93,73
25,38,34
7,17,37
5,91,19
31,84,69
19,95,48
24,38,7
17,28,32
71,82,85
29,34,69
20,68,100
8,20,18
52,84,24
35,83,75
10,30,29
23,93,63
47,83,46
15,29,15
53,74,62
54,83,99
20,46,72
35,73,89
10,13,42
12,72,26
28,47,91
63,71,57
57,69,11
11,81,11
59,62,6
76,90,7
45,78,64
13,28,25
42,89,85
21,66,7
21,73,77
35,86,88
0,43,52
74,87,95
12,63,6
4,42,20
51,52,90
0,83,51
16,65,55
63,85,11
43,73,83
3,86,41
1,52,86
18,77,39
52,86,36
9,40,10
0,14,73
58,83,43
5,60,37
57,77,59
50,55,16
66,96,77
42,91,99
22,61,96
45,95,96
22,60,30
62,74,36
44,62,59
2,84,78
17,26,30
6,36,53
12,96,70
46,72,74
68,92,57
34,95,81
45,52,21
23,91,63
28,77,73
44,94,62
8,60,97
5,17,35
75,84,89
17,64,22
22,25,87
60,93,35
70,73,14
51,81,49
31,83,2
16,72,65
40,73,9
28,53,69
60,77,32
53,88,14
79,87,60
65,75,16
34,51,41
51,60,97
4,20,51
22,93,96
14,34,80
34,80,43
17,33,48
67,74,17
11,32,59
1,25,75
5,7,65
39,47,46
3,70,61
58,59,69
49,78,78
34,92,77
12,77,74
51,82,21
46,69,61
38,95,23
22,65,52
52,92,64
12,38,47
16,59,87
2,37,24
37,39,73
46,73,51
17,76,95
45,75,18
5,16,66
0,91,34
45,77,83
27,55,56
64,66,97
55,67,70
33,67,15
7,39,60
1,34,29
15,30,59
6,77,82
59,84,93
13,72,79
15,71,52
66,67,10
13,75,8
12,84,59
20,78,70
9,48,18
29,58,51
10,84,90
23,51,11
16,25,37
31,80,95
37,84,16
60,76,51
41,73,78
81,96,63
60,81,4
23,49,100
7,51,37
2,18,6
25,60,6
12,34,19
27,82,26
7,9,71
72,75,13
38,62,84
64,70,89
21,89,22
28,72,38
68,86,77
6,38,87
6,23,24
22,40,89
55,73,21
19,37,47
7,35,12
3,15,71
57,68,14
17,43,71
10,27,5
75,90,83
13,41,18
18,50,87
26,41,99
21,27,45
32,88,31
17,44,73
57,63,56
5,43,29
79,88,8
19,51,72
9,32,8
45,66,43
29,69,17
1,95,95
9,55,88
61,90,17
10,32,89
62,80,21
1,67,78
3,75,55
68,80,10
36,50,52
6,31,95
79,95,74
11,40,96
53,65,48
23,40,89
5,22,83
13,24,69
34,52,34
43,66,26
73,89,81
81,90,50
39,96,2
39,69,85
7,62,53
13,17,61
31,87,42
23,78,97
7,19,81
13,47,89
29,78,9
41,62,32
17,80,97
64,95,75
14,17,51
69,92,49
62,90,27
71,78,50
39,83,47
19,92,95
13,45,51
37,53,84
1,72,31
45,67,48
59,83,90
21,78,2
24,87,5
24,78,33
65,73,30
4,90,68
49,83,65
7,47,54
11,24,84
31,69,7
62,88,72
44,53,21
28,52,66
63,92,63
8,95,19
10,95,1
28,94,63
65,72,17
33,71,92
67,89,85
22,52,65
33,35,68
12,75,25
25,56,76
34,84,99
68,70,8
63,80,21
16,67,6
61,95,14
30,76,63
36,66,46
22,83,10
67,71,32
14,35,29
0,58,48
8,90,16
23,48,24
31,51,84
8,72,100
5,71,36
1,42,25
9,63,68
62,76,100
20,62,18
20,69,18
14,63,58
30,55,43
71,77,85
73,82,49
9,20,18
73,86,46
1,76,73
11,82,18
21,48,50
29,60,89
82,86,31
35,63,4
3,21,85
25,57,40
78,92,79
63,79,11
45,49,93
20,44,61
41,51,92
67,92,37
63,73,41
20,82,42
66,92,31
8,79,31
21,94,57
6,79,58
40,96,47
2,13,3
86,93,69
52,87,62
8,23,29
18,37,51
1,80,67
9,30,50
13,95,2
39,89,16
35,84,27
17,60,44
5,27,44
6,37,73
9,50,41
0,10,74
1,11,93
20,30,97
30,96,99
69,84,55
53,80,62
3,61,54
26,36,98
3,48,59
5,95,33
6,28,74
0,80,79
0,13,7
47,65,86
56,86,46
30,89,72
35,40,37
38,96,20
13,92,80
9,72,31
8,42,67
46,79,67
38,90,97
33,44,11
51,78,77
28,33,73
47,76,45
23,31,82
41,45,8
13,76,99
1,93,17
31,89,23
28,41,54
12,64,83
31,40,76
32,96,78
6,76,63
22,47,60
37,48,61
24,59,78
74,94,84
36,49,28
31,61,18
53,66,3
40,45,43
35,85,25
55,69,97
40,48,88
36,96,1
10,44,67
54,55,64
40,51,10
23,50,30
30,92,74
13,59,71
48,50,97
81,85,32
12,15,1
66,93,62
49,68,82
8,92,73
57,67,52
6,17,10
9,21,78
48,77,4
65,67,20
2,30,46
8,41,36
33,41,98
40,83,41
19,85,45
29,72,7
9,61,34
36,80,13
53,91,3
26,51,77
18,94,52
4,65,62
29,96,36
26,32,27
51,67,7
28,40,55
5,31,12
22,72,81
24,72,10
39,60,13
42,76,22
74,96,86
54,75,90
39,42,33
63,76,44
61,77,29
27,49,90
4,43,10
34,83,70
37,89,48
49,75,19
36,45,76
15,65,54
43,88,66
30,45,81
74,76,13
70,87,78
5,44,68
58,93,62
21,75,35
27,60,70
46,90,55
39,75,26
35,74,19
7,31,54
2,93,14
18,83,65
27,64,26
6,94,79
12,88,58
52,85,78
40,75,26
21,77,68
21,61,35
15,46,96
70,78,20
28,30,47
9,19,77
27,31,34
37,44,98
30,66,62
45,92,85
17,61,11
74,91,89
33,85,60
8,53,92
58,96,39
2,64,30
18,78,66
3,22,99
36,81,68
53,71,43
44,95,64
53,63,86
29,92,93
31,74,23
15,26,67
1,19,75
77,85,26
15,45,37
14,80,52
54,70,67
9,94,59
3,81,59
50,89,59
42,72,90
28,34,88
36,75,76
8,13,97
78,81,40
39,46,54
1,28,73
36,82,12
54,87,52
42,58,11
81,88,50
57,87,74
21,53,92
39,82,77
4,7,21
28,92,34
14,33,82
5,41,36
46,65,15
12,73,42
25,73,82
25,45,92
14,75,69
21,91,37
17,24,87
14,70,35
9,73,90
24,90,55
5,39,84
26,52,77
7,49,29
0,81,30
41,81,14
27,81,62
64,80,47
36,61,62
36,55,80
46,74,58
16,61,29
3,32,8
32,34,50
0,24,2
37,41,77
66,87,66
47,62,20
11,95,82
62,78,70
9,80,32
84,87,99
22,55,87
14,40,25
9,81,96
8,74,34
47,82,89
14,79,85
13,81,9
1,33,59
21,52,47
62,86,27
20,70,85
32,45,20
5,57,29
7,34,10
73,95,12
11,76,16
5,59,98
49,80,57
50,93,75
39,84,25
64,73,28
36,58,86
38,54,8
46,91,59
42,48,96
3,45,6
44,88,34
24,33,86
25,83,83
8,62,65
28,62,98
79,89,53
20,34,13
2,28,41
60,64,40
7,42,82
70,75,48
13,55,9
13,56,42
43,71,12
48,73,67
12,36,25
10,69,30
31,67,76
44,86,69
37,54,1
34,81,82
69,86,64
26,77,13
10,72,59
13,96,94
37,86,4
20,61,1
23,24,23
38,49,89
1,73,73
12,82,88
49,72,64
62,69,44
17,91,61
59,72,63
67,93,80
10,26,74
23,29,59
3,8,61
20,93,59
33,82,38
66,75,27
6,21,65
9,13,63
56,58,76
67,84,14
12,50,91
6,9,47
15,62,8
45,91,62
21,90,38
9,33,60
33,75,28
34,91,76
1,70,92
41,69,13
38,88,23
35,59,34
58,81,11
28,60,57
15,53,59
30,79,84
15,76,29
60,78,67
43,54,71
13,49,88
22,28,85
25,55,39
10,91,20
42,94,39
42,47,71
22,94,58
32,82,88
16,49,95
16,51,84
75,93,90
38,58,8
18,49,92
48,95,25
51,84,47
39,49,73
56,78,80
7,30,50
10,59,62
4,75,48
31,73,46
5,46,19
2,74,15
17,23,75
59,91,23
35,69,20
28,90,33
23,62,1
36,89,57
10,87,29
52,96,9
47,58,97
30,58,38
23,35,66
28,64,8
12,18,27
12,27,51
89,96,64
54,60,55
65,95,55
13,62,41
30,37,68
63,75,9
41,68,84
36,93,84
31,38,82
26,81,38
38,56,23
57,74,36
48,52,13
16,42,51
54,67,2
53,56,15
52,62,62
19,41,48
6,95,60
55,79,35
4,34,72
32,58,95
11,86,75
2,48,7
73,74,59
53,85,50
54,84,54
34,78,93
10,47,11
32,37,95
53,96,38
70,81,2
7,75,48
7,87,37
87,88,6
64,85,83
47,57,7
21,80,27
27,91,16
41,75,75
21,24,12
56,65,20
15,72,2
5,70,42
14,52,38
2,33,59
31,44,53
45,56,98
85,90,11
69,70,54
34,72,74
78,90,94
32,52,77
7,67,28
39,50,76
20,74,43
51,89,32
27,95,11
13,65,14
79,83,12
3,47,93
65,87,60
11,44,11
3,96,35
1,22,51
18,68,11
52,83,84
27,71,92
4,24,98
0,26,82
58,64,62
17,96,100
0,39,1
36,91,58
41,66,66
29,53,51
19,63,97
28,91,76
10,52,36
3,73,50
5,92,4
22,85,56
64,81,66
41,87,34
70,83,33
61,72,48
33,36,55
35,88,31
46,49,4
18,29,38
15,77,36
14,73,53
3,30,39
72,92,52
39,86,33
74,93,13
4,84,100
11,21,33
2,5,58
10,17,22
29,54,64
7,52,26
66,84,21
54,68,48
4,64,9
17,69,70
55,96,74
20,26,10
44,77,78
31,46,67
81,89,7
35,71,51
29,76,39
38,91,46
59,78,46
76,95,6
44,90,96
17,86,84
8,10,94
19,31,1
13,63,92
31,71,39
9,47,11
43,92,14
25,62,5
18,39,65
63,90,36
63,70,99
92,93,29
2,41,67
44,67,16
50,63,84
62,85,56
7,55,8
83,86,30
25,65,33
37,68,3
13,83,10
53,68,12
26,66,74
42,73,93
19,83,14
47,72,22
82,83,8
74,95,23
19,72,3
10,23,96
19,43,93
27,68,46
2,85,64
5,79,53
43,57,34
1,49,22
12,59,82
2,55,48
22,29,89
13,16,16
16,46,91
31,79,17
8,67,77
29,41,3
12,53,92
1,89,76
52,76,66
64,92,39
6,29,46
24,28,88
64,88,47
30,64,64
50,71,8
22,48,36
76,79,37
42,52,7
23,54,67
16,26,97
68,78,60
62,70,67
17,18,15
15,22,83
58,88,71
7,37,52
41,46,70
47,92,52
55,60,7
57,94,36
3,17,90
12,78,70
90,93,56
29,83,28
70,92,1
45,84,61
30,40,26
82,95,38
8,9,28
58,86,3
50,64,31
28,51,80
9,23,35
37,63,100
34,46,99
9,16,5
15,86,49
18,53,61
9,39,32
87,89,67
34,94,39
71,86,47
1,38,41
2,47,20
18,51,65
4,44,36
15,32,38
67,76,86
3,7,76
14,48,35
20,43,76
6,64,75
3,14,21
52,88,74
24,57,90
20,29,24
46,58,93
33,73,62
18,59,20
54,76,50
27,65,16
25,75,85
7,32,43
17,36,83
6,55,100
79,90,17
34,69,62
48,68,56
38,43,2
31,75,54
43,45,15
34,63,63
42,66,66
42,69,34
59,77,89
67,68,27
5,13,19
52,75,38
0,22,10
5,51,8
38,74,23
17,89,98
13,35,91
26,61,95
20,72,57
80,93,56
3,67,48
4,32,92
24,74,28
16,18,59
2,6,8
12,65,65
50,83,28
10,76,17
14,93,66
49,86,92
62,81,69
6,73,34
16,19,97
77,81,34
25,26,58
1,92,50
61,88,48
27,86,66
4,49,51
43,48,79
43,89,55
3,90,20
4,88,60
7,44,44
38,61,38
0,55,29
26,56,28
1,53,75
5,72,29
4,26,54
8,57,13
3,26,35
14,23,84
9,17,5
32,54,24
2,70,57
51,63,48
9,29,44
61,92,93
26,45,72
20,35,7
0,82,61
72,81,6
24,44,37
18,43,48
16,36,36
45,64,31
12,22,45
5,40,47
30,94,100
11,50,70
40,58,60
33,94,19
0,5,48
45,70,45
56,92,66
37,65,4
14,24,28
86,96,43
41,58,88
24,64,52
49,81,23
41,56,40
66,68,71
16,17,25
0,27,46
17,94,28
4,25,76
18,34,43
14,31,21
38,76,9
2,67,24
18,86,70
13,74,28
11,54,65
25,84,59
14,87,38
37,93,45
48,69,68
47,60,30
29,66,11
5,36,12
27,83,22
10,29,76
18,56,90
56,73,89
20,31,21
23,59,85
82,87,74
6,60,10
77,90,23
42,95,13
29,93,75
13,25,4
5,14,100
39,52,16
32,40,90
6,19,30
19,78,65
62,66,26
11,15,35
53,87,56
51,83,15
4,78,78
36,43,81
25,42,49
76,77,21
60,84,77
35,45,94
5,33,100
60,94,72
18,69,60
17,35,83
72,93,36
4,51,23
67,85,93
26,50,63
19,61,11
18,47,3
9,66,98
43,49,3
36,71,59
33,93,62
19,32,68
40,54,16
0,30,94
17,68,88
28,67,74
46,78,70
7,24,13
11,69,91
60,65,39
31,81,48
19,20,11
7,61,23
38,41,74
55,91,6
18,20,57
13,77,46
11,89,30
7,94,28
3,41,19
21,86,45
43,61,44
16,45,76
14,38,14
37,81,31
1,85,60
6,54,9
53,93,97
59,95,62
18,95,38
56,63,32
1,66,84
2,44,78
3,79,82
22,44,25
54,96,40
13,86,62
33,87,27
21,81,37
20,66,51
71,81,75
67,75,2
5,82,10
14,61,60
39,64,38
9,70,84
33,63,96
24,63,3
32,85,55
54,81,20
16,29,41
3,55,91
28,73,7
16,43,64
71,85,71
24,80,50
64,96,44
34,77,48
18,19,69
8,70,62
50,81,73
77,92,57
36,40,76
26,64,85
3,63,86
2,23,80
2,35,78
54,57,50
42,80,50
60,70,57
16,53,78
2,66,85
22,54,61
34,44,8
48,66,93
3,51,34
5,53,33
68,74,24
58,75,97
17,27,72
30,63,67
54,90,78
21,79,28
25,41,61
12,60,58
45,74,63
41,84,83
17,37,76
26,53,30
26,94,9
21,45,55
65,92,87
8,17,11
6,20,51
9,36,15
38,92,92
24,32,3
28,37,74
26,31,68
55,95,65
25,34,1
54,66,47
1,37,38
13,67,64
44,71,71
48,57,32
1,15,48
55,58,58
12,55,91
10,79,33
52,81,55
25,54,93
65,85,90
59,66,4
28,50,8
30,86,80
12,56,93
52,69,22
46,93,95
11,61,49
58,62,83
70,72,70
8,68,4
7,76,95
29,77,42
43,77,85
32,79,44
55,83,70
18,65,48
29,47,75
6,58,74
50,73,88
0,8,99
0,23,72
56,85,49
37,62,97
58,66,65
27,93,57
20,23,36
13,66,7
24,31,21
17,71,92
25,43,35
80,85,54
36,46,8
67,83,36
4,15,73
28,75,5
6,53,98
12,33,26
43,53,89
69,76,20
10,18,44
0,34,60
73,85,40
17,53,55
10,34,53
13,54,40
48,53,63
61,80,89
73,79,99
40,79,34
47,52,59
11,63,2
59,92,66
45,57,62
34,82,58
2,56,84
19,82,22
16,74,4
30,35,87
10,41,66
47,75,51
8,54,31
6,59,92
85,92,77
1,68,91
62,65,40
74,77,48
54,95,100
13,61,62
7,93,16
42,60,87
29,55,46
6,82,56
21,72,8
4,52,30
38,47,72
17,21,59
23,65,48
69,81,71
58,80,91
27,48,12
35,68,86
56,77,56
0,36,40
42,85,6
75,80,84
58,85,73
4,71,7
40,90,12
5,65,82
3,92,99
15,93,35
40,50,56
2,62,78
27,32,36
1,69,30
43,93,78
30,85,67
17,25,38
50,68,44
4,21,18
51,76,94
82,92,74
50,66,33
53,90,24
14,68,83
2,16,58
39,92,16
78,84,41
5,12,12
69,73,18
32,66,61
18,21,42
15,48,98
4,18,53
54,69,91
75,94,8
71,87,11
12,39,99
25,30,85
4,70,39
53,58,95
14,18,89
33,37,17
41,50,86
39,56,91
34,61,91
20,85,7
22,95,52
18,91,21
45,58,31
68,87,37
8,36,82
22,79,67
88,95,33
18,87,21
32,94,66
20,95,70
77,78,91
0,67,75
33,42,91
21,43,66
19,62,95
15,83,25
76,96,26
18,36,18
41,79,14
63,89,35
9,27,89
1,31,86
21,92,97
4,22,66
7,8,45
38,81,6
61,94,29
36,86,56
34,57,87
5,48,75
4,10,30
63,83,14
56,79,6
54,93,72
32,90,71
30,34,7
9,35,74
4,36,80
49,59,88
93,94,82
2,91,94
24,41,14
54,94,19
8,40,31
40,81,77
11,52,26
5,61,57
26,82,62
6,72,56
2,92,76
80,94,61
44,83,95
8,32,98
29,70,36
7,27,34
50,56,55
49,69,4
0,78,86
60,71,26
14,95,88
44,66,38
38,87,29
72,78,33
54,80,71
13,38,75
56,95,79
16,77,69
37,40,78
5,23,33
37,88,60
3,78,15
39,45,77
62,82,87
30,88,3
47,70,53
26,69,80
22,51,86
5,45,36
65,81,64
0,37,16
49,85,67
18,66,26
18,85,44
4,89,8
62,94,22
43,95,57
11,65,66
50,59,40
34,59,96
35,90,76
24,76,19
2,73,24
32,87,6
4,16,71
38,44,95
46,53,70
27,29,31
68,83,24
87,96,80
86,94,31
24,43,4
20,47,27
0,85,61
53,69,45
59,81,42
72,96,79
26,91,53
69,94,62
23,85,94
7,70,4
53,70,6
25,58,98
7,57,23
63,69,24
33,64,92
11,43,28
57,79,93
5,85,26
7,95,84
47,86,56
13,60,49
28,49,26
61,67,48
23,88,36
13,51,27
83,90,14
41,78,76
17,82,31
6,61,28
26,86,66
45,79,85
1,46,57
19,52,20
79,86,90
8,33,91
37,51,56
49,79,50
49,66,92
34,65,70
5,35,20
49,90,8
4,61,35
38,59,13
85,93,21
10,86,34
27,90,83
26,73,81
58,73,87
31,55,41
36,64,42
22,88,23
55,72,49
4,56,15
21,47,61
5,87,23
8,85,43
12,67,75
6,15,47
17,50,90
17,66,21
11,70,57
55,80,16
35,54,42
6,81,97
28,84,89
19,96,8
43,56,5
5,6,53
14,72,44
80,96,7
26,88,10
60,72,76
50,58,83
32,89,3
8,91,70
67,79,100
27,36,55
3,19,67
82,93,5
50,62,50
26,39,43
27,66,54
14,65,7
24,79,26
16,22,27
3,69,33
15,75,37
36,85,60
48,83,31
21,31,30
9,74,86
48,72,98
18,61,31
63,93,81
24,61,33
5,26,43
4,55,1
18,44,26
30,57,84
63,87,15
11,85,77
1,7,85
67,70,24
60,85,39
18,90,74
2,3,37
0,76,20
7,91,100
19,79,30
57,59,51
12,30,78
6,86,25
50,85,45
2,52,27
2,7,27
8,18,19
9,22,33
10,94,63
1,81,55
67,96,80
54,82,4
57,60,99
13,79,15
0,61,65
45,53,75
14,20,35
38,40,72
24,34,95
51,62,89
22,59,60
83,95,13
71,76,78
68,90,75
23,39,15
27,70,70
69,91,87
21,54,76
23,66,65
70,77,41
55,75,53
31,68,85
6,89,61
25,35,46
5,86,59
0,45,41
32,77,10
41,82,47
46,54,98
16,60,17
72,76,21
53,94,68
3,93,54
18,92,32
47,68,10
61,93,56
44,60,2
30,95,95
1,61,66
44,45,48
4,41,46
22,33,79
55,84,81
4,92,90
85,95,90
48,63,38
16,58,64
87,94,5
7,13,46
4,94,52
29,67,43
18,54,64
49,89,14
29,63,40
44,50,22
26,35,71
72,94,13
25,50,70
78,93,50
18,63,94
57,76,27
43,60,90
40,93,49
29,57,45
30,56,71
70,79,35
60,69,73
2,9,7
1,75,83
11,14,23
10,49,41
10,46,93
3,33,3
10,19,50
50,92,77
67,88,50
82,85,63
52,91,34
63,77,36
33,68,42
42,44,26
10,68,58
19,44,56
38,94,72
6,92,62
90,96,20
32,50,94
9,41,52
39,90,5
53,77,14
86,90,38
25,72,75
9,26,98
7,80,66
22,57,9
9,78,86
2,19,57
12,81,6
35,82,99
14,29,96
3,56,27
22,56,74
6,25,3
18,67,64
37,70,71
40,60,13
74,89,23
11,33,100
3,57,73
8,45,58
37,42,33
40,44,15
53,81,14
30,48,80
12,44,41
2,45,82
36,44,72
38,82,93
4,59,24
11,39,48
35,55,73
53,73,26
1,83,69
45,82,6
4,27,39
9,95,38
3,23,20
33,43,79
52,78,32
70,80,38
59,75,11
48,75,94
12,37,37
27,42,34
40,85,23
25,94,6
30,87,30
1,24,32
36,83,40
17,56,12
71,89,33
58,65,14
59,68,9
63,96,33
22,87,57
24,60,33
59,65,10
55,92,13
47,48,22
1,2,9
6,42,34
1,74,53
17,46,98
47,71,76
48,96,39
17,72,37
32,67,19
20,86,76
18,25,92
32,84,92
73,77,59
20,45,76
64,72,47
39,55,5
26,68,44
7,59,78
15,44,30
57,91,83
24,25,25
37,55,47
7,69,75
48,71,15
47,91,58
7,33,100
46,89,98
51,85,95
17,95,85
7,54,59
66,95,6
46,57,3
40,68,5
0,65,71
27,88,77
40,41,1
35,65,31
83,92,41
43,46,2
5,67,23
48,49,99
48,81,99
48,65,49
34,67,3
7,45,12
49,55,30
2,22,46
16,95,95
24,75,92
40,88,54
46,50,87
74,86,94
76,78,36
24,69,45
37,64,4
19,22,67
44,91,84
70,94,44
66,94,90
89,95,66
38,80,35
50,88,67
45,80,68
0,29,59
27,76,62
56,60,65
13,29,14
4,5,25
42,61,8
1,55,90
76,82,61
6,66,29
56,62,52
43,75,5
41,52,32
14,45,64
0,38,36
74,92,12
35,47,26
5,47,26
39,93,44
11,53,54
56,75,22
5,88,25
83,93,74
27,75,77
38,68,13
63,94,85
45,68,50
31,65,15
57,82,92
61,68,69
23,92,85
15,58,25
2,83,24
3,60,91
59,79,70
63,91,21
0,64,30
60,88,84
5,18,85
28,74,44
30,59,19
18,80,64
72,87,98
46,47,66
20,51,16
38,93,51
3,58,87
50,52,41
24,26,25
14,37,24
37,57,68
17,45,44
35,53,38
5,68,5
1,6,17
9,71,86
62,71,88
42,43,30
4,45,73
39,80,73
4,62,80
53,86,8
75,88,11
48,93,16
32,76,85
74,80,4
72,85,95
54,58,47
2,87,21
2,26,69
20,90,23
21,69,57
39,65,60
65,84,2
79,82,77
37,92,63
9,28,43
1,88,24
11,75,56
88,93,78
28,29,90
73,81,46
65,93,67
8,44,47
9,67,46
10,28,56
59,73,52
3,89,57
21,84,99
41,90,9
40,71,3
7,96,20
16,56,57
14,49,59
0,19,67
41,57,42
83,85,20
30,80,69
49,96,1
38,89,60
38,79,80
60,92,60
51,73,88
31,77,63
63,72,40
17,34,56
4,53,73
22,80,58
67,95,59
41,83,35
13,50,37
27,39,30
21,22,58
85,94,31
20,21,14
37,83,37
15,38,44
58,77,53
21,93,49
49,74,32
0,2,4
63,67,29
47,69,47
13,43,2
68,93,70
19,57,26
5,24,73
13,82,51
27,40,63
52,59,14
39,81,33
43,72,32
35,51,29
9,57,56
27,78,7
15,18,51
0,40,28
5,55,18
26,28,17
15,52,43
27,33,11
39,91,71
62,67,59
8,12,29
27,67,69
3,64,69
19,81,2
46,96,18
66,74,57
26,43,56
90,91,11
41,48,78
85,91,56
15,41,4
28,96,41
46,59,60
22,86,37
22,42,90
15,63,61
44,75,72
25,79,74
14,82,64
39,40,42
18,81,52
25,31,71
36,67,87
16,69,30
25,49,39
23,58,83
30,77,30
65,71,26
44,51,81
69,78,31
5,21,72
15,27,58
14,15,55
35,37,99
7,73,51
33,46,4
8,22,43
4,66,44
11,91,6
41,43,94
54,77,87
2,10,41
2,60,49
65,86,56
9,68,90
44,79,32
78,91,29
92,96,88
15,24,3
71,92,41
29,33,10
75,77,31
40,69,43
7,71,39
64,67,54
2,96,16
11,48,31
63,88,60
40,78,18
22,69,79
27,41,29
27,87,25
56,90,75
3,54,78
20,75,59
49,71,47
44,72,1
6,69,83
43,82,82
42,53,35
0,62,58
14,42,69
2,39,83
18,96,3
75,79,43
77,89,23
10,73,60
16,88,7
29,90,55
37,79,2
42,90,50
86,87,41
70,86,86
8,69,63
63,86,72
13,34,86
26,30,10
22,41,16
29,88,79
45,85,10
3,13,75
26,29,88
57,58,59
33,89,19
66,88,71
3,38,81
32,42,52
27,69,50
52,71,88
2,38,49
33,56,4
2,21,44
27,59,52
6,88,43
9,54,11
63,95,16
37,59,38
28,71,6
22,58,95
36,87,37
42,68,75
16,63,23
46,92,48
3,37,63
8,46,39
20,79,83
45,94,37
2,14,8
17,88,15
38,72,13
25,52,76
7,28,76
25,48,89
41,53,88
43,67,97
20,50,76
28,45,78
37,80,16
7,65,64
44,96,11
86,91,83
73,90,74
44,70,47
29,91,92
14,62,29
54,64,92
4,76,38
79,93,19
43,55,16
49,73,87
15,35,19
75,87,67
44,82,2
15,96,35
29,35,21
41,54,29
18,38,62
59,90,21
10,54,85
46,64,14
32,57,35
30,71,89
45,90,32
6,46,70
2,63,90
36,51,22
51,93,95
54,74,95
23,32,1
31,63,87
30,69,100
6,91,89
31,94,74
0,3,98
20,73,87
8,78,26
82,96,45
15,16,56
44,93,3
36,72,25
59,74,45
15,82,35
65,77,16
34,56,96
46,62,20
6,84,90
50,67,20
17,65,3
14,60,1
39,51,74
20,87,62
11,59,74
4,67,88
13,87,51
26,42,39
69,71,13
27,62,95
49,63,34
17,47,22
62,77,86
54,78,86
30,54,96
11,31,42
21,35,49
61,74,76
54,92,63
21,70,31
1,41,24
8,34,19
5,74,100
83,94,31
23,25,50
36,48,66
50,86,84
7,23,50
54,73,69
55,76,69
34,42,4
95,96,98
33,70,29
15,91,66
28,95,16
21,62,42
0,59,55
57,66,55
22,82,61
20,55,82
6,71,5
64,90,25
11,41,74
49,92,91
14,51,80
51,71,94
42,65,69
14,91,35
1,27,13
0,66,33
33,65,97
80,91,83
3,43,21
66,71,39
19,29,27
43,91,55
89,94,76
10,40,30
18,84,3
18,62,81
6,74,21
21,23,1
59,88,99
65,83,41
9,58,34
37,82,1
0,48,9
46,70,27
48,84,53
33,59,31
16,93,91
35,36,50
41,91,94
13,78,8
58,90,80
1,57,65
92,95,10
7,25,87
23,86,64
29,32,1
35,57,63
15,23,10
88,89,94
42,71,60
0,9,53
39,61,91
81,92,54
49,77,48
0,11,39
32,39,60
5,77,76
65,94,10
86,95,53
31,60,15
79,96,78
80,90,8
28,69,36
69,89,52
29,59,61
89,91,27
29,75,36
16,55,54
21,57,95
27,51,53
16,32,44
26,33,15
23,70,3
64,87,73
18,71,82
22,45,12
72,77,49
11,25,13
66,69,65
0,74,45
57,89,90
3,76,94
21,88,56
79,91,13
71,73,66
10,96,77
20,83,21
56,82,32
37,52,99
14,53,59
74,90,47
64,82,48
86,88,78
43,63,42
33,34,50
9,89,62
55,59,15
4,96,95
18,42,92
54,89,76
5,80,11
21,76,34
53,57,76
15,89,47
16,68,59
41,94,39
8,31,85
25,29,15
60,62,37
48,89,17
11,67,52
0,63,2
8,39,29
11,96,63
20,38,30
53,61,19
37,71,51
2,29,23
36,57,2
19,46,49
57,72,74
68,71,56
54,86,82
35,43,50
44,56,46
63,81,88
10,83,28
25,89,74
25,44,66
9,86,63
36,42,56
30,72,63
23,72,85
84,95,74
72,79,90
46,55,54
9,42,10
24,77,78
89,93,97
19,87,96
38,84,58
10,89,52
62,91,75
47,96,67
29,36,5
25,96,27
12,23,20
3,87,92
80,95,20
49,56,82
14,46,80
21,85,72
57,95,23
38,57,99
76,85,6
16,83,92
13,93,61
3,95,22
22,43,25
19,94,50
49,94,54
12,49,97
87,90,17
15,61,39
53,82,51
56,84,98
0,68,31
15,78,69
40,87,52
33,57,52
31,37,41
16,35,79
7,78,98
47,74,44
12,95,76
58,76,9
39,53,51
11,73,49
8,86,13
58,60,78
10,66,1
11,71,14
43,59,58
46,60,35
39,85,43
46,88,46
12,70,3
90,95,78
32,73,28
26,40,79
77,88,70
25,70,14
11,17,5
5,29,45
25,37,7
52,60,20
65,90,71
20,59,37
83,87,40
81,87,90
7,82,33
55,63,42
70,93,52
48,60,58
70,89,87
26,49,34
7,63,18
2,53,13
31,92,50
11,60,76
15,34,93
32,41,99
42,79,11
15,66,57
6,14,98
6,62,22
66,78,74
21,25,20
1,35,90
7,90,42
22,32,85
58,69,22
22,90,77
10,70,31
62,92,71
42,64,38
24,92,64
55,68,30
1,21,87
42,92,37
0,33,42
35,64,21
12,87,7
66,76,43
61,85,94
43,85,32
46,84,23
21,60,100
4,69,80
66,72,16
5,93,95
30,81,78
18,46,90
87,93,37
14,54,80
4,11,97
23,61,70
6,70,17
53,67,24
11,38,19
6,56,88
0,0,0
