16,20,46
32,45,71
20,34,62
1,7,85
3,23,7
27,37,25
4,12,38
2,29,80
38,44,53
41,48,94
1,38,46
14,30,65
11,46,16
5,48,2
6,22,48
27,44,91
30,37,32
22,28,44
28,47,14
13,23,100
1,6,18
29,34,91
1,12,86
6,48,81
1,2,74
33,40,34
8,9,24
0,42,45
25,42,16
16,25,91
22,32,94
24,45,76
37,48,42
15,46,8
8,29,24
12,13,95
27,40,56
2,48,87
1,5,37
4,25,93
17,42,74
14,29,100
11,14,34
36,45,10
10,34,88
15,21,81
19,20,64
25,32,4
30,45,10
8,40,40
0,13,72
12,35,46
26,34,38
32,36,1
3,22,51
23,24,31
18,41,41
22,31,20
37,43,59
1,46,20
2,17,16
39,43,82
1,42,10
38,42,88
22,37,2
13,25,11
8,14,85
1,44,32
12,27,61
7,15,94
10,16,15
32,41,77
6,24,34
5,43,79
16,37,59
1,20,50
2,42,2
22,48,3
31,48,35
6,20,81
25,45,87
34,37,4
21,33,88
0,24,15
14,39,62
18,23,72
20,32,38
0,26,88
10,26,40
14,24,35
37,47,73
38,39,3
19,28,23
30,47,38
7,17,46
20,38,21
6,7,69
14,40,24
6,38,80
4,38,54
26,48,2
8,18,9
5,17,76
2,13,97
25,26,86
27,42,64
4,5,42
0,32,68
28,37,50
3,33,92
3,15,91
32,46,34
19,46,20
36,44,71
10,13,48
9,20,54
4,36,20
45,47,50
29,45,56
20,24,82
13,39,23
16,28,32
5,41,4
43,44,74
32,35,4
1,48,65
1,13,71
33,36,73
33,48,39
7,29,71
25,43,57
9,26,92
46,48,43
15,33,30
6,12,86
4,31,49
0,38,49
5,46,51
13,26,70
3,30,11
20,23,31
35,41,12
22,33,29
9,23,42
0,25,44
13,24,28
16,48,69
21,44,63
42,47,31
17,43,91
0,7,76
12,34,95
7,16,56
42,46,16
41,46,93
0,18,24
17,21,53
10,15,43
31,46,69
2,6,10
5,37,18
6,44,95
14,20,20
8,30,85
27,39,68
1,21,95
21,47,50
13,40,64
14,16,34
3,4,47
4,37,56
28,29,2
1,35,27
4,41,27
6,39,43
22,27,91
6,34,35
19,44,64
27,35,61
12,14,3
11,18,20
9,28,86
7,20,47
6,31,14
16,39,76
10,38,100
8,37,71
27,46,82
4,21,74
1,31,1
24,31,30
37,46,62
20,43,17
19,41,24
12,29,75
0,8,50
9,22,12
17,34,79
19,38,46
38,40,30
2,23,35
24,32,45
23,47,44
4,16,65
20,22,59
8,32,76
16,19,85
13,16,7
35,45,35
28,36,53
12,43,21
12,40,100
11,17,44
15,19,75
12,23,15
2,10,20
15,22,62
32,39,81
0,33,21
15,25,77
15,36,44
33,44,56
14,43,57
14,28,59
11,35,16
12,31,23
11,45,37
28,40,62
23,44,61
6,15,98
7,11,58
15,31,70
24,47,84
0,3,57
0,11,67
4,47,36
7,45,99
5,16,58
32,43,67
15,17,98
32,34,34
6,33,82
35,46,35
4,35,97
9,37,15
21,43,19
15,23,5
17,29,98
39,45,5
41,45,39
2,4,49
23,40,38
35,36,24
36,43,62
11,24,67
0,4,16
17,38,41
15,18,32
8,22,43
15,26,68
41,44,38
8,47,18
10,45,54
2,20,26
21,30,65
12,36,86
41,47,65
5,19,13
7,22,86
10,24,78
25,48,90
16,22,9
11,20,85
12,24,52
16,47,11
11,13,75
5,23,38
26,37,60
11,29,73
1,9,39
6,45,45
17,40,14
4,22,92
19,40,10
19,47,60
18,26,31
20,29,6
1,39,72
15,35,33
16,30,62
10,35,31
4,40,2
29,35,77
9,12,12
17,18,7
2,8,60
9,21,4
0,34,9
1,25,21
11,31,85
6,41,64
8,44,82
29,40,63
28,30,17
5,32,31
1,30,6
23,42,43
1,36,70
21,35,49
27,32,3
18,35,7
18,44,69
33,45,79
44,45,13
14,15,15
37,45,29
23,36,10
8,19,90
9,41,34
7,32,64
9,14,79
3,46,15
21,23,69
25,31,82
26,41,25
33,35,100
19,27,4
10,43,71
22,25,71
22,44,89
8,41,83
26,32,70
19,29,64
21,31,99
45,48,95
31,39,94
28,38,22
10,27,100
30,38,27
5,22,46
6,36,41
8,23,20
36,48,96
38,48,33
22,46,23
3,45,27
2,34,73
11,22,8
23,31,45
3,14,44
0,21,15
42,43,56
2,33,94
2,22,27
0,6,41
26,30,44
39,40,51
3,24,41
28,46,42
6,25,13
17,33,23
21,37,4
18,24,81
2,25,5
33,42,36
15,24,73
17,27,57
3,10,29
10,31,20
24,39,22
23,39,88
19,31,55
20,36,55
8,39,1
7,33,7
2,46,55
9,32,4
3,12,33
33,46,95
34,38,70
8,36,6
25,27,20
4,23,45
3,40,31
32,38,9
3,28,6
19,42,87
12,32,21
1,27,85
4,19,88
15,38,19
11,15,22
20,25,51
10,14,80
3,43,54
10,32,37
36,37,85
23,37,88
9,13,39
9,47,51
2,12,44
23,45,28
30,31,83
14,22,20
2,41,71
11,44,19
10,21,72
20,31,23
19,43,95
8,35,64
5,28,79
26,45,52
12,33,71
13,34,80
8,45,23
6,47,100
24,42,9
26,35,54
8,48,95
22,24,9
12,18,5
18,48,75
19,33,35
0,15,53
7,42,77
25,47,16
7,21,34
26,27,26
5,33,93
1,14,22
22,34,43
8,27,87
4,9,12
22,41,91
0,17,36
22,29,16
25,33,89
8,13,32
15,29,52
4,30,35
18,43,25
30,46,74
26,46,18
11,42,82
9,34,19
19,30,5
8,17,21
22,38,11
13,20,80
5,30,23
9,42,56
12,26,10
9,35,73
20,21,27
16,18,97
1,3,68
24,26,76
40,48,98
10,46,68
29,31,24
29,42,79
2,43,4
40,41,56
18,32,54
34,40,20
24,41,19
25,30,80
3,13,69
33,34,77
16,36,39
16,27,86
5,12,46
8,21,13
15,30,17
29,48,58
13,33,50
39,47,67
18,36,30
8,15,64
1,24,33
9,30,92
0,20,20
27,47,46
6,42,40
25,36,75
31,38,91
8,38,48
10,20,82
12,30,27
30,44,75
11,48,52
1,40,60
17,25,78
0,43,67
0,48,9
40,43,60
13,27,26
26,42,18
12,39,63
7,26,87
5,38,61
26,31,31
3,17,9
23,43,4
7,30,30
16,42,46
3,7,31
18,25,97
14,37,18
40,46,51
10,36,8
13,32,7
2,28,8
20,41,77
10,44,14
4,42,18
22,39,6
16,40,82
2,16,88
14,38,79
5,31,29
13,42,10
15,47,25
23,33,89
20,40,27
5,7,26
1,23,34
17,41,50
15,39,27
17,26,93
17,36,30
34,35,84
21,32,46
21,45,2
18,38,70
3,9,44
14,25,47
6,32,92
3,29,42
26,28,60
6,46,72
14,42,80
3,31,90
30,35,78
20,46,88
0,12,70
19,25,39
10,48,64
31,42,96
29,41,64
2,37,13
35,47,67
7,23,25
19,26,89
5,11,51
4,29,9
24,38,31
15,20,100
11,39,42
24,34,93
0,31,5
6,10,57
5,24,45
0,29,22
7,40,57
43,45,42
34,44,83
13,44,70
9,19,39
11,40,27
5,40,65
30,48,58
29,37,84
19,23,57
5,20,4
23,27,44
20,27,63
37,39,15
25,28,26
7,12,79
7,35,41
29,46,8
8,46,58
2,15,98
16,43,1
0,23,24
4,24,100
18,21,63
36,41,6
35,44,61
3,42,76
11,32,3
0,2,50
15,27,64
2,7,46
6,28,24
36,42,23
21,36,78
4,39,41
14,26,33
5,21,9
1,4,75
29,30,100
2,18,95
21,42,26
0,47,79
27,43,23
9,39,14
26,29,95
19,36,61
9,18,25
2,36,68
29,32,37
5,27,34
27,30,84
28,42,41
0,35,29
7,8,18
16,17,20
30,40,26
13,38,79
4,10,31
29,47,44
5,44,92
40,47,93
19,45,5
16,33,10
15,45,18
6,26,74
20,42,12
10,18,94
4,18,81
6,27,57
10,41,24
27,48,60
21,28,98
7,43,78
35,42,46
6,30,64
39,46,93
16,23,12
33,41,98
34,46,11
13,35,80
7,24,86
7,34,100
16,21,42
14,33,16
38,46,10
15,40,14
9,48,65
43,46,67
18,40,58
9,31,82
3,47,25
7,37,57
16,24,94
36,39,34
5,6,79
15,48,9
8,10,6
1,45,98
44,48,55
26,47,21
15,32,72
30,34,44
4,6,63
3,32,79
7,47,82
2,31,68
9,10,54
29,33,5
15,43,98
15,37,55
2,44,73
14,31,59
17,24,60
12,19,39
12,21,96
21,40,87
11,36,83
21,38,18
22,23,61
0,30,36
33,43,7
10,40,3
4,32,28
35,40,49
23,38,34
5,10,3
21,25,17
12,20,94
2,40,74
31,43,80
3,27,54
13,17,10
17,48,96
20,45,33
4,14,2
3,36,36
17,31,58
7,39,32
20,44,47
13,28,32
1,33,25
22,43,69
1,47,74
23,46,99
3,34,38
22,26,88
11,27,42
5,45,82
1,29,11
5,36,49
14,46,15
15,16,59
26,44,16
9,17,28
11,37,50
22,36,5
35,48,14
9,24,38
28,41,73
12,47,80
3,25,59
0,36,21
27,31,81
0,39,72
19,32,72
16,32,43
32,48,41
0,46,53
9,29,65
10,19,70
7,27,71
7,46,77
0,44,84
5,25,36
6,11,69
9,46,63
22,40,41
14,35,73
24,25,44
18,37,28
25,29,66
26,36,86
5,39,99
28,34,61
31,37,77
18,27,88
23,32,28
0,37,70
3,21,48
2,38,90
10,39,11
4,33,86
3,26,37
8,11,47
5,34,72
5,14,9
8,42,56
4,46,95
12,22,86
15,28,73
23,25,11
5,15,36
7,31,28
11,28,36
26,38,51
17,20,93
1,11,75
38,45,12
18,42,39
7,10,78
29,39,15
32,42,2
25,39,90
25,46,41
26,39,69
0,9,84
38,41,94
4,44,37
24,36,91
11,34,49
5,13,77
18,31,22
13,22,53
2,5,62
10,42,36
26,33,16
4,8,88
13,14,63
19,37,49
4,15,78
3,8,1
34,45,39
19,24,4
46,47,46
7,28,27
21,48,2
13,21,84
9,11,3
8,43,40
29,38,90
2,19,39
29,36,26
9,25,21
25,38,71
16,41,19
18,34,86
17,37,13
7,38,49
28,31,3
18,39,21
5,35,14
3,16,21
3,6,66
38,47,26
3,11,81
30,36,66
7,25,36
9,45,80
28,39,65
12,42,45
24,37,31
2,9,37
13,46,70
14,45,64
13,47,31
4,7,60
38,43,40
13,15,8
32,47,14
14,32,46
24,30,62
17,28,42
37,44,59
14,48,77
25,34,23
21,24,56
3,19,59
3,38,82
30,43,56
6,19,26
28,48,4
10,33,5
3,41,46
11,33,5
11,19,74
26,43,6
35,43,26
19,21,67
10,12,51
24,33,53
21,26,63
7,41,28
0,22,88
42,44,27
13,29,71
4,48,67
11,25,36
0,0,0
