2,62,40
5,78,71
1,25,77
11,14,30
2,26,58
7,9,29
42,61,100
7,29,52
35,64,92
67,75,83
32,50,8
7,45,71
22,68,25
24,49,23
21,71,68
22,39,21
44,58,84
29,61,71
5,70,5
61,76,46
52,54,73
13,64,73
24,32,51
33,40,41
46,82,20
35,63,1
32,33,12
21,25,9
19,30,46
17,27,40
7,31,94
7,74,56
57,77,57
27,43,36
1,80,90
11,34,23
29,56,58
62,63,3
3,29,87
7,34,48
1,76,79
36,68,52
75,77,75
12,31,45
18,38,36
17,76,7
4,65,96
26,62,17
0,39,53
52,66,7
50,55,59
12,56,78
26,78,87
25,53,54
31,52,6
21,28,53
1,61,59
41,50,14
5,53,86
35,49,99
49,56,69
23,56,82
40,65,72
34,65,61
14,26,22
21,67,93
14,42,29
50,58,20
17,79,42
9,71,88
18,39,39
36,61,76
37,59,59
34,73,52
7,37,33
0,72,39
43,55,31
28,70,87
26,56,18
63,80,24
34,79,74
28,41,34
36,59,19
56,72,85
38,69,55
15,52,48
2,23,41
6,67,87
21,74,95
47,61,97
28,35,74
22,72,45
57,60,83
5,18,65
53,74,11
13,41,88
33,51,69
50,51,78
24,42,86
27,65,46
11,45,68
62,72,37
46,77,67
2,12,64
54,58,100
6,68,45
16,43,32
20,50,91
44,46,84
43,48,55
18,76,80
13,27,45
9,20,50
19,80,27
18,35,66
36,37,83
9,41,92
61,74,1
7,28,55
17,31,96
18,59,37
17,69,72
32,77,54
25,50,43
53,71,33
39,62,20
16,39,47
48,54,31
71,75,86
52,68,33
6,27,84
0,79,4
30,62,71
7,77,10
62,67,2
17,29,78
31,50,67
26,54,11
25,80,62
14,55,99
43,49,66
45,53,80
47,53,52
54,78,41
11,52,82
39,47,73
39,51,8
60,62,76
11,18,100
11,29,84
1,77,100
23,80,30
22,44,92
43,47,18
29,63,88
50,54,19
30,44,93
10,73,5
14,46,72
2,22,93
40,59,60
38,72,81
1,58,57
41,77,1
78,80,86
35,69,87
14,15,65
11,61,61
37,39,90
65,74,51
6,50,81
5,41,40
58,66,13
60,75,81
6,13,23
12,23,37
18,41,90
19,68,77
45,50,74
39,72,6
72,79,35
46,61,45
41,68,20
27,56,53
51,69,91
21,29,13
29,55,76
52,60,20
40,70,11
29,46,77
16,47,76
55,68,91
14,23,47
46,75,2
21,68,23
59,76,51
30,77,73
73,76,35
13,43,14
74,75,32
16,51,76
56,76,69
9,27,60
55,80,65
11,25,27
6,71,90
31,77,58
15,60,44
39,77,12
35,76,45
39,58,85
9,72,66
66,76,46
28,40,33
61,65,99
59,67,98
13,58,44
22,36,10
27,68,20
63,82,41
23,42,7
72,81,93
35,47,37
36,38,64
16,28,33
1,16,74
6,44,61
49,72,89
58,60,98
23,51,98
12,70,24
3,5,32
24,50,69
27,37,41
1,65,8
21,82,43
46,70,54
39,42,6
15,65,55
18,54,96
29,30,50
24,72,17
42,78,22
7,15,43
41,49,54
4,9,82
23,55,14
9,36,71
47,78,8
3,22,1
50,76,28
21,30,43
5,31,93
17,47,12
9,63,84
21,79,43
19,24,3
29,68,31
53,59,37
28,31,16
57,75,65
1,53,37
1,22,31
42,80,30
7,47,3
23,26,54
7,42,7
9,18,99
15,72,17
22,54,58
23,49,19
13,54,60
39,81,54
38,79,78
19,74,97
35,78,81
69,73,53
22,75,57
52,70,3
74,79,97
31,40,42
17,73,94
19,39,60
7,26,78
20,80,86
32,43,73
14,69,78
37,58,4
26,40,12
27,44,5
48,77,45
4,36,34
8,23,77
26,51,3
57,66,28
10,62,45
23,65,75
33,77,87
43,66,22
20,32,51
3,71,80
8,67,17
6,52,3
26,43,60
23,58,41
2,35,42
6,12,97
37,79,93
28,67,87
1,29,36
22,53,43
42,55,8
1,55,99
51,75,24
49,51,66
24,61,98
17,78,63
21,63,69
7,78,82
38,62,11
3,24,24
23,79,64
25,63,4
42,58,79
47,52,7
65,79,99
16,37,50
42,64,81
41,65,32
23,74,10
71,78,3
28,34,69
57,79,80
1,52,45
5,9,42
36,76,56
20,69,74
34,51,42
40,80,32
2,64,81
27,31,93
55,73,37
0,52,85
16,36,9
7,50,16
57,74,89
22,55,25
57,71,78
21,55,20
8,41,88
41,46,64
0,12,23
14,76,65
28,47,3
24,36,7
68,76,78
43,79,80
14,77,34
54,71,55
19,43,26
11,65,66
17,34,78
13,30,20
33,80,55
48,81,96
0,29,11
25,78,35
48,74,92
20,54,64
2,38,74
79,81,6
16,68,48
8,13,89
0,6,2
40,50,79
5,32,46
16,50,68
13,67,77
15,16,80
34,47,30
40,71,42
44,50,78
14,40,52
22,79,4
16,77,99
11,40,11
0,59,20
15,74,91
2,8,3
15,53,90
4,31,71
27,54,46
33,62,9
9,29,23
10,14,89
26,53,75
64,69,35
35,40,22
71,72,10
27,53,62
60,61,67
46,74,86
45,81,50
31,70,4
27,39,19
3,25,23
14,61,31
4,75,77
1,31,50
2,4,7
31,78,4
13,65,50
32,42,84
77,82,84
49,61,68
47,62,71
39,54,20
11,32,17
19,55,70
17,18,48
29,80,36
6,74,51
22,58,9
9,75,82
53,68,20
12,20,48
68,69,99
32,57,35
42,60,93
1,81,28
63,71,41
19,52,37
13,24,23
9,64,99
47,69,57
22,30,5
17,19,10
20,29,87
51,61,51
13,50,19
65,81,84
9,23,10
43,73,99
63,74,8
18,23,55
68,75,74
36,73,91
20,33,10
14,58,49
20,81,2
17,21,57
12,60,59
33,39,67
10,29,54
6,23,23
6,9,70
72,76,10
29,70,63
0,61,95
61,63,25
42,59,45
53,63,45
40,47,10
3,38,18
19,64,95
2,14,16
17,52,4
33,67,76
21,33,49
15,21,43
29,60,42
10,11,49
8,68,39
36,40,76
0,34,48
49,52,25
12,61,37
3,37,30
28,66,13
25,37,36
59,77,71
11,71,83
6,76,79
26,58,66
6,47,61
44,57,13
9,46,86
65,70,76
0,9,75
18,40,68
1,20,36
54,63,24
68,77,47
32,70,89
27,72,68
3,66,88
49,59,12
40,60,34
19,35,10
9,51,17
22,31,69
4,59,96
17,56,14
51,54,21
13,44,76
31,66,69
23,48,75
1,50,62
55,78,10
29,57,5
36,75,74
61,75,2
8,29,75
15,80,10
39,75,83
37,54,6
20,36,94
21,22,59
9,81,64
3,9,39
33,70,97
1,13,67
68,81,13
37,47,8
41,62,79
35,70,5
13,79,73
16,55,19
5,37,29
34,58,95
34,60,23
10,51,56
6,53,78
30,47,24
52,76,93
40,76,52
7,63,63
68,78,80
3,17,44
38,44,95
59,73,46
17,46,74
0,63,21
9,17,64
60,76,61
11,50,38
6,49,13
59,74,74
9,73,60
32,55,83
47,59,77
30,79,20
0,13,41
16,81,18
11,49,1
2,25,5
3,32,75
34,74,33
24,74,55
18,79,41
6,34,72
55,82,40
9,22,30
6,57,73
7,25,80
64,81,27
6,62,60
62,74,51
50,57,64
43,68,3
58,74,63
0,46,92
15,66,62
48,52,97
30,46,71
23,73,63
42,68,11
34,70,44
12,72,48
14,33,92
3,64,40
37,82,75
7,61,71
27,81,32
65,66,19
31,37,14
40,54,54
39,76,97
37,46,5
40,43,13
30,80,31
23,69,88
63,77,65
56,75,77
3,80,7
26,32,100
70,73,26
0,25,65
15,76,30
7,24,42
34,63,91
19,36,6
14,37,75
49,57,14
72,74,76
34,64,44
23,50,43
0,22,57
46,56,67
5,50,90
22,64,39
65,71,98
1,79,94
28,81,22
51,76,8
16,73,92
66,72,80
13,63,16
8,78,93
60,68,63
45,52,24
9,16,24
26,37,14
6,78,64
27,28,97
52,59,89
58,61,80
39,43,49
10,20,66
61,66,65
21,37,30
1,21,30
14,73,37
15,78,69
41,59,17
19,75,39
37,63,2
34,37,53
19,76,36
31,72,74
28,80,43
47,77,36
12,32,45
77,79,87
20,39,3
34,48,31
3,40,41
25,44,66
14,17,88
17,42,84
33,72,92
11,46,90
28,36,84
6,29,42
20,24,92
62,81,12
43,64,12
36,58,59
12,18,79
43,52,11
73,78,50
2,19,52
52,80,91
10,35,49
1,48,22
35,68,69
6,26,20
0,30,3
25,54,81
37,57,74
39,60,84
2,78,73
58,71,50
11,81,28
35,50,32
59,78,86
1,27,38
50,66,42
26,44,90
14,20,48
18,65,6
48,68,37
3,51,67
29,44,27
42,46,6
16,59,82
39,74,25
43,74,59
39,57,12
21,44,35
33,52,35
46,48,75
56,71,53
49,81,32
14,51,72
11,17,90
18,73,82
42,57,51
40,79,84
28,44,14
10,71,82
3,55,90
49,71,96
9,42,23
31,69,14
13,29,26
13,59,22
28,32,64
25,49,27
66,77,71
6,25,81
46,47,97
55,58,96
11,35,48
28,77,38
39,70,1
3,59,95
47,56,73
2,13,92
17,77,79
49,74,5
27,71,33
43,81,80
17,49,52
61,77,45
18,56,83
11,59,34
40,74,74
4,22,58
6,72,26
60,77,28
69,77,23
27,79,57
32,41,50
7,76,26
27,62,11
36,77,49
2,52,10
4,57,30
1,41,56
36,81,52
18,80,61
30,81,97
49,73,57
14,62,8
10,56,89
51,80,90
30,51,19
43,71,74
21,42,93
8,36,87
1,39,86
5,49,69
5,27,48
3,11,63
26,49,74
50,77,100
5,33,10
27,76,80
2,69,67
3,18,55
18,48,100
27,80,44
6,22,48
41,64,55
31,46,5
17,48,10
30,41,92
75,81,20
31,48,87
8,62,62
22,45,89
24,66,61
17,72,32
32,82,64
33,37,59
12,36,40
12,24,39
30,59,43
44,63,3
58,76,5
1,19,37
59,82,18
54,80,99
37,65,60
8,46,14
52,72,55
6,54,47
30,66,20
67,76,76
13,82,98
43,76,10
0,16,62
6,75,17
15,55,33
3,34,33
13,49,57
10,41,78
37,56,64
56,61,100
52,56,3
12,33,68
46,49,2
1,18,20
67,77,13
11,20,99
70,76,32
7,53,72
17,35,46
0,73,51
61,69,22
29,32,78
37,45,67
15,29,90
13,75,47
20,63,53
9,37,72
19,26,29
2,28,39
36,64,63
53,65,78
48,70,46
42,48,86
0,26,96
15,18,99
9,77,21
12,49,18
18,72,9
32,80,68
26,30,71
22,59,52
36,82,42
18,78,91
0,57,60
8,47,94
4,82,1
52,73,97
37,60,96
53,61,100
45,75,40
30,71,30
8,53,2
51,65,24
24,41,92
41,52,82
40,77,30
1,73,13
4,24,29
42,50,39
5,10,87
29,48,89
10,70,17
17,66,98
75,76,8
21,54,21
60,70,64
47,76,50
16,46,69
13,61,95
64,75,27
68,73,11
26,71,64
44,69,72
4,58,32
43,62,47
43,82,37
78,79,95
4,63,72
19,82,22
17,44,83
28,65,63
63,65,100
28,46,90
28,53,100
22,28,64
14,80,91
32,76,14
76,82,92
12,66,89
54,72,27
20,57,99
16,21,58
20,44,20
9,61,53
28,63,40
11,64,82
44,55,52
0,14,9
56,70,32
11,41,48
7,66,76
3,47,32
0,54,57
55,64,17
11,63,42
33,76,36
76,77,6
28,29,20
37,41,80
22,26,98
7,11,22
12,64,41
53,62,99
23,39,3
35,48,46
22,34,44
8,82,38
12,73,4
5,22,64
19,77,56
40,42,72
26,73,18
16,58,87
62,71,44
35,77,85
44,82,66
5,55,63
46,59,69
14,68,99
44,81,71
27,35,31
20,78,57
50,81,61
48,75,5
6,73,67
17,23,67
31,39,44
6,80,40
4,66,6
58,62,16
59,68,31
51,56,58
29,69,46
15,54,21
12,40,7
21,23,59
53,57,13
34,71,10
38,71,87
12,67,11
62,76,7
27,60,51
10,72,9
28,68,58
29,43,90
33,71,100
49,50,47
33,59,70
2,51,59
2,47,86
1,60,21
23,75,27
5,69,51
18,34,11
23,78,100
50,80,41
55,56,5
11,23,21
11,36,52
62,70,68
10,69,82
18,57,7
17,75,7
33,50,99
4,6,76
25,62,96
61,73,79
74,80,38
2,24,84
25,32,96
7,36,14
14,36,94
17,67,37
8,44,78
41,56,81
26,64,94
13,74,86
23,29,89
4,19,68
49,54,91
0,28,31
8,12,45
36,65,93
26,34,54
17,41,16
19,48,14
19,23,37
53,79,66
49,63,10
48,67,5
5,47,91
44,62,3
2,75,44
16,49,55
12,57,82
34,36,3
34,78,34
51,52,87
12,65,62
0,27,31
45,79,48
53,64,11
4,73,30
8,18,15
23,37,41
13,57,44
13,36,24
12,47,71
23,72,5
30,82,10
5,51,100
20,25,51
44,66,73
49,76,94
0,31,29
52,61,98
30,70,74
48,51,67
4,52,1
3,65,72
1,7,84
13,47,25
12,14,26
8,31,90
12,76,25
47,82,44
39,79,47
38,41,63
47,64,59
1,44,40
71,80,13
58,80,38
41,61,92
52,74,25
5,64,65
21,66,8
80,82,14
3,39,24
69,72,76
0,8,59
52,55,27
40,67,89
24,46,55
55,65,47
1,12,2
28,33,77
48,72,67
75,82,14
54,74,23
31,53,16
43,78,54
24,27,46
55,77,28
25,27,38
45,66,56
20,51,10
34,81,3
14,18,91
16,74,12
45,57,96
25,38,62
18,19,35
31,64,25
2,3,94
15,44,66
53,78,83
22,47,73
18,50,66
37,80,25
16,53,88
6,39,74
12,52,18
1,51,90
4,43,15
7,67,88
63,70,13
15,62,47
44,48,76
13,60,24
11,22,75
26,65,86
12,63,37
7,55,77
21,81,23
10,53,100
10,16,78
6,63,31
6,38,84
17,71,28
23,28,70
50,70,56
46,53,55
5,60,99
50,64,41
13,28,23
25,70,92
5,25,25
30,56,86
52,64,13
20,74,1
41,54,87
24,65,80
14,48,17
12,28,77
64,65,41
13,76,45
14,47,40
11,43,55
30,78,65
3,16,8
11,33,68
57,62,85
35,82,49
5,28,92
44,67,84
12,45,100
50,74,98
44,60,8
39,55,77
3,82,5
32,68,40
74,77,53
29,52,39
20,31,90
25,67,90
33,82,19
34,61,73
59,79,97
59,71,11
39,66,25
10,47,40
14,31,9
5,77,14
3,10,69
31,58,46
6,32,68
4,28,93
42,70,62
40,69,18
46,79,99
0,55,76
62,73,3
39,71,37
5,29,82
20,56,64
25,47,74
17,43,39
45,58,56
26,52,32
38,74,87
16,20,1
65,80,56
2,58,91
66,68,62
35,81,58
65,68,49
53,77,81
24,34,11
38,80,22
41,48,57
7,59,72
54,69,25
57,73,80
19,32,86
9,30,42
57,63,26
65,78,13
5,11,71
34,55,1
38,65,78
49,69,64
30,45,1
1,71,96
22,82,81
24,75,87
62,77,33
7,35,5
23,66,95
18,22,35
46,67,23
4,72,84
8,79,100
8,32,55
24,26,12
1,38,8
49,60,19
69,71,3
0,76,57
24,43,84
3,58,75
12,34,93
8,57,94
63,73,52
2,34,45
13,81,97
41,44,65
44,47,63
1,67,10
31,71,59
10,23,65
21,26,93
1,56,15
11,53,92
0,80,10
20,75,93
3,56,21
35,71,98
18,75,51
23,47,32
19,67,8
28,60,24
54,65,6
6,28,70
14,21,1
4,53,79
24,52,49
10,57,10
11,54,81
11,13,2
36,53,41
44,70,46
24,59,74
30,58,50
6,46,21
5,40,9
30,65,97
43,60,30
12,53,51
51,57,54
45,74,85
28,76,47
20,41,33
54,68,34
15,49,86
7,23,79
40,72,93
13,73,12
17,63,72
22,76,67
24,45,19
17,25,14
75,79,1
0,78,55
24,63,44
55,60,60
17,38,59
33,74,21
58,69,47
11,24,38
4,32,16
28,78,8
48,62,67
8,9,1
48,65,9
30,69,66
2,20,13
5,24,41
8,45,78
47,70,6
60,82,77
16,40,13
38,64,83
19,31,6
33,55,43
32,56,26
43,69,26
22,81,5
27,34,46
3,45,9
5,12,34
54,67,43
38,58,96
54,62,29
13,17,88
12,75,39
19,50,26
48,64,72
20,59,46
27,78,77
0,53,21
33,63,76
15,71,7
3,14,92
22,65,13
32,64,16
17,45,82
7,58,87
15,40,42
8,37,84
38,49,97
58,75,43
55,81,85
32,81,74
10,37,65
40,75,62
10,19,71
12,71,1
12,69,79
14,82,61
43,63,55
7,60,34
5,46,19
21,78,32
1,49,13
6,61,78
45,59,91
50,62,6
16,22,87
26,80,14
13,51,38
52,82,93
7,51,61
5,8,20
1,42,76
58,72,90
25,30,7
56,62,54
32,39,60
35,37,80
16,76,2
15,35,80
13,33,76
21,76,71
61,62,83
33,42,56
66,75,47
43,77,41
78,81,13
37,51,61
0,40,77
13,78,49
6,10,39
32,37,48
19,53,10
74,81,83
31,59,95
55,62,20
5,19,81
45,61,68
16,61,69
2,30,72
27,82,88
21,75,6
21,40,3
4,16,44
17,80,71
35,75,46
38,66,35
3,8,7
37,69,18
31,56,17
42,49,75
53,72,32
54,77,80
25,36,50
22,40,75
10,21,27
35,51,39
25,28,78
2,56,47
16,18,22
25,29,82
19,60,59
8,10,51
46,80,11
9,48,84
76,78,58
4,17,54
52,69,11
46,55,38
8,33,7
0,35,54
72,75,2
21,77,50
59,72,34
28,64,84
51,53,38
42,56,23
12,50,81
19,70,48
71,81,9
14,24,95
13,16,80
73,82,80
18,58,60
16,60,43
46,65,100
8,50,55
28,37,55
26,76,89
23,53,6
32,59,11
14,39,68
10,77,48
11,62,94
6,65,39
37,55,13
56,68,100
15,67,15
36,60,51
4,7,85
15,59,1
60,79,31
4,51,53
16,41,85
40,61,58
6,24,83
7,81,24
70,80,67
21,27,44
79,80,1
28,30,5
40,53,4
7,22,87
21,69,92
33,47,39
18,81,66
37,77,33
17,30,61
25,41,68
2,59,61
7,16,28
21,39,54
19,20,68
15,33,72
15,45,38
24,48,71
6,81,28
15,31,48
27,41,64
5,75,1
9,82,62
65,77,19
57,64,50
38,75,18
1,36,90
48,58,12
22,73,27
28,50,58
6,51,46
44,49,51
23,31,100
36,78,48
4,74,62
5,14,37
51,66,73
7,82,78
29,79,31
66,71,23
50,72,18
20,52,71
13,21,38
21,24,100
61,79,41
2,10,40
26,31,19
58,77,62
18,25,31
1,26,67
52,58,95
32,75,30
12,39,26
8,69,16
22,48,41
22,50,15
24,28,99
15,25,56
65,75,5
10,64,99
1,35,86
67,69,14
56,57,87
15,70,39
57,58,88
30,43,90
3,48,26
41,69,10
33,57,50
35,44,92
8,75,97
59,81,38
41,42,98
13,18,9
12,78,13
51,64,11
45,60,11
63,64,52
38,68,85
4,21,47
25,48,95
52,57,78
21,64,33
21,73,86
33,54,69
15,36,58
19,44,68
30,63,51
70,82,44
7,13,82
30,38,61
6,15,23
48,60,54
36,55,9
42,53,94
48,57,41
20,40,52
55,57,43
17,22,34
14,16,23
11,75,41
16,64,63
29,66,61
58,81,90
16,35,95
14,79,95
58,79,83
11,66,33
27,74,2
0,10,69
53,66,76
29,64,1
14,53,28
14,19,39
8,11,16
9,12,58
14,64,32
31,55,62
2,61,55
13,46,45
14,57,27
28,74,37
32,58,79
49,55,100
26,70,47
9,74,1
48,53,94
15,61,45
24,80,68
7,19,45
8,40,34
49,53,44
12,13,28
44,65,60
38,63,15
22,61,92
74,78,29
6,79,63
10,78,92
5,62,47
45,71,42
1,23,55
15,38,36
22,29,80
33,60,82
4,61,44
43,65,67
12,25,78
60,63,42
45,49,35
27,63,18
65,76,70
11,31,57
53,73,36
63,78,42
9,11,97
10,58,86
56,64,68
35,59,90
15,57,83
61,71,51
20,45,57
5,57,44
58,70,83
17,62,90
18,66,60
45,56,90
23,45,56
37,72,77
19,21,49
42,66,52
11,42,48
0,17,62
20,67,40
13,19,72
43,56,82
25,73,52
8,60,21
48,56,2
18,24,55
13,34,5
10,59,32
45,63,32
15,51,10
16,33,47
3,41,97
17,74,37
31,54,23
20,64,36
11,55,56
16,26,91
1,15,46
38,82,100
20,53,73
4,46,5
38,42,56
47,65,86
7,62,39
1,72,24
19,56,43
3,57,94
20,66,13
37,62,2
2,42,79
10,17,94
8,70,75
38,57,19
21,80,11
41,74,32
13,31,17
19,49,32
17,39,70
53,75,13
62,79,32
32,60,34
48,63,93
77,81,60
16,48,73
19,25,32
5,59,61
47,81,55
10,75,28
44,78,72
8,56,80
29,77,50
11,38,53
65,82,99
31,81,91
27,75,73
13,55,54
23,43,8
31,73,91
13,39,93
34,59,84
26,59,20
60,81,41
2,33,24
62,82,25
5,56,77
33,75,55
54,61,46
68,82,94
13,66,88
21,59,44
37,49,38
29,58,76
24,57,65
8,51,93
43,45,60
31,43,49
57,78,24
44,45,89
4,40,25
59,80,49
30,72,62
16,23,62
35,80,49
29,53,100
16,34,22
20,62,31
24,76,45
50,71,49
26,41,2
13,32,9
23,34,47
10,24,47
31,82,46
34,54,65
30,73,63
52,63,100
19,79,24
5,68,70
34,82,94
50,56,81
44,52,38
75,80,9
23,35,71
55,70,90
2,9,28
35,58,41
17,54,39
42,81,1
8,19,35
6,11,68
60,64,7
40,82,54
8,34,21
29,72,17
35,53,86
69,74,58
22,23,25
21,48,91
52,78,67
47,73,99
10,31,74
31,33,94
1,2,12
14,52,57
16,27,60
23,41,83
69,76,18
24,31,47
11,26,32
47,57,50
8,58,77
2,63,66
25,40,14
0,5,28
41,71,88
70,78,26
36,44,60
6,31,74
18,20,43
35,60,11
3,74,55
70,75,90
44,61,58
1,9,16
73,74,52
46,51,53
44,73,54
25,75,7
32,44,16
24,39,94
3,60,96
38,46,97
5,36,18
8,42,39
42,52,40
24,54,91
15,64,1
10,66,40
21,35,46
62,66,62
36,80,35
0,70,51
48,50,70
56,81,40
45,48,23
59,60,73
0,65,80
24,53,24
55,76,49
5,26,41
39,61,85
10,52,63
2,5,34
29,41,9
7,30,96
34,46,66
20,49,31
26,55,99
3,63,92
25,69,80
23,33,60
4,67,87
18,67,36
46,63,51
4,47,11
43,50,29
11,58,13
34,38,85
69,79,42
56,69,8
9,65,1
24,78,14
28,51,3
10,49,47
4,34,34
70,79,68
3,62,79
59,75,13
50,67,14
14,34,86
47,71,33
29,54,20
59,70,66
6,33,96
13,35,90
41,82,15
33,35,69
0,20,93
13,62,23
54,59,9
5,35,20
13,26,48
2,55,73
1,69,99
27,58,77
18,44,93
25,31,52
2,6,12
37,64,64
56,74,2
47,79,26
9,38,31
6,17,77
31,60,53
31,67,28
19,66,28
45,76,41
23,27,64
14,56,67
18,68,22
24,81,52
69,80,5
14,29,27
34,50,50
14,72,17
11,28,72
0,75,41
17,61,93
13,80,20
36,57,10
26,69,86
8,16,100
51,81,64
48,78,71
21,51,72
25,55,4
18,47,74
12,15,45
33,81,89
29,45,24
36,56,17
24,79,10
8,26,33
52,62,72
9,49,78
5,6,47
12,54,74
70,81,43
20,42,47
32,53,65
25,51,71
4,35,75
21,46,98
1,24,14
20,27,40
5,7,95
0,11,40
10,39,85
6,43,4
23,82,41
63,75,18
67,71,90
19,73,75
9,24,58
30,42,14
0,48,1
1,10,61
52,67,15
31,42,38
11,79,23
49,62,39
3,46,61
10,80,17
57,80,56
18,32,2
39,80,84
32,47,37
52,75,77
1,47,61
60,78,82
2,82,66
51,70,42
12,43,27
32,62,96
16,75,11
17,26,49
0,38,54
15,26,67
4,12,42
9,60,13
2,53,8
56,58,21
13,25,29
51,68,81
29,42,2
9,76,20
12,30,70
20,23,7
19,27,55
47,75,13
40,49,69
2,37,45
4,27,85
38,53,4
38,52,73
37,43,62
13,37,52
64,80,85
26,63,83
2,65,40
10,68,40
39,59,58
1,37,36
16,65,37
66,80,94
40,46,41
55,66,64
35,54,55
3,49,40
27,66,29
21,31,15
15,68,5
21,52,41
29,38,52
16,71,16
12,81,98
38,47,38
10,25,29
7,49,53
12,26,32
60,67,86
31,44,30
18,36,12
1,45,99
72,82,79
57,81,25
30,55,82
4,60,73
13,22,59
6,41,25
57,82,97
22,70,94
25,58,14
31,79,67
18,62,20
61,81,36
23,64,58
10,13,28
10,42,97
16,19,81
0,37,93
18,55,29
25,74,1
28,43,61
9,21,90
4,5,20
3,72,12
37,42,96
30,49,5
30,53,16
8,30,15
62,75,20
37,67,57
28,42,19
57,69,13
14,54,25
3,26,42
29,74,17
34,45,84
18,64,14
31,36,66
38,51,57
9,78,24
72,77,54
28,48,10
3,7,1
7,21,94
26,47,26
8,77,22
24,82,94
38,56,32
24,37,85
62,69,46
11,57,5
25,59,82
9,59,80
34,77,94
19,33,30
51,58,47
26,60,75
5,79,42
60,71,63
23,30,83
55,72,91
39,78,30
4,13,81
10,65,4
52,65,14
9,70,95
2,41,77
7,52,58
43,54,76
65,67,89
49,67,16
59,69,84
42,47,60
29,62,65
3,36,88
25,65,79
60,66,67
35,38,19
23,44,9
45,54,61
4,76,39
12,74,8
15,50,84
55,61,55
12,58,6
36,74,72
21,50,29
31,47,58
4,41,84
24,47,28
6,40,54
3,61,24
15,19,94
13,68,45
22,51,50
7,68,66
25,46,52
25,82,36
22,52,56
14,75,48
3,15,14
39,67,8
68,71,90
22,56,27
57,68,42
49,78,8
19,28,29
0,21,20
2,40,1
12,37,43
35,57,9
64,82,48
2,54,84
9,35,33
7,79,79
23,46,2
78,82,65
48,55,42
33,41,58
15,58,16
41,45,52
81,82,42
50,78,9
38,54,43
47,68,98
7,70,11
46,68,8
8,38,69
0,81,32
2,57,13
47,67,46
31,51,62
12,16,100
11,30,99
15,32,48
4,37,46
27,48,51
40,78,43
41,79,29
18,51,75
46,76,45
31,61,93
1,63,92
21,32,45
22,66,12
17,20,3
40,52,17
64,68,82
10,67,64
48,66,62
38,77,62
69,81,32
22,35,57
12,19,27
0,82,10
41,51,89
9,15,22
67,79,58
67,73,95
9,57,43
23,63,4
10,30,41
51,78,47
5,80,17
3,6,16
29,67,3
18,29,43
30,64,5
68,79,21
32,72,57
20,48,14
63,66,17
41,43,90
62,80,26
76,79,29
13,14,9
34,44,50
36,69,30
64,71,72
51,77,22
26,39,35
15,23,29
6,66,8
24,68,49
7,18,84
32,69,24
73,75,44
7,27,79
8,55,22
7,41,73
3,33,56
33,61,3
15,34,21
4,78,31
18,21,88
50,68,7
30,48,19
7,64,41
15,81,16
18,61,67
20,55,12
25,64,94
37,68,21
22,62,55
37,73,17
28,82,37
18,77,63
13,72,85
8,59,29
64,76,53
30,68,3
31,80,27
35,61,27
39,65,65
34,72,46
0,15,22
15,27,75
30,31,9
24,30,50
30,60,93
37,74,21
27,40,5
4,30,29
26,61,16
4,54,37
23,38,14
2,15,39
22,24,95
50,63,98
22,42,48
26,75,49
24,58,87
38,50,75
16,69,76
13,20,96
10,36,92
27,33,23
47,58,35
25,35,73
1,70,57
76,80,54
58,65,81
2,21,34
10,61,90
14,44,75
2,50,33
26,66,53
56,60,4
66,79,90
19,57,48
58,82,100
73,81,63
0,56,39
54,73,64
6,7,61
35,56,24
0,41,17
32,36,38
22,43,41
61,82,20
1,3,33
51,74,99
9,52,36
45,68,62
20,68,1
16,30,84
64,66,29
31,68,83
3,21,1
9,47,13
55,75,50
42,79,43
43,58,96
4,38,48
23,59,1
50,53,17
24,69,35
43,57,87
40,68,36
2,49,74
21,53,97
71,73,23
28,61,38
19,63,78
67,80,99
7,33,67
21,34,96
34,62,79
14,30,30
36,49,13
67,81,15
52,77,66
8,76,82
5,72,88
2,80,45
10,48,1
47,66,69
11,37,22
58,68,31
14,71,53
29,35,35
1,30,65
59,63,46
17,55,87
8,39,86
56,77,54
3,52,45
35,39,52
35,41,76
11,44,28
47,50,79
55,63,7
64,77,65
32,52,27
44,54,89
0,47,94
28,62,41
34,66,41
5,58,71
15,17,30
25,43,4
54,76,40
29,34,59
58,63,74
0,62,40
34,68,73
54,55,3
40,81,50
14,38,5
21,70,72
3,77,48
4,26,12
10,22,59
17,33,64
7,71,62
2,79,81
35,55,28
27,51,68
16,52,10
53,58,11
17,70,61
26,50,38
21,72,67
9,69,22
24,38,40
6,16,11
1,5,75
9,14,20
38,59,99
27,50,49
29,71,21
57,61,52
5,16,34
17,81,11
5,73,5
30,39,25
57,59,31
35,36,13
14,25,65
23,24,5
45,77,23
40,63,19
14,66,50
32,49,98
35,66,25
40,58,59
65,73,30
2,36,76
11,80,47
79,82,75
12,77,17
19,22,29
5,13,35
25,81,21
3,76,31
38,67,75
29,39,89
48,80,42
45,80,76
4,49,67
19,65,64
3,43,88
8,52,30
12,46,49
3,73,25
16,29,70
26,67,67
62,78,28
29,82,17
73,80,53
8,54,49
29,33,29
4,50,86
15,20,66
2,32,51
73,79,93
48,76,55
5,54,99
80,81,31
42,77,42
25,72,5
6,37,79
13,70,65
46,52,83
45,46,72
13,15,21
42,63,1
27,67,5
42,73,67
18,82,97
37,52,70
34,67,68
39,45,25
4,25,48
73,77,3
8,15,16
59,66,56
30,32,62
42,54,41
32,61,3
26,74,26
9,39,62
8,20,94
3,69,67
13,40,65
63,67,92
39,68,58
9,25,69
5,17,39
11,73,19
46,78,31
32,73,13
6,77,29
8,27,95
62,65,86
6,21,46
2,67,50
67,70,70
26,72,30
0,32,95
44,72,83
5,21,49
20,77,58
10,81,88
0,1,40
9,62,19
47,55,15
6,35,32
36,70,54
56,80,80
7,54,84
59,65,2
0,18,96
47,63,13
12,68,60
24,44,40
10,33,44
34,39,24
11,56,62
2,72,51
41,63,61
29,49,80
12,59,86
25,52,86
1,33,60
35,42,81
61,72,74
10,63,38
5,66,50
43,61,63
33,69,12
54,60,73
40,62,59
30,37,89
50,69,62
0,43,26
2,39,29
19,34,9
5,45,66
64,78,72
2,77,93
28,49,50
36,71,85
2,66,26
36,62,19
24,56,73
2,29,96
8,71,14
19,69,69
38,81,82
21,36,48
8,35,56
64,72,29
18,60,40
15,46,84
39,52,69
2,46,26
69,70,36
30,35,20
12,44,78
8,21,2
0,3,10
49,82,67
23,61,94
9,31,44
11,74,53
28,59,80
52,81,9
9,50,79
8,64,70
41,60,40
27,55,70
45,62,92
38,60,24
6,14,32
54,75,17
33,65,91
42,51,44
48,71,78
24,35,30
25,77,95
1,11,76
14,70,67
69,78,14
20,76,3
4,14,49
9,79,60
41,78,71
53,70,3
6,56,54
51,59,41
15,30,35
3,27,81
2,60,42
27,61,43
3,12,69
7,43,65
31,34,8
22,57,9
25,45,56
48,82,29
56,73,82
20,28,97
35,73,22
37,53,8
23,57,12
34,52,79
24,73,16
26,29,28
25,68,64
39,49,19
4,11,84
12,51,85
3,20,59
58,78,35
64,67,84
22,25,20
38,48,91
17,50,77
10,55,96
23,62,30
3,67,39
24,64,68
63,69,31
58,64,66
27,42,81
22,78,37
51,55,6
30,52,51
50,79,16
12,22,83
1,74,91
68,74,14
33,43,46
10,82,18
6,30,97
22,37,52
24,25,71
10,28,80
21,43,12
30,61,71
32,63,78
25,33,34
51,60,48
46,69,30
26,77,50
19,47,75
29,51,23
56,63,96
49,66,21
35,43,17
44,79,100
0,64,15
38,40,5
15,56,87
11,21,27
42,72,77
22,60,49
38,61,23
36,43,70
21,62,34
30,74,17
38,76,25
11,51,64
39,73,18
26,38,87
26,81,10
65,72,87
22,77,72
43,53,56
8,73,28
2,27,89
40,56,49
5,48,36
6,20,63
11,69,14
1,68,29
44,53,42
37,44,28
0,36,46
46,81,86
31,45,67
36,46,37
40,48,81
18,43,49
44,71,89
18,63,72
22,27,52
14,67,76
29,36,94
70,74,33
37,81,79
1,14,23
11,82,9
31,75,24
41,81,95
17,64,54
45,65,20
26,33,56
34,69,93
12,17,8
19,54,91
4,45,51
31,65,41
41,53,66
16,72,26
9,53,87
48,59,26
29,40,2
10,60,12
1,46,55
18,26,12
66,74,2
42,44,96
4,68,96
9,45,51
48,73,15
18,31,97
1,32,17
9,80,80
19,37,51
66,70,12
26,46,59
9,28,14
51,73,28
60,73,11
27,32,46
28,79,13
55,69,23
19,78,25
34,41,35
17,68,50
3,81,75
37,48,66
2,45,31
61,64,21
24,29,37
37,50,36
31,41,13
16,66,84
2,43,76
47,72,4
9,54,18
43,67,70
33,38,91
46,58,61
38,55,21
10,50,12
14,49,80
76,81,91
47,80,74
61,68,70
14,28,11
11,12,52
2,74,35
33,45,69
15,42,83
14,32,28
45,47,64
8,81,85
51,63,54
13,52,81
5,82,40
39,63,1
4,80,55
31,74,23
4,56,82
66,73,10
33,46,70
17,60,25
1,28,96
49,79,8
4,69,68
29,50,93
54,56,76
10,44,79
14,63,13
13,42,96
25,61,70
7,40,59
32,45,26
0,0,0
