1,11,52
10,13,10
14,15,16
0,12,29
4,14,14
5,7,97
5,13,72
5,8,27
3,10,48
9,12,74
4,11,75
2,5,38
6,13,27
4,9,58
3,14,11
2,6,92
1,2,47
10,12,8
4,13,43
3,15,6
6,11,9
7,9,22
4,10,78
1,8,94
0,13,98
5,15,81
8,10,18
4,6,11
0,14,19
0,7,80
3,6,38
11,15,73
0,11,100
5,12,76
7,15,54
7,13,34
9,15,29
8,15,3
6,9,3
8,11,16
10,15,64
3,12,61
0,10,43
11,13,17
13,15,28
7,11,70
2,14,61
12,15,74
9,11,81
2,12,47
3,13,45
2,11,71
9,14,65
12,13,93
1,14,28
6,14,21
9,10,50
6,8,15
1,15,3
0,5,9
5,10,9
8,13,100
2,8,20
0,2,5
5,14,5
1,7,43
11,12,18
1,4,71
6,12,7
4,15,86
7,14,17
6,7,31
0,3,13
2,3,66
5,11,20
6,15,51
7,8,96
0,15,92
1,6,2
8,9,64
4,7,27
1,3,85
9,13,72
2,4,25
0,9,4
3,5,13
4,5,59
1,13,48
1,10,33
2,9,89
3,9,93
0,1,29
5,9,36
6,10,22
4,12,7
11,14,14
10,11,52
0,6,9
8,14,88
3,8,83
3,4,45
2,15,49
10,14,96
5,6,62
8,12,64
7,10,64
1,12,59
2,7,99
0,8,46
3,11,61
1,9,31
13,14,82
7,12,8
3,7,84
0,4,28
2,13,6
12,14,92
2,10,22
0,0,0
