3,8,51
2,15,1
9,14,20
11,16,54
1,3,62
0,14,99
3,15,6
11,13,74
14,15,8
8,10,49
9,11,70
6,12,77
5,15,94
3,5,81
11,14,53
0,16,63
6,10,3
12,15,94
2,7,26
7,12,72
12,13,75
0,13,32
0,10,44
2,14,83
10,16,92
1,2,49
0,18,8
8,9,37
3,6,51
4,18,36
9,13,49
8,11,65
6,9,42
2,8,25
0,1,4
15,17,51
1,16,13
9,15,31
5,14,14
9,12,100
7,11,66
16,17,46
6,11,96
4,5,70
14,16,40
8,12,90
2,12,92
10,14,8
2,3,58
11,15,81
0,4,43
17,18,20
5,13,43
10,18,72
12,16,50
6,14,4
4,13,9
2,16,72
4,16,48
7,18,63
5,11,10
2,9,51
8,14,100
6,17,32
1,8,83
10,11,27
2,18,31
4,12,13
15,16,13
7,13,31
6,13,84
2,13,50
3,13,33
3,17,36
6,15,18
15,18,37
11,18,69
0,0,0
