3,14,27
5,17,4
0,10,76
10,14,72
10,13,6
6,7,36
7,11,52
13,14,9
4,14,2
1,2,98
1,4,3
2,14,58
3,10,57
8,17,22
6,14,68
7,12,2
10,15,44
8,11,24
10,17,97
3,13,54
8,10,68
9,12,96
5,8,1
5,13,29
11,15,36
0,11,50
5,6,70
3,11,66
2,16,63
6,8,56
9,10,58
0,6,89
12,17,71
3,7,69
6,10,4
8,15,98
3,17,85
11,13,17
2,9,49
4,17,83
0,2,66
9,15,26
0,12,2
6,9,93
10,16,46
4,6,48
4,8,31
5,16,93
0,16,64
4,5,13
7,13,18
4,9,40
14,15,31
2,4,11
13,16,74
11,17,89
13,17,53
8,9,2
1,14,84
1,11,54
4,16,42
8,12,72
2,11,35
3,12,95
4,12,32
1,3,35
1,8,39
10,11,70
2,3,49
1,12,42
15,16,66
12,13,8
13,15,55
15,17,71
3,6,6
0,17,60
0,1,15
12,14,49
9,14,85
8,16,5
4,13,12
2,5,45
0,15,7
0,3,95
3,8,80
0,7,53
2,6,100
7,17,70
1,9,67
3,4,40
1,13,91
4,7,90
8,13,77
6,13,4
3,5,48
9,11,95
14,16,57
2,7,94
1,10,57
7,10,55
5,7,25
2,15,64
9,17,13
2,8,97
11,16,76
3,15,94
4,10,74
0,13,71
1,16,91
3,9,59
0,8,92
5,10,36
16,17,18
6,16,33
6,12,35
7,14,15
6,17,1
5,14,35
9,16,84
1,15,51
14,17,41
1,6,22
4,11,74
6,11,90
5,9,1
9,13,44
0,9,1
1,5,53
4,15,40
5,12,7
5,11,11
7,15,54
10,12,11
7,16,62
1,17,74
0,4,58
6,15,32
0,5,39
0,14,34
12,16,92
7,9,49
11,14,66
2,13,75
5,15,97
2,17,9
0,0,0
