7,51,68
14,33,87
54,64,86
0,41,80
58,62,48
52,57,25
14,42,49
42,55,31
32,38,84
7,53,43
27,61,98
7,24,73
4,53,8
12,20,2
7,37,45
59,65,44
24,65,34
37,43,52
55,61,8
5,51,100
23,59,94
23,40,25
3,40,87
24,35,3
12,26,57
13,21,76
24,43,2
51,59,18
12,46,24
0,47,66
39,51,53
4,51,47
1,28,95
3,29,9
5,15,20
18,49,30
17,20,67
35,41,25
34,41,95
3,57,32
55,57,19
34,53,57
17,48,28
2,56,16
21,54,70
7,41,51
25,63,77
5,47,8
39,53,90
57,65,99
22,45,31
26,54,35
16,50,93
6,40,26
1,17,46
29,65,1
35,51,49
11,54,55
27,58,92
21,55,38
39,66,80
23,45,70
13,20,49
53,60,46
55,66,73
47,62,74
1,25,57
4,40,69
54,66,73
9,66,79
29,44,73
13,64,36
1,36,78
25,61,16
12,27,51
25,54,1
33,44,46
44,59,30
30,63,20
6,45,69
36,52,97
24,64,97
1,10,75
9,10,34
28,37,70
24,41,18
18,19,66
41,65,15
7,62,24
1,23,23
6,34,95
29,61,58
2,45,49
11,18,23
55,62,57
20,55,27
4,5,51
8,13,9
38,52,61
31,42,52
0,51,100
15,41,61
8,55,71
31,48,73
8,15,83
32,64,63
18,34,69
4,46,44
24,44,74
25,64,22
46,53,50
41,59,4
49,63,39
22,24,13
18,21,67
29,47,68
42,66,65
1,47,79
23,32,64
16,24,89
4,49,56
12,49,100
39,49,35
22,33,81
17,50,71
34,58,16
28,51,83
19,56,74
23,38,69
21,32,63
29,32,90
13,39,69
10,25,100
22,46,87
14,64,38
24,37,36
11,47,69
17,59,17
13,18,25
28,50,56
5,52,11
13,48,5
40,56,81
16,48,69
33,36,47
46,66,40
22,58,64
43,44,71
62,63,68
6,13,56
26,39,16
56,57,92
52,63,8
5,30,50
17,42,2
9,19,39
37,41,62
41,64,75
13,49,76
9,36,53
15,61,45
20,38,63
7,48,41
4,13,87
14,30,24
24,57,23
45,63,13
4,15,33
0,53,14
35,62,58
22,63,43
14,57,68
29,49,10
40,65,38
20,22,64
10,32,9
37,48,84
6,48,31
41,61,66
3,32,98
19,39,49
6,43,28
21,65,87
38,65,98
10,23,20
12,57,61
40,45,8
51,55,58
12,30,81
10,37,78
14,40,39
29,56,72
2,13,96
12,32,76
36,59,16
15,32,13
12,37,2
2,46,26
27,37,70
45,50,86
7,16,90
9,28,26
10,59,52
50,66,28
9,42,92
11,56,82
17,32,92
9,49,11
0,14,34
11,23,73
12,19,66
20,44,9
51,64,72
7,19,53
0,46,81
37,65,83
27,36,70
7,20,48
21,61,15
15,50,73
3,43,16
41,52,14
36,49,8
17,39,55
26,34,15
53,62,28
13,59,33
24,62,98
2,61,91
22,64,89
33,54,61
22,56,55
9,39,47
26,48,81
50,58,11
30,65,36
11,31,68
39,40,66
8,26,69
46,48,31
8,66,86
38,50,53
32,51,25
37,59,50
22,54,92
46,47,48
13,60,81
36,43,57
3,60,43
0,9,93
44,66,92
26,44,54
15,27,84
38,55,39
45,57,44
1,39,54
9,61,10
59,63,77
2,22,81
12,40,15
12,60,30
2,3,81
35,37,96
27,66,35
19,32,77
29,53,81
4,38,83
27,31,83
53,59,62
47,52,40
12,58,28
0,31,73
27,49,82
11,46,4
50,60,25
35,53,54
22,35,87
14,36,85
13,37,64
12,34,27
19,21,85
6,9,40
35,58,25
18,48,25
0,48,76
17,28,46
7,43,52
62,64,65
9,17,64
18,28,26
8,20,19
8,43,55
16,65,90
6,12,20
48,63,52
0,42,54
63,65,43
49,65,22
31,52,64
38,57,22
28,32,94
18,39,56
14,17,82
6,52,20
40,54,86
18,65,8
14,26,37
16,23,23
0,13,46
7,17,66
3,64,98
20,28,31
13,65,21
3,37,3
4,26,91
2,5,53
23,37,67
3,8,73
27,55,38
15,21,28
16,21,52
20,23,72
29,35,73
36,47,74
31,45,39
17,29,47
18,45,59
6,23,47
16,56,34
6,65,66
40,42,14
9,56,99
6,25,3
33,40,5
14,56,16
1,65,55
10,55,59
16,38,79
11,35,45
41,53,71
16,58,50
14,34,47
31,63,56
25,38,9
33,45,14
30,54,2
12,54,56
26,51,11
11,44,47
3,13,13
15,38,45
14,51,44
13,31,42
5,17,28
34,40,42
3,51,22
45,58,15
6,50,13
16,53,41
23,35,18
0,17,82
28,30,70
12,48,54
32,41,59
14,21,75
40,43,39
4,61,35
19,53,13
42,44,61
3,16,39
9,45,29
15,66,4
24,66,81
25,40,60
28,45,35
19,52,72
34,62,29
56,61,40
11,24,39
31,41,26
6,64,62
27,51,52
0,10,33
20,50,25
1,9,87
27,65,88
54,65,72
18,53,97
17,60,50
1,44,68
48,56,33
16,36,1
7,56,60
10,48,98
12,15,71
44,52,16
43,60,27
15,52,6
15,16,52
53,63,74
30,55,28
1,62,7
15,18,36
62,66,76
23,64,31
11,49,56
6,38,87
25,34,99
13,63,17
36,64,85
8,29,47
30,33,69
50,62,32
10,30,31
35,66,9
21,37,85
21,26,11
37,50,1
1,41,69
62,65,73
42,46,45
0,12,26
0,65,38
12,28,69
7,31,6
19,54,32
6,53,14
12,65,89
42,43,16
4,42,54
59,62,76
19,23,12
36,50,35
25,39,36
22,50,29
44,63,61
1,46,75
41,54,26
3,58,56
25,33,21
16,66,89
12,24,52
21,41,2
22,28,90
33,55,81
16,57,48
10,35,75
19,36,42
22,42,87
17,33,91
42,47,61
1,43,59
36,41,50
34,48,22
39,56,68
28,44,63
24,52,96
19,41,37
7,18,49
43,66,4
20,27,29
28,53,2
20,34,73
10,44,16
23,61,92
10,40,95
22,30,57
8,28,17
14,16,69
52,61,47
59,60,78
22,44,44
13,41,51
54,62,3
6,17,35
4,50,27
7,36,84
34,35,92
21,31,93
0,39,20
21,59,67
4,33,39
36,55,14
38,41,5
7,42,78
49,61,36
21,46,90
2,65,66
7,30,42
26,45,31
14,47,39
28,60,1
11,53,40
30,61,91
8,60,1
37,66,31
22,61,84
3,54,23
27,38,51
44,58,69
21,29,96
11,64,88
31,33,28
10,53,69
10,21,97
38,53,82
12,23,23
22,53,1
33,65,86
6,11,57
0,32,29
13,17,23
14,63,38
25,62,23
33,61,74
51,61,55
15,51,7
27,45,12
35,39,35
15,35,16
38,42,41
20,30,8
50,51,93
10,29,2
4,57,3
24,53,72
3,12,25
42,50,15
5,29,75
11,15,42
28,58,59
34,54,91
35,46,67
35,61,28
2,20,45
29,59,70
15,57,85
4,29,89
4,25,97
45,49,77
9,23,19
42,64,65
1,55,94
44,49,52
61,64,23
42,61,40
46,63,55
49,51,83
11,27,64
30,38,23
2,51,59
9,11,40
32,37,7
20,31,70
20,26,1
13,42,63
1,50,16
10,42,38
20,66,25
2,38,38
0,60,26
17,19,56
14,39,87
33,63,4
21,45,33
4,58,27
4,47,44
46,55,82
2,59,76
22,43,79
3,66,70
18,58,47
3,7,41
8,42,66
11,38,64
4,18,30
2,4,88
3,46,70
3,44,25
4,6,51
17,54,56
20,21,1
43,53,38
38,39,21
2,21,48
3,28,14
3,30,1
3,41,20
17,63,9
47,49,5
5,14,58
37,49,5
46,56,27
18,38,54
36,37,75
23,44,95
2,49,2
16,37,17
7,57,8
4,12,10
45,48,19
22,62,72
57,58,50
33,58,54
48,65,7
24,33,68
23,31,14
32,44,33
28,64,24
8,10,67
38,62,60
22,41,71
19,38,25
0,0,0
