1,50,38
59,68,95
37,64,25
58,66,24
8,34,36
4,14,76
4,31,66
22,31,33
45,61,97
9,19,58
50,73,37
14,29,46
8,17,81
24,43,53
6,21,26
7,52,20
40,44,13
13,22,13
3,20,79
28,38,96
1,19,80
19,58,16
12,62,78
61,66,47
36,71,61
10,28,69
2,63,7
3,70,25
20,73,10
17,34,21
56,73,75
24,73,37
5,47,21
39,49,70
36,44,66
23,35,72
22,41,23
8,16,13
43,68,24
38,64,22
41,60,90
12,55,71
50,67,20
20,52,41
16,18,56
25,58,19
13,64,18
28,69,55
49,68,8
18,45,4
15,19,16
3,23,95
22,28,76
2,24,40
50,51,24
23,55,29
26,61,39
55,68,30
6,18,85
29,41,25
22,65,4
6,40,88
22,60,6
14,63,79
27,63,35
2,38,87
6,10,30
62,63,39
22,43,60
25,71,72
16,32,58
12,28,26
5,14,11
22,48,65
21,27,4
17,51,89
44,47,98
46,58,84
60,69,22
21,58,35
13,55,65
12,38,60
63,69,10
50,64,31
23,53,24
18,74,91
0,27,86
26,34,69
32,55,49
6,45,76
22,66,97
38,57,4
45,67,35
25,45,30
20,72,51
22,70,88
20,38,54
42,47,25
36,62,50
27,53,84
26,51,11
14,16,68
9,57,19
47,67,80
32,65,17
2,73,21
58,69,54
40,53,33
38,52,15
70,71,35
7,8,34
0,69,10
15,34,32
32,52,43
2,65,38
0,51,20
3,53,22
7,62,36
63,65,53
46,72,19
50,56,49
29,53,12
49,52,100
30,37,6
27,35,67
11,55,16
49,74,13
10,70,56
22,53,95
19,32,61
0,63,18
0,37,35
4,47,58
33,56,80
11,69,9
3,42,27
21,69,23
39,47,62
12,18,70
12,61,80
2,17,32
3,74,76
9,72,93
38,59,64
5,31,48
23,60,32
14,50,68
6,20,26
19,33,29
31,51,90
7,60,38
10,66,86
0,16,46
0,52,45
50,74,2
30,61,38
25,48,70
4,12,72
14,30,26
48,50,83
1,41,1
23,34,80
7,37,21
3,43,42
64,65,62
0,45,6
58,67,26
20,61,43
26,27,43
11,13,49
0,46,42
32,53,54
25,44,69
0,50,71
32,56,63
4,16,43
12,59,81
61,69,71
10,24,21
4,22,98
46,65,84
24,60,4
60,68,16
25,33,13
11,60,92
32,60,98
7,47,11
5,70,47
0,66,60
40,58,58
15,58,48
45,60,51
31,50,1
9,42,71
34,38,73
5,25,72
17,20,51
17,31,98
9,22,18
42,73,19
1,18,50
2,37,47
13,26,74
42,67,31
28,31,40
3,29,46
11,59,79
23,71,56
23,54,97
61,71,53
25,37,44
38,74,1
5,34,32
18,44,22
51,66,31
65,70,65
53,54,88
0,30,2
18,65,8
48,56,12
44,56,66
47,62,4
14,23,36
21,71,86
36,61,28
9,58,80
46,53,11
7,13,8
27,51,82
58,63,21
2,22,20
65,67,80
68,73,92
33,71,23
26,46,61
27,64,96
18,52,53
5,18,22
5,26,36
0,48,15
2,23,34
12,51,3
5,35,44
17,54,72
17,18,53
35,73,3
18,23,97
39,55,44
29,62,80
0,14,50
24,63,7
48,64,44
31,39,67
14,74,99
48,54,11
18,46,52
9,12,42
28,62,28
48,58,62
24,34,27
4,38,6
26,39,36
15,35,71
11,37,15
25,38,51
29,37,27
12,14,17
29,47,41
32,74,39
14,69,100
24,74,64
14,73,40
5,49,35
55,70,59
20,37,2
22,32,18
18,43,33
7,41,21
3,63,32
47,65,94
16,48,82
30,57,36
58,62,41
34,66,49
21,62,8
48,63,72
36,53,90
1,29,3
0,34,26
44,59,53
30,54,40
6,34,8
32,33,85
49,58,1
33,51,82
25,53,37
9,25,42
12,50,38
2,57,55
13,61,11
3,54,32
52,72,30
15,59,46
35,67,88
33,34,47
38,48,83
24,70,90
17,67,24
0,19,23
1,8,64
25,69,61
5,22,95
25,57,78
1,46,1
32,50,83
2,14,80
8,13,69
5,12,36
5,51,57
29,46,18
64,69,29
10,27,24
14,68,42
20,24,80
16,59,83
1,43,77
50,69,14
29,43,12
31,74,8
36,68,56
37,40,28
27,42,10
40,62,79
29,70,99
20,26,35
41,71,99
32,54,26
46,62,58
7,22,20
10,26,57
48,53,38
67,68,46
19,65,29
27,47,16
14,60,88
0,40,57
7,68,93
31,41,36
36,42,15
48,60,12
64,73,23
31,36,49
15,45,32
11,26,47
0,17,76
57,62,83
2,11,65
6,33,37
35,70,2
7,23,63
27,29,26
29,44,86
15,31,61
16,67,57
30,35,31
14,46,79
5,36,77
20,66,48
4,28,83
44,46,6
1,24,50
34,68,75
68,72,98
8,37,61
4,36,96
7,74,89
50,65,32
9,74,84
17,59,35
19,72,86
10,38,39
27,34,77
12,43,3
55,73,87
47,61,14
13,69,60
34,58,42
48,51,13
3,44,45
20,59,27
12,64,54
33,42,43
42,59,54
15,40,98
1,42,81
38,68,83
2,74,79
0,65,73
24,30,94
8,29,90
2,27,84
30,60,55
22,26,26
6,64,61
3,57,46
6,68,82
28,39,35
53,67,5
29,67,71
33,61,10
2,40,68
25,43,52
40,49,21
44,74,90
0,23,19
27,73,94
14,27,27
18,58,15
7,65,56
10,62,31
50,68,2
3,71,97
5,43,11
11,29,33
33,64,4
12,74,10
33,46,39
57,63,24
12,19,91
15,29,98
0,72,8
56,71,49
4,72,26
13,58,51
3,60,89
50,52,36
0,35,62
14,31,75
41,57,35
44,72,88
28,72,67
21,24,24
1,7,17
30,69,45
21,72,15
38,70,58
4,56,24
27,44,44
20,46,57
25,39,10
48,68,46
13,39,4
34,64,5
40,52,46
35,40,42
32,36,45
42,44,8
62,65,62
20,23,33
53,65,30
29,60,91
20,58,73
8,65,21
6,15,87
1,16,48
20,60,24
3,41,83
45,62,28
39,62,34
32,34,63
7,59,78
16,64,87
15,41,61
20,53,48
39,66,68
6,38,62
0,42,93
7,25,75
35,37,27
61,72,84
9,67,79
22,42,60
7,72,84
8,14,86
22,52,40
45,46,34
14,42,92
14,54,22
13,52,93
40,45,93
2,47,93
16,49,97
10,44,42
12,21,30
30,68,47
36,47,64
26,35,28
31,62,86
43,63,9
8,70,48
30,72,31
44,45,64
36,64,35
10,39,36
2,8,81
7,15,1
4,8,69
13,23,5
9,56,5
65,69,81
9,50,70
14,53,33
49,63,70
15,33,6
0,25,62
28,33,21
19,35,58
35,62,3
8,73,28
18,27,65
62,64,20
9,73,88
25,31,30
1,72,76
20,49,25
26,71,81
45,68,48
12,26,48
40,48,40
52,56,69
19,36,94
28,58,91
20,70,33
51,64,72
17,21,62
16,68,18
43,58,70
29,52,60
1,15,70
59,73,66
21,74,28
6,17,81
41,53,1
35,71,93
49,54,27
14,35,6
47,49,17
19,51,98
25,42,97
59,69,72
5,40,1
0,43,69
41,58,23
23,43,23
8,10,58
20,40,33
3,8,62
7,44,73
24,53,92
10,74,22
14,39,27
20,41,80
29,58,19
28,59,36
12,45,90
4,34,91
3,50,95
29,63,28
50,57,48
40,42,87
39,43,5
17,39,100
42,56,27
29,64,42
1,13,51
7,11,73
13,21,31
38,39,23
38,43,72
6,30,11
52,69,31
4,11,30
36,54,45
9,29,90
30,67,39
28,66,88
18,53,19
48,74,21
52,63,42
27,70,2
17,25,89
31,61,69
21,28,72
18,24,89
12,44,26
16,43,98
36,59,46
53,57,56
29,33,8
47,63,40
30,53,12
6,53,13
34,52,97
58,71,23
25,29,40
33,68,99
27,39,11
23,61,92
27,28,95
57,69,61
10,55,65
9,45,80
0,71,69
31,71,82
13,36,20
11,53,85
17,42,42
3,31,11
40,59,29
4,53,27
7,39,74
27,52,39
50,60,12
19,44,58
26,74,10
3,36,35
16,24,57
9,20,4
32,57,73
2,5,70
10,25,4
10,18,8
18,28,1
40,55,38
17,49,52
28,45,18
39,46,84
54,59,27
4,43,13
16,40,24
43,48,78
6,28,92
14,64,99
10,57,57
28,32,34
25,66,98
16,25,20
42,70,21
0,49,39
0,53,75
41,56,52
13,25,30
23,73,38
16,45,83
17,43,5
29,69,87
39,68,3
37,63,41
14,24,97
1,66,92
2,33,85
9,61,83
37,54,95
1,51,9
49,70,43
11,18,43
15,43,36
44,52,46
19,49,8
69,72,83
12,17,93
15,37,24
9,69,30
14,71,62
17,28,38
19,73,63
14,51,12
11,49,50
19,27,72
23,32,42
14,58,52
10,16,38
16,26,18
26,64,33
19,21,63
28,74,42
10,20,22
57,60,64
44,61,51
9,32,82
23,37,80
32,40,99
54,71,81
7,50,13
19,66,12
55,64,77
13,68,2
60,61,40
46,59,80
1,12,32
40,64,50
10,52,67
12,70,51
42,48,56
31,72,4
29,68,42
5,55,22
24,66,31
17,68,74
70,74,61
49,62,3
38,56,68
28,42,68
66,73,11
3,59,76
6,29,77
5,57,46
56,59,63
28,55,28
30,62,65
44,55,2
11,27,60
14,59,28
5,46,88
48,65,8
37,50,57
18,36,51
53,58,73
15,65,99
28,53,54
27,61,4
45,47,35
29,42,82
19,59,49
42,62,58
39,52,96
43,46,2
39,56,82
16,41,35
44,51,99
40,71,94
19,30,6
29,73,43
49,57,64
32,63,64
36,57,12
10,71,3
58,70,80
41,70,59
38,45,50
42,43,16
12,67,32
6,60,83
14,41,38
40,51,62
7,38,36
11,46,11
15,69,12
22,45,17
25,63,18
25,26,42
3,58,18
45,57,49
24,45,55
65,74,35
28,70,40
19,52,79
21,61,39
6,26,66
20,68,75
22,50,79
26,32,9
12,47,71
37,71,46
25,62,17
6,49,81
26,40,27
34,61,13
63,71,10
15,23,96
26,28,63
27,66,44
34,54,13
33,41,30
12,24,97
12,35,100
27,74,61
37,55,18
32,61,78
16,66,55
23,41,58
1,32,77
20,64,35
26,60,28
8,49,41
41,62,2
51,69,95
8,59,56
17,62,40
56,62,17
35,44,83
17,73,17
45,53,6
12,37,71
49,56,52
52,73,4
14,17,5
7,43,54
42,46,63
45,63,94
17,52,32
19,71,26
9,65,43
18,56,31
27,60,79
40,43,40
8,15,52
6,35,75
7,10,26
1,44,63
7,19,18
24,32,26
7,51,92
46,67,80
27,41,89
0,73,5
1,39,44
9,71,78
1,60,53
26,44,31
20,67,28
36,66,59
45,64,66
19,28,45
21,44,11
24,59,55
4,42,67
32,37,10
11,22,64
7,35,46
15,22,21
23,69,3
18,21,89
46,48,41
29,50,51
39,65,13
6,42,55
24,68,11
37,38,56
30,42,75
1,63,59
23,50,32
63,74,47
24,27,54
39,70,38
41,66,10
26,72,14
19,46,43
50,53,49
34,55,13
50,66,16
53,64,92
4,70,5
18,34,13
20,56,52
8,33,38
11,58,66
6,47,86
33,66,4
25,34,65
12,15,57
2,49,47
21,54,97
26,62,100
35,38,65
47,71,84
60,73,26
5,33,14
45,49,91
35,58,35
18,39,11
41,61,14
27,30,67
10,47,6
30,73,93
17,72,35
10,17,6
8,46,80
35,50,77
8,43,57
47,58,19
3,69,97
36,74,10
1,6,53
71,72,32
34,35,3
56,57,38
37,65,51
26,37,40
22,34,40
21,66,13
6,11,11
5,16,5
5,29,55
56,58,47
18,33,37
3,38,81
61,68,28
53,70,18
18,59,73
4,44,57
0,55,95
13,29,76
13,35,27
42,51,24
41,47,69
21,30,68
71,74,55
1,54,9
13,60,88
22,62,89
1,35,49
12,34,14
35,57,82
10,46,32
10,12,21
2,50,14
5,59,29
41,51,97
64,66,83
15,60,17
28,64,84
45,48,46
36,38,52
12,36,36
22,23,48
31,56,97
40,74,77
1,5,91
62,66,30
16,50,90
15,26,44
38,73,28
8,11,80
48,52,55
39,73,2
66,67,71
5,9,93
10,63,19
31,40,20
72,74,70
3,52,100
7,9,77
6,32,48
50,63,74
49,65,88
13,51,61
14,49,26
0,68,46
13,62,48
7,53,71
22,40,50
1,68,14
38,46,42
8,40,91
8,22,56
33,36,88
34,46,64
8,69,74
16,74,69
5,45,19
6,14,44
27,59,13
18,35,48
13,57,57
4,23,22
39,41,65
19,54,34
33,54,50
2,16,26
13,44,67
4,62,100
8,41,72
10,59,78
22,68,69
57,64,52
52,54,42
1,58,82
37,47,6
24,42,28
21,73,74
39,72,92
8,44,76
45,50,71
68,69,30
11,23,96
17,38,6
4,51,42
26,50,39
4,45,39
20,25,47
20,28,7
5,56,89
33,40,51
51,53,4
35,51,88
35,42,92
44,57,10
55,60,6
40,69,40
49,71,79
35,47,42
13,38,93
9,41,63
20,63,53
19,43,49
7,42,9
25,36,64
29,48,93
14,67,26
8,54,57
0,62,47
62,67,54
18,19,45
49,60,21
0,70,93
5,61,65
0,11,60
59,62,93
11,70,67
55,65,87
7,56,47
11,40,94
10,23,12
18,61,95
19,26,37
19,62,47
9,70,14
14,22,20
2,55,78
11,31,2
20,43,32
29,34,50
31,43,6
1,3,7
29,38,4
68,74,4
49,66,98
23,26,5
2,53,49
44,62,22
21,46,29
32,39,100
6,12,87
1,47,49
35,56,61
35,65,98
41,73,40
44,58,48
48,73,2
13,53,42
33,73,76
6,27,68
41,69,11
27,33,23
17,65,75
60,72,75
31,45,48
57,58,12
10,40,37
28,60,100
22,29,24
11,43,33
38,47,9
4,48,60
21,56,59
38,53,66
6,13,6
25,35,44
48,70,62
8,27,51
6,7,79
32,46,30
23,46,64
23,65,14
29,31,82
1,28,47
60,70,64
12,49,58
22,35,15
3,66,40
26,68,96
55,61,83
12,39,29
1,26,33
1,14,9
8,12,6
42,55,29
28,68,89
41,52,50
19,24,94
36,73,4
6,48,28
15,50,67
6,16,20
36,51,31
23,67,83
15,17,93
56,67,15
22,27,50
6,41,34
17,64,79
24,48,100
37,41,38
44,65,87
8,25,27
20,42,100
15,52,61
11,62,83
31,32,16
26,36,21
11,17,89
34,56,58
18,31,10
6,56,27
32,43,100
4,32,32
54,58,20
13,19,56
5,68,93
5,32,92
19,39,21
34,40,88
33,60,94
29,71,15
20,57,50
5,65,85
42,60,55
54,69,1
16,71,8
55,67,41
4,46,7
43,45,79
0,0,0
