11,33,46
31,34,86
3,4,74
9,23,3
36,37,72
6,12,38
16,30,25
16,32,78
7,32,73
18,29,68
4,29,100
2,31,73
9,18,52
4,24,45
24,31,19
2,35,19
20,31,100
30,38,80
17,36,35
8,28,35
29,35,81
24,34,56
4,11,6
25,36,18
18,27,51
3,35,27
4,5,92
21,25,34
4,6,31
10,18,89
10,21,43
20,25,8
7,37,50
21,26,2
16,33,21
24,30,48
17,22,3
4,30,78
14,31,27
26,27,40
1,10,37
29,32,35
1,29,29
12,29,6
27,33,91
22,24,62
25,38,5
0,33,24
1,37,27
11,16,100
1,14,22
5,35,2
13,15,60
22,29,16
7,20,8
19,26,40
11,19,52
13,16,39
13,36,4
7,30,97
6,17,83
5,23,92
3,29,57
6,33,37
11,24,68
9,17,98
35,37,67
8,34,20
9,21,64
0,34,86
18,28,54
10,14,14
19,31,1
1,23,52
3,27,47
8,21,16
2,22,92
5,28,48
8,29,54
0,37,42
1,33,68
4,37,85
6,19,81
15,35,90
4,35,93
26,36,20
15,23,22
33,38,74
18,25,99
14,36,57
16,36,73
25,29,61
2,4,28
6,15,84
10,25,55
26,38,48
9,13,5
14,35,87
25,32,78
12,13,85
15,25,76
16,29,30
18,31,10
17,28,57
11,32,54
0,15,67
3,6,51
5,14,16
33,34,36
7,16,14
17,37,23
13,32,58
30,35,57
34,38,29
5,16,82
15,34,38
9,33,83
4,26,62
3,11,15
8,16,83
11,14,73
5,19,8
34,36,16
4,17,15
13,33,67
6,34,73
10,34,59
1,17,61
0,26,51
28,36,19
14,15,31
10,15,53
4,19,39
1,27,34
0,4,74
1,2,33
14,18,64
29,31,89
6,32,16
14,33,27
19,20,66
14,17,43
22,28,78
22,30,55
21,28,99
17,25,85
18,20,14
20,22,66
37,38,46
20,30,43
16,25,5
10,12,99
9,25,45
32,37,36
12,17,50
6,36,27
18,24,99
10,37,33
8,32,35
18,33,75
1,38,64
23,26,43
10,29,12
5,26,10
23,34,13
29,37,2
27,32,66
4,20,52
4,12,46
4,16,4
2,33,99
11,35,54
11,17,10
10,24,5
3,15,14
5,7,25
31,35,24
18,26,73
4,7,59
6,38,94
7,21,12
10,28,77
3,25,77
14,26,74
3,28,5
23,32,2
0,21,54
12,36,90
5,12,65
15,38,13
1,11,21
19,28,97
13,37,86
19,29,20
7,14,36
7,15,100
2,17,31
11,12,82
22,38,1
25,30,92
8,14,6
10,11,18
32,34,8
18,37,4
24,38,30
1,32,100
17,26,10
13,34,72
11,38,69
22,37,54
24,32,49
3,31,21
6,9,7
10,17,74
23,37,51
21,38,3
18,23,30
0,17,18
5,21,79
7,8,48
0,3,87
21,23,49
15,33,48
0,10,36
10,30,91
1,24,68
10,20,3
0,30,23
2,24,65
2,36,43
8,35,68
3,26,64
16,22,60
18,36,19
31,36,71
13,20,8
8,9,63
15,24,80
3,24,25
23,29,94
24,26,81
8,17,50
16,31,40
8,19,27
4,28,64
9,29,19
14,22,87
14,20,65
9,22,49
6,29,15
11,13,92
13,31,57
23,25,87
20,26,54
0,36,89
6,20,36
5,33,79
21,22,60
6,35,77
8,13,56
5,32,99
4,14,60
6,21,93
15,28,88
26,29,4
3,34,89
10,38,85
17,38,40
11,15,28
3,36,24
4,15,19
3,22,7
3,8,61
5,27,35
1,3,36
7,27,24
18,19,100
2,26,85
13,22,96
8,23,43
10,26,28
28,32,74
27,35,6
8,15,99
14,38,93
15,21,59
6,14,18
7,36,94
29,30,59
7,22,29
7,35,29
33,37,19
5,20,54
5,11,26
3,10,38
9,19,69
17,18,52
5,30,76
5,8,4
23,31,19
29,34,85
3,17,38
21,35,50
3,7,46
1,21,62
15,36,57
1,26,82
27,38,44
1,34,43
10,23,93
3,14,100
15,18,27
5,13,53
3,20,75
0,23,1
21,33,90
7,12,63
9,15,29
24,29,37
4,33,37
5,18,94
0,35,87
8,33,11
27,36,47
21,24,78
2,38,63
26,30,58
5,25,7
1,19,86
5,15,1
8,18,40
8,20,26
2,9,71
0,19,34
7,23,77
0,12,33
19,21,7
12,37,30
1,6,53
9,24,48
8,37,50
7,19,71
4,10,74
9,12,79
10,33,97
15,20,19
5,37,14
3,19,32
16,20,14
4,27,3
11,20,20
18,21,94
30,32,66
0,0,0
