24,42,81
8,62,28
23,30,71
28,43,70
2,21,11
21,84,62
4,41,30
24,54,50
4,34,90
1,17,51
43,47,70
9,61,19
50,74,97
6,40,72
31,44,16
2,76,26
67,76,28
16,63,64
9,49,27
37,52,16
60,71,55
12,30,39
52,59,15
9,73,53
20,74,74
58,61,53
47,60,41
36,56,1
28,61,36
47,79,6
31,49,49
64,76,44
64,65,67
3,44,93
22,41,69
7,35,2
4,82,87
22,79,67
12,66,36
8,39,67
5,21,28
21,71,73
17,47,73
5,49,19
40,71,58
13,40,26
17,82,87
48,75,78
15,64,78
3,18,31
27,29,65
29,35,1
54,68,55
56,83,81
17,58,85
30,37,66
35,52,75
15,83,17
18,28,49
40,47,36
3,59,82
72,78,89
20,42,31
38,44,11
13,29,9
35,47,45
5,81,27
2,47,57
50,61,33
61,77,6
52,65,90
29,78,30
4,83,66
20,43,71
27,73,72
23,52,79
63,80,32
57,76,45
0,43,80
11,51,92
6,81,37
30,57,65
5,39,87
75,83,3
30,41,43
17,36,17
47,84,83
4,78,92
44,62,62
12,85,57
31,33,79
31,39,95
31,66,62
13,19,21
43,64,8
37,61,93
31,42,77
7,48,14
7,23,80
52,54,100
10,38,24
45,59,51
40,69,31
5,22,43
46,71,23
12,84,92
7,8,50
13,17,54
16,41,20
4,77,1
10,20,22
29,63,14
27,52,49
80,85,2
13,32,25
12,48,54
24,47,64
34,63,91
2,6,67
44,63,85
1,48,74
51,69,80
15,82,40
6,79,91
47,62,51
5,79,37
14,63,35
58,73,54
23,61,75
3,78,89
11,62,46
4,18,65
0,34,85
0,5,26
28,33,23
33,56,42
19,21,60
40,73,35
0,75,3
40,68,70
28,85,60
33,35,51
2,32,7
19,20,35
11,25,80
29,85,2
25,68,34
24,37,94
32,75,49
21,80,77
6,32,43
19,59,3
1,78,62
29,52,65
1,39,86
25,55,27
29,79,99
25,50,23
14,78,61
13,48,32
20,78,18
0,68,65
0,39,23
17,48,62
51,84,2
7,25,69
1,60,39
27,28,98
8,12,72
55,63,73
32,56,97
29,49,83
32,44,90
11,29,72
22,81,38
38,81,23
16,35,52
20,44,2
34,43,45
66,74,57
27,76,5
50,75,70
16,37,1
0,7,8
16,80,97
22,71,100
15,74,24
66,83,46
19,42,73
11,82,80
18,82,85
14,79,41
38,76,29
52,63,51
10,31,60
15,32,14
22,83,19
42,78,46
24,64,70
12,54,40
26,29,60
32,71,71
24,58,85
18,24,55
24,75,45
19,68,25
3,52,20
4,56,79
1,11,49
55,56,39
70,74,1
16,21,52
25,43,19
16,22,51
46,62,42
6,9,92
33,58,69
23,40,56
33,45,75
1,69,29
28,41,87
7,9,4
18,63,43
14,18,12
37,60,15
52,60,17
5,50,25
43,78,6
2,16,1
1,41,63
15,56,52
25,34,78
13,71,3
1,51,71
13,26,49
44,84,49
60,84,41
20,63,8
2,25,71
1,77,27
53,57,74
18,26,98
21,50,17
15,80,49
5,9,29
58,74,9
34,51,45
35,40,3
2,46,6
47,49,95
1,62,76
38,52,51
1,52,18
0,79,77
19,47,85
73,76,83
61,81,79
41,61,52
27,63,22
17,25,58
45,49,73
3,64,100
59,76,55
50,71,14
65,71,42
5,62,71
51,72,19
55,67,34
6,14,53
43,49,19
31,52,51
58,83,12
25,67,96
57,85,39
23,38,21
21,74,39
59,60,95
26,70,30
46,64,31
57,64,52
6,11,97
15,25,49
60,83,11
9,16,95
42,45,29
43,48,14
2,30,48
4,28,48
51,74,7
21,35,76
64,68,70
3,35,69
33,54,16
20,41,36
45,65,12
3,54,6
10,54,57
23,63,30
68,83,89
21,82,35
66,70,66
12,75,64
18,79,15
33,46,36
49,57,98
53,73,24
46,66,18
13,24,21
7,27,47
5,65,5
3,62,95
8,64,79
33,50,27
36,83,37
43,74,19
12,63,47
57,58,38
33,81,83
11,70,33
30,51,32
21,48,82
18,34,99
44,78,44
45,53,70
1,25,84
41,64,17
0,50,25
12,72,21
20,24,23
19,54,8
0,0,0
