0,12,52
6,14,66
3,4,15
6,8,40
1,14,95
15,17,90
3,13,54
3,8,85
9,10,52
8,19,59
0,16,6
6,9,56
6,11,3
0,18,15
6,10,50
9,17,65
13,18,47
11,15,49
8,15,48
10,11,40
5,11,9
5,18,74
6,15,85
5,16,31
4,6,39
2,16,92
13,15,7
2,14,97
12,13,29
3,6,79
7,15,14
4,11,98
13,17,97
7,8,37
0,9,51
16,18,4
7,18,50
11,18,20
12,18,58
11,17,99
11,19,92
4,8,27
7,9,21
4,7,97
5,17,62
2,19,74
10,19,64
6,7,16
4,5,12
8,13,90
16,17,73
6,19,78
1,12,40
8,18,11
3,19,45
8,11,91
6,13,32
5,12,58
1,16,41
10,14,57
2,3,100
17,18,38
7,14,27
1,13,68
2,4,6
2,10,50
3,16,94
0,7,90
6,18,26
11,14,83
4,16,98
9,13,5
16,19,72
4,10,16
5,14,6
7,13,84
1,8,64
13,14,11
12,19,34
0,10,57
0,19,23
11,16,3
8,9,34
4,14,46
0,14,50
3,5,47
2,17,99
1,17,28
15,18,28
4,19,94
1,15,5
2,8,64
10,13,75
2,12,29
1,5,46
15,16,25
8,12,59
11,13,96
7,19,33
4,17,42
9,19,72
4,12,60
10,12,15
4,9,3
2,6,63
9,12,55
4,13,77
12,16,90
9,15,3
14,19,81
0,0,0
