45,81,56
78,85,18
43,72,23
3,45,38
45,80,40
42,68,54
17,84,56
1,72,45
10,64,59
18,48,62
57,71,71
5,39,14
39,43,84
48,72,73
70,72,63
27,79,59
75,84,6
38,48,45
61,65,26
20,57,22
11,14,13
1,11,62
77,78,76
12,16,1
9,33,63
32,41,2
15,83,52
34,64,13
56,70,22
57,85,82
72,76,53
37,50,86
6,70,30
29,36,11
61,86,70
13,47,81
12,65,37
63,68,38
19,32,58
15,51,42
10,78,88
67,84,46
29,85,74
15,77,77
7,21,14
11,69,61
4,62,49
53,60,58
3,52,19
40,45,12
7,28,8
25,35,92
19,62,79
52,78,75
19,36,19
34,46,56
0,38,87
50,64,36
41,52,20
55,80,66
38,83,11
42,71,83
63,79,37
36,79,6
30,75,22
7,41,58
75,78,43
13,29,81
18,77,23
37,84,79
42,45,84
24,30,30
20,56,78
27,31,80
36,82,91
25,75,6
69,80,60
32,62,56
9,48,67
14,78,88
15,78,35
18,61,72
9,76,83
17,50,61
29,47,56
25,36,34
41,48,81
66,86,50
59,77,44
28,69,91
31,71,36
7,44,54
10,34,9
7,79,4
6,39,5
49,74,17
49,59,23
15,26,75
23,67,82
5,58,3
4,64,61
27,46,100
54,81,94
56,71,28
69,84,73
38,82,39
1,45,46
9,24,45
20,29,75
10,41,31
28,75,3
34,49,100
14,24,45
49,72,54
55,64,14
2,60,34
24,36,99
37,41,12
3,41,94
27,67,24
18,24,75
52,79,11
30,41,88
2,43,37
38,51,25
2,86,19
46,50,44
51,83,98
38,57,13
24,57,38
53,67,61
30,37,64
17,26,58
24,31,59
48,50,19
12,63,58
67,75,24
18,59,79
19,35,39
17,38,95
25,73,10
2,34,62
45,83,83
30,52,38
70,85,59
44,69,71
30,83,89
40,71,71
11,60,96
8,22,16
25,60,55
0,47,2
2,82,84
60,63,5
55,56,70
45,75,43
8,37,31
16,86,61
56,65,82
44,49,57
14,74,54
17,55,58
29,45,30
55,57,26
24,44,95
18,66,69
65,71,90
33,56,85
55,83,77
25,40,65
0,83,99
51,80,55
6,12,99
71,80,54
28,77,33
1,24,63
8,36,76
22,85,72
39,61,93
27,83,37
45,82,72
52,71,22
1,37,6
54,69,79
14,81,5
53,84,43
44,67,25
1,31,72
17,75,70
11,39,18
49,54,76
6,69,17
20,64,93
82,86,87
32,76,55
50,54,51
42,80,36
4,6,27
58,82,10
41,85,38
24,34,59
60,72,56
17,18,29
21,45,31
37,38,89
5,64,72
50,79,98
30,38,21
58,71,62
8,9,64
75,80,72
69,76,70
19,64,26
7,61,46
34,86,60
12,50,94
5,57,22
69,75,7
50,69,27
40,42,75
18,23,16
14,61,77
67,72,91
49,70,51
12,28,18
6,24,74
18,81,92
56,67,48
40,63,47
46,72,100
74,77,58
31,34,62
23,85,51
56,79,46
20,36,48
70,71,83
52,60,30
34,67,20
9,86,43
39,46,34
16,69,77
13,17,80
4,50,82
15,36,62
46,66,20
4,41,12
15,64,64
25,84,9
41,74,28
5,55,33
29,48,82
17,30,9
52,61,56
20,81,1
35,54,11
23,56,48
24,27,29
8,29,61
54,79,53
48,70,34
33,42,20
28,54,32
5,84,12
10,71,83
3,39,92
27,50,52
9,70,74
2,79,37
22,44,70
12,31,37
19,75,69
4,59,59
52,64,5
53,71,8
20,39,51
15,49,13
35,83,24
77,80,73
19,70,35
16,73,21
28,51,14
33,86,23
27,55,32
19,24,36
25,80,28
0,1,14
3,24,46
5,35,6
46,70,74
57,77,100
15,56,94
71,77,26
73,86,43
0,72,97
23,59,57
50,85,25
4,7,98
68,83,43
37,86,25
70,80,21
3,55,54
10,60,13
4,51,21
42,55,18
63,70,53
5,50,13
1,65,22
38,77,12
29,67,77
40,77,1
4,5,47
24,51,58
21,64,89
27,84,88
54,61,61
21,60,16
23,26,24
18,52,97
25,34,90
26,46,73
22,60,17
20,70,98
10,24,39
72,86,64
22,35,51
59,80,55
45,72,31
4,75,2
2,45,100
5,71,48
18,70,93
22,69,88
45,49,32
13,14,88
24,76,36
55,77,52
57,63,71
55,62,75
33,40,11
62,82,49
37,66,31
47,50,97
0,65,99
5,40,21
38,75,50
23,61,17
1,46,53
17,62,1
10,73,30
63,84,50
15,58,47
42,75,57
17,46,91
49,86,57
3,66,41
2,75,95
53,73,93
24,70,45
56,64,69
24,68,54
30,56,47
10,69,98
51,60,28
8,63,14
60,83,60
5,56,12
39,85,56
8,81,15
62,76,39
12,44,17
1,58,65
11,34,39
14,43,20
46,62,81
7,53,12
27,36,61
27,63,76
23,82,93
21,41,98
27,61,58
59,74,17
51,82,88
32,47,32
49,61,13
49,60,100
22,82,1
32,82,75
45,62,37
10,18,10
43,51,30
32,48,60
58,59,31
27,47,84
6,47,67
11,32,13
40,54,48
15,73,9
9,64,53
10,48,48
21,69,7
2,51,97
8,20,8
5,59,23
14,77,33
7,68,61
18,34,58
9,30,70
32,55,6
64,75,23
46,57,43
74,86,91
30,54,11
47,80,29
83,85,66
34,60,23
36,76,6
34,44,84
0,80,20
6,18,36
19,29,83
6,57,62
16,19,90
12,40,55
3,63,84
20,68,38
66,69,13
67,73,24
28,48,76
66,74,96
62,67,4
23,32,44
30,85,58
8,40,2
16,59,35
65,78,26
38,63,69
43,58,59
44,81,8
40,81,99
40,65,70
25,31,93
41,81,78
43,75,27
37,77,10
16,37,12
53,79,20
0,35,13
17,45,21
14,80,39
36,86,96
16,53,19
3,13,57
25,59,8
23,27,91
6,34,69
35,40,30
60,65,65
69,86,2
33,53,42
37,46,10
81,85,28
6,10,3
40,52,62
31,52,10
15,37,25
20,59,39
13,61,52
14,25,82
56,78,2
31,84,45
49,56,79
47,70,62
6,58,41
24,83,52
42,61,77
9,18,55
50,67,28
2,20,81
32,59,66
10,25,75
1,18,29
3,5,50
10,52,55
16,46,59
34,56,94
1,15,41
28,37,21
1,52,48
22,53,31
12,20,18
6,86,38
0,32,13
9,79,13
50,63,58
65,67,55
69,81,68
29,60,49
51,72,4
15,74,68
31,43,18
18,69,84
73,75,94
9,38,68
41,58,48
23,70,95
59,83,20
53,64,98
57,79,67
31,50,26
18,63,47
42,48,88
25,81,14
17,56,17
35,53,31
40,82,64
58,70,62
18,54,72
34,79,48
31,56,16
34,39,42
24,39,73
12,56,17
17,79,33
0,56,62
24,84,53
24,47,43
34,68,14
8,72,51
15,28,61
2,9,78
5,34,15
37,83,87
44,63,58
25,43,22
23,63,55
32,78,79
31,51,76
47,49,93
4,32,93
11,62,61
20,79,8
19,63,20
12,79,30
38,42,92
37,75,6
50,55,38
13,41,33
19,84,27
19,86,26
36,57,38
17,32,82
57,70,5
43,48,82
45,78,95
16,77,27
39,49,85
66,77,86
13,42,11
25,53,74
10,40,61
72,74,11
35,78,18
74,84,72
65,79,83
33,44,2
32,61,48
3,31,51
42,57,58
56,85,7
5,18,87
3,75,22
1,40,31
0,7,52
29,59,81
9,73,2
10,29,24
58,83,34
9,77,97
21,85,95
76,78,91
6,68,61
28,58,40
45,55,64
47,51,78
36,59,89
56,77,15
29,81,86
24,46,88
58,76,17
47,57,11
64,67,77
2,83,35
55,61,28
7,78,29
36,52,93
53,81,17
43,59,95
48,74,10
56,72,26
17,23,42
43,62,41
17,70,48
31,55,47
6,81,37
23,45,70
30,51,91
9,31,78
34,83,52
29,40,48
1,78,64
7,22,12
15,82,66
7,26,59
64,82,78
11,78,73
42,63,65
43,47,49
4,86,29
52,77,81
0,8,72
19,30,69
33,58,56
64,70,1
25,68,66
16,29,7
48,63,52
4,42,92
4,36,72
18,35,88
3,19,40
32,63,75
13,40,50
51,76,80
18,53,94
21,66,47
4,78,94
32,50,85
18,80,32
50,73,79
13,16,93
47,83,97
38,73,52
12,29,61
13,44,16
27,39,23
62,83,20
39,47,31
46,81,32
0,4,14
71,75,71
28,63,36
84,86,91
59,63,86
66,84,65
8,32,22
14,59,89
62,71,99
13,54,73
34,61,33
1,19,80
3,21,66
16,28,6
17,24,39
20,31,54
34,69,42
40,64,71
2,32,48
4,43,73
58,73,71
4,12,100
13,18,7
5,29,59
11,63,2
9,49,64
33,67,56
15,23,25
45,48,96
5,77,10
18,67,26
48,85,98
42,58,61
29,62,92
16,76,70
19,26,67
3,82,15
37,74,69
35,82,100
39,52,1
9,19,34
40,41,72
62,74,1
8,44,55
12,17,23
51,73,90
58,75,94
71,76,97
59,81,32
27,53,27
14,53,94
14,37,63
21,22,36
51,59,75
44,80,4
12,62,10
8,25,74
17,67,39
52,67,96
4,48,80
11,29,27
14,44,50
54,57,5
24,80,54
54,64,18
25,45,83
46,52,66
19,66,86
34,75,89
2,62,70
60,86,57
64,80,83
2,33,27
51,54,76
28,32,35
37,60,77
21,38,15
28,85,50
13,24,3
12,67,23
4,24,2
38,55,39
16,34,46
43,69,65
9,40,86
24,85,46
14,58,3
47,82,85
45,46,71
45,65,7
6,53,41
33,79,75
59,64,65
35,74,49
10,21,46
38,85,5
40,80,35
30,53,44
62,86,59
50,65,100
2,47,15
2,66,58
31,66,53
34,73,43
47,60,33
46,60,77
17,58,1
15,81,9
7,47,34
14,76,6
37,71,16
0,28,52
10,77,73
72,82,48
10,75,57
83,84,51
28,45,83
13,37,60
73,80,34
54,65,69
33,65,32
25,76,47
44,50,41
10,62,28
1,49,89
15,67,93
45,79,60
27,64,17
13,55,16
7,70,5
57,61,2
15,61,76
55,86,3
0,75,54
31,78,10
55,85,30
32,54,47
65,75,5
60,80,48
4,69,10
7,56,19
62,75,95
36,62,79
7,32,74
25,74,86
5,51,8
0,27,38
27,68,49
1,39,33
35,48,82
15,66,94
27,34,93
18,71,71
53,77,43
4,17,68
37,52,93
17,53,81
21,48,46
15,80,73
39,77,67
26,80,49
14,19,47
52,63,3
56,82,23
14,16,38
1,50,11
31,47,79
54,66,77
19,33,50
11,16,37
63,69,93
2,22,62
21,56,54
73,78,35
39,83,70
28,50,35
54,71,57
54,62,9
74,81,79
8,68,66
0,60,29
4,38,95
4,72,100
1,4,9
44,48,12
42,65,61
46,49,70
58,61,7
52,58,71
0,81,80
17,27,62
24,48,18
9,25,51
11,17,47
62,70,79
51,81,83
8,75,70
12,45,67
6,25,91
75,79,18
59,85,75
51,85,94
4,27,10
8,55,26
52,73,1
78,86,3
80,86,22
29,55,74
36,49,72
13,20,82
11,86,38
33,51,2
13,33,30
7,50,97
20,26,49
28,29,10
19,40,66
16,43,15
33,78,21
36,38,90
35,63,89
42,81,4
10,11,2
0,23,2
18,62,48
63,75,72
48,60,88
25,62,13
20,86,18
7,59,40
10,33,10
28,33,66
27,58,71
3,53,8
60,77,29
17,44,66
38,43,9
12,23,90
29,86,5
11,37,86
39,75,98
8,24,91
39,69,1
70,81,88
59,67,75
20,76,12
9,55,91
30,50,7
0,57,20
48,62,4
63,73,37
32,43,76
1,17,46
8,80,7
67,68,67
70,76,29
22,75,74
3,11,28
41,63,77
3,42,95
52,83,46
20,63,82
1,83,44
27,28,18
38,65,48
34,71,39
33,74,47
9,82,83
17,85,48
44,47,91
52,81,58
19,78,80
4,77,20
44,46,44
29,44,84
38,80,56
30,65,44
48,81,20
35,64,97
28,53,87
38,41,54
13,32,93
56,83,2
14,86,3
15,17,47
54,85,41
59,70,36
19,20,54
26,71,5
43,73,4
9,56,45
1,69,86
13,86,19
56,76,98
35,47,83
20,48,24
32,69,75
0,84,89
44,59,94
6,61,85
5,46,98
5,69,93
31,57,36
15,52,51
48,68,61
46,78,100
38,67,8
58,66,62
55,74,43
54,60,70
26,76,71
1,63,67
14,60,97
30,73,25
31,39,98
38,56,45
35,61,74
34,36,19
69,77,1
47,48,83
33,61,11
11,43,18
56,68,20
24,75,16
10,72,88
1,30,97
40,44,92
56,74,28
12,32,80
0,77,92
6,80,3
11,61,15
33,36,54
19,85,77
14,47,59
35,80,13
78,80,44
56,69,8
0,21,21
15,27,33
51,53,48
81,86,96
38,49,91
80,83,64
47,79,45
13,30,72
15,39,15
28,78,84
50,86,29
18,26,11
36,69,76
5,15,32
21,74,68
33,52,16
19,73,98
26,58,88
44,73,58
22,77,47
16,62,56
49,68,23
55,59,55
29,33,34
36,43,92
40,69,75
2,14,89
52,69,47
29,76,51
36,71,10
7,16,1
39,59,6
38,81,8
16,33,8
22,65,79
28,61,28
57,78,81
2,72,95
8,83,21
6,26,65
4,58,2
15,79,8
38,39,1
29,54,3
0,29,83
13,71,60
44,55,47
51,70,17
32,53,56
67,83,17
4,33,8
19,72,65
4,15,2
31,73,40
67,70,81
59,86,92
41,86,78
27,41,95
43,82,31
53,59,90
33,69,13
52,57,2
2,78,59
29,78,59
29,63,2
47,71,21
44,84,44
9,27,6
27,72,49
10,86,17
81,82,56
0,33,69
2,4,64
5,14,60
47,59,11
34,80,94
65,84,59
45,70,52
39,79,25
43,71,90
18,22,14
28,62,11
28,60,51
76,77,54
0,16,40
9,75,65
0,69,33
25,63,49
39,51,90
5,61,86
18,28,61
1,43,16
5,10,71
7,64,52
43,53,17
17,37,68
8,47,39
14,48,63
48,55,65
6,17,38
15,20,28
10,26,43
26,47,6
25,58,20
50,61,96
63,78,20
14,79,84
33,73,16
28,79,88
31,67,77
10,82,22
57,83,69
0,10,13
47,73,39
64,66,84
22,24,76
18,75,83
68,69,72
30,44,26
65,82,23
7,46,42
4,55,30
4,76,9
19,71,8
49,80,32
45,76,7
0,22,92
61,79,96
0,6,74
36,54,80
44,74,16
27,33,64
43,63,16
62,79,31
61,77,40
17,31,94
1,80,90
39,42,56
44,56,8
2,71,67
38,58,10
35,41,19
53,56,37
30,66,1
48,49,73
27,60,45
6,59,80
73,83,48
22,45,89
23,50,64
46,51,32
47,62,17
58,64,88
17,29,91
16,72,55
41,83,32
3,54,9
19,28,54
30,57,9
71,78,3
4,81,55
6,29,65
1,55,60
10,50,14
31,41,89
14,70,73
41,51,28
7,51,46
6,16,97
36,37,78
32,70,40
11,66,83
52,59,27
14,65,20
52,84,76
15,30,60
18,19,64
29,68,76
36,55,77
36,48,99
0,54,55
13,73,62
11,85,86
31,61,61
8,79,39
12,82,77
44,51,97
15,16,75
0,67,63
7,17,51
27,51,36
4,80,96
32,77,76
17,76,18
16,79,100
61,74,68
45,84,30
10,58,22
4,83,66
19,67,14
4,21,82
51,63,49
80,82,1
17,43,76
70,83,32
28,76,70
51,71,46
66,71,1
41,66,31
20,44,39
56,61,35
34,76,69
39,81,85
22,46,22
6,41,61
71,82,39
7,45,22
22,33,14
3,56,85
9,71,70
20,50,3
35,86,21
8,34,16
4,40,6
58,86,75
41,76,26
30,64,76
60,73,53
8,78,95
35,66,31
32,60,73
8,51,87
43,67,22
14,55,98
19,81,32
40,61,44
77,79,47
41,47,84
2,42,83
15,47,72
2,10,95
13,74,86
4,23,65
79,81,82
4,11,82
14,41,71
10,56,62
37,51,26
3,50,31
40,78,2
16,78,86
72,73,48
5,72,59
7,58,75
16,35,48
21,23,33
78,81,15
14,49,56
11,23,66
31,83,75
8,70,20
1,73,51
17,86,66
31,85,3
22,67,74
43,81,34
5,37,83
7,48,54
21,68,56
5,73,82
10,20,61
79,80,33
20,32,78
5,23,53
2,36,65
15,86,66
18,25,53
3,77,72
47,74,10
8,62,79
2,85,82
37,55,2
11,51,15
23,30,36
40,66,23
11,50,52
15,40,3
51,65,87
35,39,94
37,44,35
74,75,19
49,57,29
46,84,37
4,68,41
39,84,17
4,56,97
19,61,52
72,80,34
28,36,82
12,13,28
9,47,44
5,28,45
12,26,21
9,32,25
16,63,40
34,52,65
25,70,63
60,84,37
15,59,13
6,65,51
22,61,49
68,78,13
30,32,57
46,74,9
61,68,84
26,39,63
45,66,45
24,58,46
60,78,76
25,28,90
25,78,84
50,78,1
11,31,61
28,72,100
28,73,51
58,60,73
30,42,89
60,79,64
16,44,10
3,60,82
48,77,51
8,59,41
12,37,83
13,53,37
12,34,46
39,55,34
31,32,10
51,67,67
25,39,60
7,9,50
22,39,38
13,23,49
46,61,2
64,72,82
72,85,10
11,70,80
41,60,42
8,26,99
19,41,8
40,51,75
41,45,36
4,29,29
40,75,94
0,71,95
39,41,18
7,18,75
14,75,14
7,49,87
44,82,86
37,61,8
11,26,68
4,14,38
5,60,92
23,64,19
13,76,37
62,78,78
0,79,2
11,28,34
11,82,70
10,32,58
1,68,1
22,72,51
18,32,87
38,79,98
12,71,37
16,47,88
63,80,61
17,68,31
46,53,50
64,78,14
4,44,4
52,80,69
33,66,76
42,62,46
19,53,34
63,72,96
44,79,88
17,82,99
70,82,40
23,72,96
33,82,21
7,15,96
7,34,67
30,82,47
27,85,17
36,68,85
45,57,37
9,39,28
6,64,88
41,42,58
50,58,64
9,17,59
1,9,2
17,64,28
33,60,91
7,14,15
81,84,61
9,42,98
71,73,51
0,41,37
8,49,91
4,70,68
13,35,32
37,59,87
49,52,55
73,85,1
3,32,98
14,85,98
26,52,73
48,78,58
22,42,42
81,83,73
11,53,15
38,47,99
34,82,93
45,71,23
47,77,13
57,62,17
47,72,55
54,63,44
10,80,36
1,86,31
54,86,56
17,71,66
38,76,68
10,14,64
65,85,9
31,79,90
18,44,60
69,82,73
5,6,42
77,84,89
11,72,79
48,53,72
3,71,14
0,59,78
39,44,57
6,83,18
53,58,94
6,31,59
5,8,44
27,44,66
11,54,39
55,60,75
0,53,96
25,49,61
46,67,18
22,52,37
4,28,80
26,35,88
14,54,85
0,85,41
14,52,96
29,69,54
23,39,30
78,82,41
1,84,51
45,69,80
11,76,41
17,19,64
13,82,96
13,58,27
32,83,49
5,74,26
2,39,47
59,76,81
33,64,33
22,27,5
18,49,59
58,78,73
3,27,91
39,45,41
19,51,51
9,29,18
2,37,34
46,82,58
20,53,49
35,85,96
5,45,30
4,73,61
41,61,54
37,79,57
51,55,51
13,62,61
75,86,47
49,73,5
19,54,29
63,74,14
26,57,28
21,83,76
13,66,99
30,70,78
62,81,44
64,68,98
18,73,75
33,34,19
38,61,18
22,58,24
39,70,72
24,52,39
73,77,95
28,49,50
25,37,58
35,45,69
31,59,64
13,59,87
20,22,37
34,47,10
33,71,67
64,69,56
17,78,88
1,42,16
53,63,7
69,85,87
11,30,29
1,33,75
3,37,34
32,34,91
22,76,30
53,61,85
14,22,59
75,83,3
11,81,33
40,67,34
7,77,68
2,56,70
0,58,13
5,81,46
9,53,76
38,86,76
36,77,34
30,78,20
16,26,80
16,82,15
58,67,24
27,80,12
12,14,65
66,78,79
43,80,14
7,29,16
22,83,10
42,44,41
52,65,51
17,59,98
35,75,84
1,81,96
64,77,82
3,57,9
2,74,60
58,69,2
35,59,71
62,72,7
41,69,35
64,79,34
49,75,14
24,78,84
48,75,55
22,56,19
34,43,15
15,32,27
51,61,78
11,27,80
20,38,30
3,7,75
31,60,59
4,22,62
44,65,24
15,55,26
7,31,54
25,32,99
69,73,38
10,57,94
59,72,24
34,58,52
22,49,31
5,83,82
48,56,38
7,27,43
6,27,9
28,65,86
78,79,53
4,52,71
2,12,2
33,39,64
2,57,49
22,62,14
9,20,44
29,37,70
72,75,90
22,28,78
56,80,52
6,20,26
43,66,50
3,70,47
15,85,36
29,61,63
26,29,96
44,75,83
8,41,51
12,78,48
73,79,95
4,16,3
38,78,9
66,82,45
49,85,67
45,52,64
10,46,77
8,35,58
51,52,10
28,41,71
9,35,63
27,40,22
3,9,28
58,74,72
23,71,2
8,74,82
22,37,55
36,60,5
18,86,59
20,85,83
5,82,16
13,38,45
21,80,41
37,64,98
0,66,33
11,35,97
5,62,14
46,76,44
58,63,97
62,65,20
54,82,23
21,58,21
53,54,83
1,5,64
68,77,79
25,46,6
11,59,40
6,37,26
59,79,18
7,81,81
41,50,32
30,74,23
10,66,45
29,65,59
42,67,10
10,45,63
51,62,100
29,70,76
3,85,67
36,46,81
42,79,16
41,55,8
5,52,45
52,66,40
2,23,43
7,62,74
41,46,96
36,80,41
13,51,8
27,38,7
14,64,38
14,66,33
33,77,23
11,40,10
9,59,66
39,76,99
46,58,66
43,86,28
71,81,56
11,57,67
27,69,58
21,24,74
0,82,87
19,45,88
59,71,49
1,67,66
16,85,92
22,50,34
12,25,58
2,54,5
0,68,77
41,77,58
16,32,48
26,65,22
13,22,7
39,58,30
25,54,84
42,50,80
41,78,20
36,51,86
5,26,33
51,64,35
12,73,6
48,82,11
35,76,67
0,43,7
25,79,6
43,50,7
11,79,36
11,42,45
8,33,90
16,81,27
41,56,46
61,82,31
23,52,81
27,77,9
56,75,89
23,69,32
6,54,71
23,58,75
6,44,81
10,28,28
36,39,37
3,58,77
6,15,34
13,65,51
7,84,59
12,77,93
7,52,68
66,68,16
9,10,49
0,14,12
71,83,22
12,19,44
3,84,67
11,58,38
36,83,35
65,73,93
36,85,39
31,53,34
21,52,24
56,73,85
43,79,31
50,77,96
26,64,46
32,74,75
47,86,97
68,72,46
12,76,52
2,73,43
24,40,42
37,70,57
6,43,7
29,73,72
14,40,67
51,74,73
19,34,46
26,86,27
24,54,10
18,60,24
2,65,7
7,85,76
60,62,23
65,76,7
40,60,13
3,48,42
68,70,45
26,67,14
18,82,86
77,82,36
34,57,39
3,20,80
8,64,83
12,43,54
20,21,99
47,68,35
14,83,70
77,85,40
15,29,9
3,4,93
16,40,14
67,69,32
18,64,93
19,48,97
4,67,81
11,45,70
21,79,77
23,57,33
21,70,100
22,23,31
51,75,43
67,79,4
26,37,97
10,63,97
0,19,32
35,43,92
19,46,85
28,71,15
54,83,50
8,16,16
58,80,39
38,46,47
71,74,53
1,38,37
62,73,72
5,80,94
65,86,16
1,77,29
75,85,43
0,39,59
15,70,74
12,57,49
16,17,23
5,65,42
18,72,21
29,52,82
16,70,5
72,77,32
23,41,25
39,62,52
12,51,91
17,34,63
44,64,53
18,55,79
30,69,31
23,75,70
2,30,86
53,65,98
14,69,38
68,76,1
5,76,1
5,19,52
53,80,24
21,65,41
20,58,57
57,69,9
44,72,98
6,79,7
24,55,55
17,63,96
35,72,64
37,82,78
5,13,40
27,70,80
29,46,97
4,18,40
16,55,99
53,72,40
60,81,93
0,46,62
37,39,2
50,74,62
17,36,44
58,79,82
33,49,4
2,41,34
67,77,98
30,47,19
45,59,81
33,46,23
31,48,14
26,82,40
51,57,90
46,85,84
0,20,68
48,58,3
30,43,14
15,34,96
8,38,22
42,74,84
17,47,8
23,33,57
0,52,51
57,75,48
41,72,82
64,76,13
22,26,71
21,39,44
3,35,67
50,84,32
9,45,25
34,45,47
60,69,43
26,30,32
82,83,87
15,84,26
5,22,45
46,86,20
13,78,83
45,68,94
14,30,66
27,62,14
59,65,79
66,85,18
77,81,21
24,73,65
2,27,40
56,63,46
61,72,55
61,78,49
9,43,75
16,48,66
35,56,97
25,61,24
9,11,41
0,78,57
6,32,63
5,63,91
65,66,48
29,53,68
22,86,2
7,12,53
1,85,75
14,23,57
29,34,43
26,83,11
26,77,51
43,83,78
8,42,58
57,82,7
10,74,90
44,85,42
15,38,59
8,73,3
10,84,41
2,48,93
7,24,75
34,50,73
65,83,84
3,61,42
11,24,57
6,63,1
9,72,40
17,69,54
5,44,86
3,6,23
36,72,57
6,55,17
11,18,67
47,61,36
32,85,75
8,71,83
14,31,32
26,66,43
33,72,1
31,36,92
28,80,37
3,47,100
47,55,83
54,67,57
68,74,99
16,75,18
50,82,67
11,77,1
12,46,46
29,32,93
3,26,69
67,78,86
42,82,95
22,48,42
41,53,34
21,47,24
4,39,36
6,28,94
6,11,32
25,64,14
8,17,3
15,75,24
42,64,21
0,5,11
32,38,76
24,66,90
8,19,57
21,31,83
7,55,67
53,55,18
13,56,52
12,52,91
0,86,68
19,56,93
26,60,10
45,74,11
17,25,97
29,79,53
13,80,26
23,60,14
8,60,9
47,65,3
75,76,89
25,33,74
14,45,20
8,30,15
22,30,64
1,32,74
25,83,76
5,12,11
26,27,83
8,43,10
3,49,51
43,60,16
29,64,29
47,64,11
58,85,54
7,57,96
10,37,19
23,34,49
1,3,4
63,71,37
19,82,95
29,57,6
15,65,59
16,36,2
33,54,29
19,50,68
68,71,7
13,70,26
49,69,40
38,84,78
50,80,63
30,67,72
28,59,21
13,28,9
8,23,30
23,43,27
22,43,52
42,49,81
5,17,34
46,68,13
6,45,63
72,83,68
4,9,1
0,74,1
31,68,53
30,55,39
34,78,32
12,39,90
38,71,39
35,73,7
30,33,26
52,54,79
15,33,49
23,31,76
55,82,75
19,27,44
11,33,61
29,50,44
31,62,42
52,72,33
51,86,82
30,40,15
27,74,18
51,79,30
34,66,22
23,51,20
16,58,63
0,64,57
3,14,53
7,20,10
51,66,49
7,10,43
2,50,97
57,60,75
24,79,25
43,55,25
42,66,66
35,52,52
0,63,17
23,79,79
0,15,25
32,71,44
45,77,96
10,59,15
6,33,90
49,81,48
52,74,66
28,31,94
31,72,11
15,43,2
70,74,97
23,66,3
25,67,44
23,86,46
7,30,77
46,77,4
16,45,75
18,68,82
5,67,51
15,48,45
40,84,97
8,77,41
9,54,99
26,55,79
21,29,16
37,85,59
30,79,23
6,21,14
17,60,95
27,30,35
57,81,31
25,72,86
56,84,38
13,50,77
28,34,14
74,85,9
36,84,85
8,66,96
3,33,8
74,82,15
57,84,48
44,86,82
9,80,4
1,28,88
75,82,80
11,64,22
61,84,64
21,61,40
62,64,18
6,14,27
21,43,46
16,52,67
48,84,23
27,54,11
15,76,85
46,83,9
34,35,23
9,50,29
0,17,87
0,13,81
28,47,14
49,50,65
7,23,17
40,73,74
58,81,69
19,22,9
30,71,36
48,86,36
33,37,85
21,35,13
27,43,22
32,80,15
21,36,54
45,56,46
45,67,15
20,69,3
50,53,55
2,64,6
63,86,88
43,44,28
8,12,78
12,41,56
31,49,5
67,80,48
34,85,9
71,72,16
58,72,66
60,75,54
21,77,6
44,71,92
84,85,94
20,54,66
19,21,80
27,86,47
47,67,50
3,22,70
40,74,100
72,79,49
57,72,57
40,70,59
14,82,28
36,66,55
55,65,32
23,47,59
52,76,21
23,65,91
32,46,46
22,38,9
54,75,19
28,56,82
7,13,51
36,40,83
74,83,4
59,62,1
50,83,53
32,52,83
33,81,28
40,62,68
27,56,74
9,28,85
48,61,65
22,79,73
48,57,77
49,83,73
15,69,46
30,76,88
59,73,40
13,64,22
14,72,24
10,70,93
73,74,72
38,60,62
7,25,51
26,38,34
44,45,100
29,84,49
19,38,41
11,13,35
17,74,83
44,52,17
37,63,64
34,77,68
56,86,69
16,56,28
18,50,61
22,84,19
42,47,55
83,86,30
50,76,10
29,30,18
27,49,18
28,42,53
61,76,76
26,28,92
2,28,54
2,6,89
47,76,80
31,86,97
8,54,63
22,41,99
14,57,94
35,58,76
8,14,88
26,63,51
28,74,80
51,69,76
20,55,61
59,68,78
14,27,15
10,31,11
24,38,51
45,73,5
18,41,21
49,77,13
15,54,41
13,79,54
37,68,99
26,36,32
29,35,62
85,86,75
31,63,75
5,48,66
1,82,14
57,74,38
3,12,66
42,54,13
16,60,89
5,11,55
71,84,83
10,61,53
35,79,72
20,75,99
30,31,55
28,39,27
0,36,9
16,84,7
20,40,60
15,63,84
9,41,29
32,79,57
62,77,3
60,66,15
18,43,65
40,68,71
37,54,64
64,71,37
40,85,29
19,43,15
20,37,65
15,62,41
41,84,96
28,46,59
13,43,6
20,60,93
73,82,17
66,81,61
15,41,47
15,44,41
18,29,95
35,38,3
53,70,66
39,67,22
12,21,51
38,62,29
49,71,48
43,56,55
12,86,18
41,79,9
68,85,68
41,67,79
9,52,14
9,62,72
39,53,6
4,61,58
79,84,45
40,83,65
20,43,90
39,68,27
18,37,49
13,36,40
20,51,84
26,74,35
11,71,7
14,73,61
14,51,13
12,36,53
5,16,96
5,54,60
62,63,59
48,83,93
46,80,57
50,81,51
3,34,93
56,58,52
11,48,35
33,38,32
3,65,80
7,43,22
20,72,69
12,74,92
49,84,77
7,60,47
46,55,72
42,77,16
26,56,13
5,49,58
29,83,41
36,56,70
23,68,24
32,67,95
3,80,17
6,85,2
2,24,19
53,86,14
65,70,49
42,60,77
13,21,70
23,40,98
50,66,28
1,79,73
7,69,36
74,79,9
38,66,2
40,49,94
14,71,58
22,80,95
2,53,17
38,40,87
29,58,63
60,74,44
21,26,19
36,50,44
2,16,57
14,42,44
64,81,24
18,47,74
33,57,97
66,76,53
6,56,60
44,57,53
5,42,68
63,76,53
28,52,75
0,55,25
31,54,100
14,18,43
25,41,9
11,12,67
16,66,35
20,62,98
50,59,64
14,15,86
24,49,70
68,80,13
36,65,17
8,86,9
23,55,51
16,42,34
5,47,97
33,45,62
6,66,91
54,73,70
18,57,85
41,70,27
25,55,80
27,35,60
19,83,19
12,15,44
10,44,74
15,19,66
22,63,48
18,85,46
25,38,19
53,57,28
32,36,91
16,21,15
61,70,94
39,48,75
63,82,89
59,69,76
82,85,25
15,46,9
37,40,95
23,49,30
23,24,34
6,46,39
14,46,62
14,63,39
41,57,11
2,35,68
33,47,61
8,61,93
6,73,65
34,42,77
20,30,67
21,59,19
19,31,85
43,61,38
17,77,18
32,45,74
15,50,52
30,72,2
46,65,31
15,42,47
40,56,54
69,74,18
12,72,100
54,76,83
21,51,61
4,31,82
28,67,12
19,77,55
2,13,11
21,46,40
10,23,3
17,54,9
4,60,86
34,59,57
60,76,82
7,67,31
4,37,62
34,72,58
14,38,17
24,56,92
2,26,2
27,42,81
47,81,12
21,78,52
27,73,82
26,72,39
16,68,32
2,61,44
77,83,54
7,82,65
0,50,67
26,43,18
33,68,60
31,81,41
34,48,4
9,83,16
4,26,35
36,47,44
26,44,53
9,67,80
24,42,90
57,80,47
2,68,8
50,52,71
65,81,91
0,44,98
2,31,65
1,75,38
36,81,23
27,82,80
31,44,100
10,22,65
6,50,72
21,57,32
19,58,16
18,33,85
12,27,19
19,37,46
52,75,96
58,65,100
79,83,42
61,85,66
19,76,75
24,32,41
63,65,99
1,56,36
35,70,91
50,51,68
27,66,80
26,62,49
77,86,81
60,82,10
55,73,9
33,62,37
2,84,24
1,76,97
80,81,46
33,80,84
6,48,56
2,18,13
27,29,85
14,29,40
12,42,72
2,52,24
76,79,12
64,86,81
0,61,31
13,68,22
21,53,17
1,16,78
5,78,86
37,73,69
20,84,81
6,51,98
29,38,13
50,56,97
13,27,57
32,37,10
21,37,15
8,69,3
22,66,87
30,81,32
4,13,91
9,78,75
2,46,19
22,81,9
21,81,28
20,67,86
47,69,80
43,54,4
12,58,72
4,85,85
46,63,80
72,78,33
70,73,38
3,62,5
23,74,24
31,58,30
1,71,60
5,75,39
65,74,20
10,67,29
7,65,60
10,36,98
36,61,71
22,54,16
23,42,27
26,32,90
5,38,93
25,85,90
25,69,51
24,29,35
48,73,95
8,11,71
23,84,50
12,59,18
17,33,5
20,82,9
33,48,66
36,45,76
61,71,87
32,66,92
48,76,3
30,34,79
12,48,47
19,52,96
24,72,4
18,31,74
19,55,1
10,17,32
10,15,30
30,58,6
11,38,18
11,55,74
58,62,54
63,67,62
26,73,70
12,85,12
13,85,95
53,74,11
1,20,64
55,67,64
12,53,28
50,72,100
22,31,31
13,84,85
32,84,78
8,28,100
47,63,93
40,86,11
20,83,14
29,43,29
30,80,73
53,62,83
15,72,52
26,45,95
35,37,10
66,80,41
1,27,71
20,61,34
7,11,47
4,74,4
29,42,31
5,41,14
61,75,99
47,78,71
67,81,77
21,40,48
18,27,23
34,54,15
12,80,44
45,58,94
2,58,15
24,35,25
26,79,92
7,80,54
25,44,45
21,76,53
19,79,72
18,20,95
19,23,54
70,77,79
13,60,61
6,40,43
47,75,62
15,25,88
63,64,51
21,44,23
48,54,2
51,84,29
39,78,30
16,65,49
7,63,89
37,72,79
31,38,14
43,52,62
24,86,34
24,81,1
41,44,98
43,45,68
17,72,92
49,79,51
46,79,62
17,20,49
55,84,38
0,73,56
2,5,86
42,59,3
2,77,68
34,37,51
53,83,6
19,74,38
17,51,95
8,67,40
10,13,55
56,57,52
60,64,90
21,50,80
2,25,52
16,71,25
2,15,42
24,77,42
39,74,28
57,58,31
0,12,18
38,64,73
14,20,13
30,68,15
22,59,62
34,63,42
25,26,73
29,49,55
14,21,60
63,83,8
15,60,79
31,42,21
57,73,94
16,51,82
9,12,46
8,48,53
14,35,8
55,76,37
36,53,5
16,50,94
7,39,41
28,40,45
57,65,25
38,59,99
54,56,18
16,24,94
16,38,8
13,31,28
38,52,7
10,85,19
9,37,95
54,55,1
32,65,58
34,84,84
11,83,12
45,61,64
34,38,48
10,39,17
0,70,80
21,86,80
3,36,12
21,62,76
9,21,12
41,68,49
40,72,55
23,83,89
21,84,82
68,86,58
31,37,18
25,47,47
1,59,77
25,82,64
3,51,4
68,81,4
31,82,73
12,81,13
5,31,76
31,40,63
7,38,95
21,25,26
44,68,57
48,69,21
20,24,39
18,38,85
28,66,86
67,86,16
62,68,5
30,39,93
71,86,71
1,14,76
16,49,16
10,55,70
12,18,94
69,78,100
33,43,81
21,72,1
25,48,29
11,65,74
4,8,59
60,61,15
3,16,2
78,84,69
10,51,29
5,33,1
20,65,29
17,61,77
19,60,79
3,23,20
14,67,75
58,68,35
59,78,22
35,67,57
44,58,34
24,25,59
25,66,19
10,47,85
23,28,78
12,38,39
10,35,24
2,80,56
17,52,51
3,68,83
4,10,61
49,78,7
59,82,68
45,50,27
68,82,60
15,31,100
1,51,63
3,15,42
39,72,80
21,55,8
65,77,24
31,76,89
5,86,82
9,14,26
46,64,14
7,19,96
19,44,7
61,83,77
36,42,23
2,21,69
3,81,43
31,35,79
12,49,65
22,71,63
28,38,66
28,82,100
17,21,42
44,70,44
61,63,73
7,40,47
68,79,81
72,81,89
18,46,30
36,73,23
39,86,72
12,61,55
17,28,67
13,26,54
16,30,55
29,56,48
19,42,91
1,7,47
39,50,38
49,63,91
38,44,10
59,84,66
21,71,21
8,46,89
4,35,99
27,71,95
32,35,80
44,78,71
65,80,42
51,77,45
9,26,36
63,81,54
57,76,63
47,56,40
28,81,16
5,21,18
19,49,36
3,76,49
1,25,88
10,81,79
41,75,60
24,67,84
18,74,99
24,71,57
46,59,53
20,49,32
26,84,74
6,36,57
25,27,58
20,45,25
49,51,44
30,36,1
19,65,85
26,78,96
18,40,83
48,51,12
3,74,39
16,25,29
5,24,5
7,42,95
11,68,49
41,80,27
15,68,90
50,71,52
4,19,90
4,63,50
16,18,18
25,42,92
18,79,47
11,80,36
35,44,2
44,83,58
30,61,9
15,35,76
27,57,43
26,69,17
6,8,39
4,57,64
9,36,34
20,41,94
5,30,71
53,82,9
17,22,93
79,82,43
40,48,88
44,54,72
0,18,48
53,78,47
13,46,2
28,83,38
57,66,36
41,49,92
35,55,21
74,76,25
7,36,23
24,26,76
41,64,48
1,70,3
42,85,28
1,74,99
61,81,59
52,62,12
36,64,77
34,74,35
3,72,72
44,76,51
1,13,40
22,55,92
4,71,1
4,20,89
19,57,14
44,66,58
2,11,22
18,30,10
2,76,63
5,25,18
26,54,22
10,19,36
9,63,95
43,84,53
24,53,100
36,63,29
42,52,52
30,49,3
5,9,28
75,77,3
55,70,23
32,64,43
54,78,58
3,18,44
3,17,68
53,66,72
34,81,62
5,27,47
43,85,66
68,73,79
23,81,89
24,74,71
51,78,80
73,76,65
7,35,79
24,59,34
12,84,11
5,43,25
66,75,57
25,71,93
4,25,17
66,73,65
43,46,5
46,73,20
13,77,28
17,57,2
9,22,41
35,68,95
9,15,86
12,24,47
18,56,88
29,39,26
1,22,92
37,45,87
7,75,64
49,62,94
7,86,17
35,60,36
0,76,74
0,34,81
30,46,9
71,79,19
33,75,21
65,69,15
6,75,97
20,42,75
24,45,57
27,76,62
36,44,4
42,83,50
0,24,3
67,74,78
1,48,89
18,42,44
42,53,46
47,85,47
23,80,67
28,70,86
27,81,19
6,52,21
32,57,95
1,60,74
60,70,38
61,69,57
11,47,13
42,78,5
22,73,20
10,79,85
24,28,33
10,42,100
16,64,37
39,66,2
4,54,11
4,46,76
48,66,48
64,83,18
10,30,20
2,3,8
48,67,39
43,78,85
16,57,97
23,48,88
30,77,15
68,75,58
11,15,77
11,49,8
24,63,92
34,65,64
22,78,16
13,52,21
2,29,16
16,23,38
24,43,85
8,65,3
32,56,25
2,70,73
1,26,46
37,49,17
24,64,14
49,82,75
32,81,38
18,78,83
62,84,7
6,7,68
43,64,92
67,85,56
22,64,61
3,10,20
27,78,43
79,85,42
51,58,8
22,32,88
30,35,29
16,61,88
27,45,62
5,20,80
52,56,15
39,57,62
2,49,75
2,19,41
55,71,85
6,42,17
8,52,93
49,53,65
53,75,19
7,8,90
69,71,38
4,66,20
13,57,72
13,15,22
25,57,49
55,68,40
24,41,35
50,75,7
1,36,51
23,77,7
2,69,87
8,31,52
42,43,96
8,27,84
25,50,12
22,68,6
26,81,66
2,81,59
20,80,81
26,34,49
66,70,10
33,50,13
38,53,99
63,66,84
43,76,80
0,49,99
1,8,35
4,53,52
20,78,65
31,64,6
21,42,1
16,27,91
59,66,6
9,81,20
48,65,54
41,62,15
23,38,33
41,65,94
0,48,89
23,46,72
7,66,8
3,8,90
59,60,76
30,63,92
74,80,1
15,71,97
27,32,9
17,40,46
3,29,80
40,46,74
2,67,75
28,68,36
6,62,46
21,33,79
21,49,47
30,86,15
46,71,11
34,41,98
3,69,54
0,2,10
33,84,61
6,38,41
3,25,78
0,9,75
5,79,94
50,57,79
10,49,67
26,31,85
18,83,34
26,40,59
56,59,52
22,34,96
35,42,46
57,68,72
48,71,70
9,13,26
31,69,28
3,73,81
36,70,37
76,86,55
6,72,99
55,72,67
20,46,19
53,76,27
42,70,71
54,84,46
48,52,59
23,76,18
10,12,38
35,49,62
31,65,67
7,33,85
10,16,12
26,53,14
2,44,69
55,79,99
43,49,86
30,48,97
37,47,21
12,33,29
21,67,42
44,77,6
14,68,46
42,76,76
54,77,30
56,81,78
3,67,72
14,32,22
19,39,36
21,63,63
61,64,43
26,42,58
30,59,100
6,30,2
30,62,51
0,31,41
61,67,81
57,86,42
13,81,94
9,61,64
15,57,77
75,81,59
35,71,43
1,53,44
9,16,59
6,71,40
11,41,33
80,84,66
39,64,70
8,10,5
26,68,66
23,44,15
25,65,60
13,45,35
35,50,49
33,85,65
17,42,62
16,39,3
29,74,96
69,72,19
1,2,93
42,84,43
14,84,6
30,60,42
9,51,45
6,22,38
44,53,64
1,64,38
47,84,52
43,74,40
19,59,87
17,73,59
64,73,34
6,19,70
9,23,11
26,48,13
49,66,61
15,45,85
23,29,82
46,56,39
64,84,85
42,46,86
17,49,94
6,84,97
28,86,28
32,40,5
17,81,31
36,67,79
45,64,93
11,20,61
21,32,15
7,54,54
39,80,25
82,84,89
0,42,78
21,75,2
6,9,68
34,62,89
5,36,61
20,23,31
39,63,21
38,50,99
50,62,21
2,63,55
8,84,34
19,47,83
13,69,52
24,50,47
4,30,20
9,46,93
32,86,91
47,52,19
23,37,26
20,33,86
5,66,89
9,68,73
32,51,73
54,59,29
15,18,38
17,83,34
9,60,72
48,59,70
66,79,48
76,84,96
4,49,70
20,71,70
20,52,13
54,70,81
5,53,6
19,68,58
60,71,27
57,64,35
13,49,95
38,68,80
64,85,16
13,83,79
49,58,94
57,59,57
18,58,30
1,35,41
35,51,71
22,40,23
45,60,24
22,47,44
28,44,18
26,33,10
3,38,80
9,66,39
55,66,90
54,80,36
26,49,59
10,53,34
27,75,25
13,72,61
11,19,19
23,78,82
1,47,29
41,43,90
6,35,36
3,43,68
76,82,40
14,34,42
37,80,12
36,78,79
63,77,94
40,76,6
34,40,21
30,84,11
35,57,35
36,74,34
4,47,51
26,51,38
42,56,11
55,78,83
41,71,76
21,54,51
0,40,71
1,66,87
17,41,97
48,79,10
3,46,89
10,76,17
32,49,48
54,68,87
37,53,82
2,17,28
35,36,91
14,39,32
20,34,10
70,79,59
0,30,30
8,56,32
11,56,24
7,37,90
37,81,96
26,75,3
45,47,96
1,34,26
42,51,6
10,43,19
25,29,96
9,74,20
37,67,49
3,83,33
3,59,66
23,53,22
12,35,71
8,13,15
25,77,86
28,30,67
20,28,87
36,75,63
21,73,57
11,84,81
2,59,28
8,15,1
65,72,70
13,48,41
5,85,36
74,78,75
26,41,94
3,86,10
49,55,61
16,83,69
45,51,47
55,81,71
12,47,1
0,26,60
25,86,69
33,63,23
73,81,56
39,65,54
39,73,24
69,70,23
34,53,54
42,72,95
6,74,73
29,82,81
15,24,44
70,86,28
2,55,66
44,62,70
67,82,48
79,86,18
8,45,33
10,27,56
4,79,18
11,67,68
54,58,52
15,22,63
41,82,71
37,65,69
9,44,19
6,49,26
43,70,65
7,72,69
33,70,95
31,77,31
37,58,43
19,80,87
32,33,16
31,46,62
21,28,9
16,80,83
20,47,85
32,72,72
71,85,81
29,77,18
62,69,38
1,61,77
37,57,66
43,77,97
22,74,90
55,58,40
35,46,98
16,54,99
40,55,56
33,55,78
5,70,85
26,50,46
24,62,92
29,72,4
12,69,64
11,25,90
31,75,82
28,55,41
19,25,7
29,51,8
20,25,68
23,36,50
42,69,49
21,27,19
25,51,55
32,75,15
45,85,15
39,56,79
27,52,33
46,47,27
1,54,8
17,48,32
6,78,30
41,59,82
25,56,16
26,61,38
52,70,76
7,74,64
18,76,34
22,29,56
10,65,18
8,21,85
42,73,24
1,44,8
32,42,76
15,53,73
50,60,11
6,77,74
0,25,45
47,66,53
40,57,77
6,67,35
5,32,40
2,38,8
60,85,46
14,36,89
1,57,100
25,52,30
10,38,1
66,72,4
11,46,8
45,54,17
51,56,50
1,12,57
1,62,30
16,31,61
1,10,47
76,80,15
13,19,84
26,59,1
14,56,3
15,21,9
37,69,57
36,41,42
9,85,96
73,84,97
20,77,67
2,8,96
22,25,78
69,79,4
12,64,22
45,86,44
11,36,50
1,6,28
58,77,76
1,29,30
4,45,19
5,68,17
37,78,45
37,48,10
32,68,17
28,84,76
18,84,34
24,65,42
63,85,60
7,71,73
22,51,100
43,65,67
59,75,63
14,26,54
43,57,19
12,83,45
6,76,23
67,71,82
11,52,44
24,33,62
49,65,58
39,40,56
31,45,97
62,80,44
27,65,78
52,55,83
44,61,77
48,64,88
29,80,28
32,58,24
40,59,42
49,67,43
8,50,15
20,27,12
20,66,73
13,75,95
24,37,92
22,36,35
39,54,89
7,73,58
52,85,67
13,67,82
59,61,62
8,76,24
47,53,46
43,68,19
12,75,65
53,69,88
16,41,86
40,43,71
12,68,62
23,54,95
9,65,59
8,85,99
9,34,68
61,62,21
9,84,57
11,21,53
18,45,82
3,78,70
38,54,80
33,59,10
16,20,57
2,7,60
35,65,95
17,66,32
8,53,33
16,74,48
13,39,23
29,71,16
0,51,46
37,43,93
61,66,48
22,70,97
76,83,33
34,70,97
70,75,22
11,22,78
19,69,72
41,73,43
38,45,71
60,68,76
10,68,25
34,55,2
62,66,55
40,50,75
38,72,23
17,39,21
56,66,26
3,44,1
12,54,12
29,75,64
14,17,15
4,84,12
45,63,37
29,41,96
28,35,64
3,30,29
52,86,28
67,76,17
13,34,38
12,55,74
55,63,44
11,74,44
23,25,8
1,21,46
30,45,11
21,82,87
0,3,38
35,77,69
23,73,83
24,61,19
23,62,43
32,44,46
13,63,63
46,54,16
35,84,24
39,82,23
47,54,24
12,30,97
55,75,14
8,82,96
0,0,0
