7,71,14
18,25,20
14,52,40
38,48,26
62,78,82
4,55,30
0,60,64
4,60,61
42,45,29
3,56,33
71,75,54
36,67,83
37,64,65
13,43,49
49,67,71
0,69,55
32,40,63
34,38,26
74,78,30
54,67,26
36,60,29
7,51,25
9,74,67
2,66,98
45,56,71
39,45,65
19,78,76
44,53,91
50,79,62
21,80,12
39,43,46
0,40,39
30,50,78
3,35,53
17,49,12
40,53,61
53,54,70
38,75,57
29,42,22
59,60,53
55,75,77
24,25,4
34,47,93
17,23,58
27,68,30
7,32,99
24,51,10
28,58,99
37,44,6
23,50,89
61,62,46
14,74,64
0,22,52
3,44,43
0,41,20
69,74,17
12,19,51
36,54,88
9,58,15
12,71,4
36,64,70
38,47,100
52,70,14
6,76,46
4,80,41
25,67,60
25,57,66
8,19,45
3,16,86
48,69,75
24,50,98
28,50,38
19,67,13
50,61,28
41,53,74
19,41,6
29,39,90
16,64,83
40,41,24
57,75,24
7,38,48
28,60,35
30,43,6
6,52,41
13,15,40
0,79,44
43,72,82
24,74,61
12,36,1
56,61,69
14,27,26
5,79,54
46,77,100
71,79,48
12,77,100
4,5,99
18,23,12
2,28,40
21,46,40
14,78,10
26,46,50
59,63,95
50,52,4
11,78,50
16,22,65
48,59,28
40,75,77
65,72,12
10,70,34
32,38,31
14,28,19
33,41,3
27,44,63
19,63,45
39,73,1
36,46,9
35,41,63
46,59,5
27,43,96
40,47,44
41,74,12
17,64,19
23,64,79
25,50,7
40,46,57
10,40,10
0,5,35
33,65,29
0,78,31
29,57,40
6,75,53
0,74,16
45,77,22
1,40,38
14,42,31
4,71,82
29,47,50
16,72,16
11,43,72
5,49,33
28,54,29
11,14,51
4,47,65
8,17,6
28,80,63
30,61,88
78,79,26
52,77,79
43,64,72
9,29,50
5,46,34
4,46,32
31,54,3
57,79,63
42,55,19
32,65,80
41,61,56
4,58,39
6,68,23
17,52,18
10,64,3
26,58,35
3,59,58
54,77,51
11,33,63
15,64,87
8,15,2
21,73,94
3,69,44
6,12,41
48,76,37
39,76,20
17,73,21
28,56,74
23,74,91
5,57,39
14,79,16
61,79,63
35,58,23
47,57,22
1,54,60
10,63,28
11,75,85
31,44,44
29,41,84
49,54,71
45,80,23
49,76,7
2,44,45
27,32,75
16,61,11
59,74,10
4,12,19
5,66,99
17,34,38
1,69,98
25,63,18
58,65,62
3,33,93
30,69,91
15,54,26
28,52,83
18,20,80
53,70,49
5,11,24
12,67,77
1,53,88
66,76,37
25,32,22
25,36,53
22,40,40
63,70,65
4,73,66
25,29,83
63,77,33
14,39,77
36,61,56
25,68,36
39,49,74
5,60,3
9,13,20
7,66,10
0,17,8
30,44,77
5,70,42
47,49,95
32,62,10
22,60,74
21,55,10
65,71,33
6,15,48
6,49,68
33,69,47
45,51,92
30,41,95
52,74,29
1,13,50
36,50,99
26,80,71
8,32,62
14,38,16
12,38,77
6,57,22
16,52,90
24,55,46
17,79,64
58,67,83
7,67,85
18,33,73
65,77,6
52,60,29
0,26,5
7,70,1
58,79,54
28,70,98
13,18,44
44,70,30
31,71,56
37,57,19
30,78,46
30,31,57
71,77,60
26,73,8
10,55,94
18,70,92
25,62,76
7,37,2
23,60,79
35,79,38
1,22,14
4,32,1
0,30,98
1,15,98
62,74,87
62,71,15
46,52,51
31,45,2
11,70,4
14,22,88
0,46,84
46,64,66
2,24,12
1,39,65
56,74,23
25,47,45
18,19,37
19,56,63
9,50,86
38,62,49
2,58,21
3,12,29
59,77,35
8,9,67
44,63,50
41,63,29
7,76,37
29,59,84
8,68,45
16,58,83
49,58,41
2,19,19
69,79,23
4,79,40
32,57,75
50,51,18
19,53,71
63,67,69
33,36,90
23,42,70
11,63,21
12,17,88
19,23,53
3,27,68
13,71,28
34,58,61
29,52,97
20,48,14
24,47,96
3,60,26
4,72,71
14,59,6
29,37,54
23,57,99
15,25,96
5,26,87
14,80,61
48,52,57
50,54,29
20,30,38
1,18,35
10,33,37
33,78,2
8,11,67
14,66,87
25,26,22
28,62,32
48,65,1
3,21,3
2,48,27
41,80,97
66,72,3
36,41,87
3,13,72
23,34,33
6,20,88
7,72,88
35,70,75
17,38,28
41,54,57
42,49,90
70,72,12
7,9,58
6,16,23
6,40,75
39,72,78
13,65,16
42,74,50
42,80,30
12,74,86
33,58,97
31,78,44
21,57,85
16,27,90
52,67,85
2,69,68
18,66,50
54,74,44
34,51,36
60,68,59
3,17,17
34,68,25
12,75,60
65,74,8
25,34,38
43,65,32
10,39,28
4,43,86
5,48,50
9,67,84
7,10,84
5,72,98
11,32,73
7,22,40
14,48,23
46,54,91
38,69,51
1,56,37
31,74,38
12,24,94
2,71,27
21,36,12
23,54,10
54,75,94
17,41,72
12,34,11
37,47,65
15,29,33
3,49,5
54,63,14
5,29,53
22,75,85
13,35,91
29,80,64
28,42,19
20,49,4
6,41,14
21,26,29
17,18,94
39,69,62
64,80,96
34,40,38
44,51,96
49,55,85
6,33,65
51,61,62
0,6,82
33,48,3
47,61,12
2,68,50
22,80,24
43,52,19
2,6,40
43,59,8
16,30,98
11,29,96
15,43,20
23,59,66
5,37,27
41,67,29
12,79,63
14,63,16
63,73,15
45,47,35
12,29,41
5,80,7
30,79,75
27,62,96
11,19,72
42,52,45
65,68,78
31,59,58
66,67,90
7,39,25
19,32,39
10,48,29
47,76,60
55,64,64
29,75,26
16,38,37
3,6,93
1,11,5
59,68,72
38,73,16
6,43,46
0,29,97
8,52,60
24,72,50
30,57,80
61,75,91
11,59,30
20,75,100
22,56,34
39,40,55
21,42,46
50,68,9
14,20,49
9,71,18
35,66,17
9,14,68
29,73,55
7,13,90
15,58,99
23,25,4
46,75,1
29,45,42
27,28,48
34,80,58
23,58,10
22,79,48
14,67,96
30,46,6
52,79,85
1,10,13
13,52,96
53,60,37
19,66,23
9,53,97
0,36,27
18,63,23
25,28,94
10,50,56
48,64,87
21,56,96
19,60,67
40,60,70
18,21,13
6,27,73
9,57,30
37,70,21
58,63,14
40,76,40
26,68,61
36,45,7
33,72,74
49,80,61
10,56,27
15,79,25
49,79,81
50,53,23
14,47,98
71,74,92
31,69,95
69,77,22
43,54,77
31,51,80
0,14,91
29,70,85
64,66,40
62,73,9
11,17,1
25,44,4
27,60,2
20,74,23
14,77,65
25,79,60
27,67,69
50,73,24
31,36,41
39,68,81
16,67,31
20,25,75
29,66,17
9,39,66
30,60,77
51,70,94
13,47,4
25,70,79
45,58,49
3,61,67
52,56,87
14,75,25
51,53,48
70,76,29
6,19,88
37,56,33
74,75,49
35,44,32
2,65,18
71,76,12
24,67,31
13,60,5
28,72,57
9,60,35
29,67,49
18,30,35
7,41,48
59,62,69
49,78,95
34,44,14
20,24,77
47,68,66
52,59,18
56,79,14
10,43,77
44,49,69
4,30,75
3,50,79
38,77,25
14,19,74
32,37,52
24,58,6
26,44,96
0,8,80
9,19,58
0,64,71
37,45,44
2,63,42
30,51,86
19,70,34
19,48,65
32,77,77
35,52,36
7,8,12
37,71,1
64,74,62
26,27,32
37,61,5
8,70,99
26,54,70
60,75,67
31,70,97
30,56,50
43,68,28
31,65,31
25,72,9
15,37,100
46,68,18
15,27,40
13,55,57
13,64,3
29,62,8
1,74,13
23,75,33
47,72,39
43,74,15
30,39,53
46,47,87
8,38,9
18,71,63
32,35,73
25,51,26
34,72,68
23,70,17
16,65,10
7,31,45
26,63,34
8,22,97
3,75,12
27,36,11
45,68,57
11,66,79
30,80,57
23,35,75
49,64,66
14,33,52
35,47,55
73,77,43
33,70,53
24,31,88
10,51,99
3,46,15
3,54,90
49,73,85
13,50,10
3,29,38
37,38,54
10,60,100
25,48,40
53,71,27
16,59,49
7,73,82
1,64,27
49,63,5
0,55,32
64,72,61
16,51,19
8,46,100
14,55,25
57,80,56
5,21,65
37,51,28
39,53,84
22,28,29
15,47,70
6,32,42
27,56,19
21,67,28
29,60,87
28,29,69
18,43,46
14,35,32
39,41,35
22,41,65
9,18,26
7,33,34
49,62,72
46,66,85
67,68,69
13,48,14
2,27,43
25,33,11
11,58,55
16,73,58
23,56,46
41,65,9
8,36,12
13,49,3
49,72,81
67,78,62
52,66,19
9,76,3
20,39,77
3,52,55
8,62,9
11,62,52
13,67,51
48,54,10
27,64,15
6,47,3
39,50,15
13,30,78
1,3,68
1,80,87
59,67,91
19,77,82
9,43,93
38,53,73
8,59,69
9,38,11
43,57,98
54,78,82
53,68,10
28,71,95
63,68,4
19,20,42
4,36,68
15,63,54
48,62,58
12,33,20
34,48,10
64,71,77
17,80,5
32,41,86
17,47,57
21,31,93
22,48,67
27,53,26
16,62,51
38,60,12
10,20,15
55,57,27
49,56,28
34,45,94
1,47,5
33,50,37
18,45,11
61,70,89
65,73,76
76,77,11
24,68,50
10,45,97
36,37,69
19,57,38
38,61,97
24,78,79
68,76,42
30,71,52
6,46,34
3,76,14
72,78,92
6,48,95
49,66,89
2,54,63
36,51,78
10,52,69
0,37,72
12,31,10
35,43,85
14,15,27
29,77,92
8,18,90
32,54,31
19,45,38
8,72,54
12,80,78
17,28,51
41,78,80
37,59,44
1,49,63
44,61,80
30,62,46
8,43,30
62,77,2
6,23,100
23,53,3
10,15,41
18,52,37
19,74,70
0,23,3
13,23,97
62,68,62
37,72,12
4,49,80
8,50,20
3,51,7
63,65,26
9,80,76
1,32,67
57,67,17
41,66,47
19,69,68
5,39,46
51,55,57
14,17,63
25,76,8
44,46,56
35,38,37
7,30,22
34,63,54
43,76,9
13,32,12
33,40,56
10,25,19
18,73,73
72,80,32
2,62,83
10,37,85
43,50,58
9,25,87
57,76,19
35,74,36
48,77,65
72,77,77
15,30,93
48,78,75
59,75,65
51,69,5
52,78,49
18,77,51
23,27,64
14,16,21
37,75,50
5,27,48
22,43,70
57,62,24
49,52,35
21,53,23
56,66,31
30,37,40
19,27,22
39,57,33
72,76,24
46,61,28
1,48,39
40,63,56
54,79,45
49,71,46
22,70,92
7,77,4
16,41,60
6,73,15
15,44,49
52,55,56
22,77,59
58,71,97
18,67,63
39,47,14
15,21,91
35,60,99
26,35,6
5,22,57
15,56,60
49,53,53
23,78,53
32,42,73
15,77,29
34,71,62
57,64,21
8,23,24
16,23,86
38,54,14
7,61,40
25,37,19
4,38,59
73,75,4
20,22,69
56,77,13
2,18,64
41,77,62
33,67,30
11,73,3
4,53,69
42,78,91
21,43,12
55,68,71
23,71,47
42,77,9
55,59,67
4,18,35
22,72,55
45,46,66
33,73,71
46,51,38
54,58,78
29,48,98
10,57,16
71,73,65
36,47,56
24,57,23
37,66,20
31,73,53
1,36,66
37,52,24
24,75,49
24,77,92
46,70,82
9,59,32
47,66,4
45,76,5
5,19,27
10,21,8
8,76,40
0,11,96
11,56,4
25,45,6
35,71,75
70,77,99
10,23,11
9,35,30
45,75,47
12,68,51
24,76,48
41,44,98
37,77,80
20,66,89
9,15,51
21,35,9
42,63,68
19,35,7
33,44,41
4,6,28
5,53,19
26,55,28
1,14,32
45,69,58
39,44,21
17,66,35
52,69,25
10,75,26
33,39,42
37,41,97
8,80,9
40,43,33
34,57,82
54,57,77
7,14,67
12,16,57
53,72,3
36,43,88
25,38,23
57,61,80
30,75,92
78,80,7
11,47,96
25,49,45
24,35,91
42,68,21
51,68,32
11,25,41
21,54,6
53,69,70
42,66,29
1,43,73
28,78,59
29,79,26
43,48,82
33,63,62
20,73,20
5,25,85
9,21,29
39,71,100
24,71,90
68,73,17
33,57,82
20,79,50
34,53,58
9,75,66
4,69,34
9,65,84
56,72,39
32,68,45
10,30,21
46,72,38
9,73,88
0,77,28
0,53,62
37,69,84
51,59,44
20,29,32
13,44,95
36,40,37
20,56,56
35,64,64
0,2,67
3,68,76
53,75,24
23,47,82
4,42,16
18,55,24
15,36,66
14,32,96
30,47,80
15,70,50
25,27,71
55,60,65
19,24,16
13,63,63
17,69,14
20,62,15
26,65,41
34,67,61
30,42,74
24,69,84
8,26,70
12,69,51
17,48,47
26,69,58
28,47,65
8,44,45
19,44,22
11,36,69
57,68,54
29,50,29
9,22,50
70,73,9
13,45,94
0,63,40
8,12,56
55,73,49
0,52,2
1,28,34
21,72,25
19,58,95
26,39,94
1,46,45
22,39,11
1,59,54
23,51,72
34,69,58
28,45,23
16,26,61
50,70,5
23,79,98
24,37,94
3,22,30
38,80,82
44,48,15
61,65,91
3,41,95
18,24,27
6,77,78
4,56,100
44,65,17
25,40,42
58,68,65
1,26,96
45,65,79
36,66,75
52,76,75
8,66,86
35,42,44
10,41,42
37,53,12
36,39,43
39,67,71
3,42,62
46,69,100
3,67,94
29,63,10
64,76,77
16,17,98
9,49,79
12,66,100
30,49,98
6,29,47
48,55,85
27,59,28
9,78,69
12,20,85
5,68,16
55,67,85
38,58,29
33,61,51
19,79,50
43,63,70
14,68,39
32,49,78
59,66,97
20,53,38
13,28,67
36,78,86
64,68,60
17,29,83
16,31,36
4,61,79
12,56,66
48,56,22
46,65,60
27,73,72
11,41,85
45,67,45
1,38,68
28,40,61
42,60,74
0,15,84
4,45,18
46,78,89
17,25,32
14,72,41
35,36,92
2,45,1
55,61,88
5,6,59
45,74,8
12,60,20
35,46,42
22,36,39
58,75,2
12,48,31
8,33,45
49,77,85
3,48,99
3,40,45
24,64,27
15,60,7
76,78,48
44,50,47
8,37,83
20,69,92
45,63,100
69,73,52
2,74,84
2,36,8
5,23,13
12,28,21
10,32,49
43,77,70
13,31,69
5,35,61
27,38,69
35,72,49
59,65,48
42,44,82
35,65,76
2,33,67
30,36,53
41,59,84
37,62,28
4,66,90
26,67,16
32,44,29
11,37,81
41,43,80
54,55,35
16,36,90
50,56,81
8,30,34
22,66,37
0,66,27
7,78,96
31,48,34
29,40,89
12,27,23
24,43,14
19,59,90
9,72,67
2,35,84
10,58,74
9,70,31
18,37,81
15,78,64
7,52,47
23,39,14
16,20,57
58,72,39
58,78,48
48,57,76
2,32,13
9,52,2
57,59,89
24,36,99
10,14,79
13,34,57
22,63,65
21,63,31
29,74,24
18,39,48
24,66,60
5,40,48
13,14,76
1,65,95
17,62,44
17,36,77
62,66,91
63,64,27
18,60,89
18,53,69
33,45,6
9,11,71
15,35,64
17,27,92
16,63,88
11,57,10
6,72,15
8,10,51
31,61,91
12,26,44
14,49,59
47,64,2
39,56,70
10,11,40
1,72,61
16,47,97
21,76,25
56,60,68
43,79,42
10,71,76
17,33,6
15,28,39
37,76,36
20,46,5
6,67,74
6,7,30
2,26,25
37,80,22
3,73,82
35,63,46
50,65,45
32,80,94
15,75,13
66,70,39
63,75,8
46,48,24
57,60,82
10,28,12
73,74,81
36,74,41
12,51,27
26,50,14
27,58,7
14,65,12
17,20,57
44,76,80
47,50,18
0,31,75
6,28,53
12,18,57
6,54,49
6,30,88
5,51,82
26,34,46
39,65,87
0,47,84
9,55,91
40,59,79
25,54,45
27,63,66
44,45,2
29,53,39
17,19,33
25,35,11
9,61,80
2,70,86
52,73,96
14,26,76
24,61,64
8,25,77
5,77,12
0,44,9
74,80,18
48,66,91
4,70,75
30,74,72
2,22,29
54,60,78
7,49,43
16,66,61
5,44,69
28,74,16
8,27,63
43,80,66
28,59,2
51,62,96
6,69,24
64,75,4
6,24,30
30,38,75
53,61,62
0,71,21
21,40,24
17,44,84
1,9,95
0,38,55
31,39,31
7,28,39
1,44,68
38,76,58
27,75,95
58,61,22
28,61,7
41,48,76
42,53,26
55,77,87
1,79,27
16,21,5
59,61,64
27,76,12
38,45,56
37,58,17
17,68,70
3,31,61
42,62,86
16,75,98
65,76,4
25,42,82
8,71,39
22,76,48
13,74,57
24,30,7
1,52,26
15,72,53
27,61,89
29,69,83
8,53,85
41,50,47
65,78,28
0,62,68
60,79,83
11,18,86
32,66,21
9,62,73
21,25,17
4,27,63
2,78,26
33,62,98
2,75,19
1,51,36
5,24,66
2,16,19
64,78,19
45,61,13
53,66,14
38,40,63
35,59,66
74,79,17
47,48,1
16,37,79
72,75,100
67,69,52
45,50,11
2,51,80
58,69,100
12,45,59
52,64,89
26,66,75
56,69,86
43,44,95
67,76,9
3,57,30
55,80,18
5,15,95
13,51,44
62,76,1
29,71,81
32,36,90
13,72,71
34,52,90
19,21,77
7,45,97
3,15,71
13,54,78
1,16,62
7,11,66
64,65,40
52,58,58
29,32,2
40,62,59
61,80,4
13,33,95
16,28,66
32,64,9
52,53,88
47,74,95
6,13,96
50,77,92
6,42,17
26,36,42
40,69,62
77,80,25
67,70,64
9,64,91
73,79,98
2,49,9
1,58,43
6,66,93
16,56,34
15,34,8
24,34,74
53,79,33
3,37,3
16,69,75
3,45,18
0,57,24
48,75,35
2,80,25
28,39,94
3,9,4
34,74,16
25,53,76
36,44,93
41,69,6
72,79,58
18,46,12
27,49,5
19,47,19
62,67,9
24,27,53
28,77,90
5,43,77
7,58,93
31,46,31
36,42,40
18,35,2
40,74,88
14,60,9
38,42,54
35,39,39
53,57,55
34,79,60
5,50,95
3,14,75
56,65,20
32,58,68
23,77,95
36,80,4
34,36,68
27,35,79
26,45,54
27,29,52
45,52,69
1,27,66
14,71,81
37,74,32
59,71,52
61,66,70
20,71,15
40,72,14
68,72,94
45,66,19
29,61,14
15,31,80
76,80,9
29,68,64
55,74,7
13,75,23
12,43,1
9,10,41
2,10,71
38,43,37
59,78,26
8,16,47
56,78,74
1,70,26
36,65,14
63,71,45
66,68,57
9,24,49
18,38,41
5,32,12
16,34,34
51,54,26
60,71,91
30,35,61
36,69,64
5,14,72
26,70,48
22,65,86
4,7,92
43,45,82
22,53,16
34,78,87
56,75,50
20,77,59
63,66,37
0,72,85
26,53,20
9,20,36
33,43,5
19,42,80
54,72,42
7,44,83
7,75,11
6,56,61
7,65,29
17,50,8
43,58,68
50,80,53
0,27,87
1,29,7
1,19,86
61,63,38
19,52,29
3,38,1
4,59,38
29,64,8
51,77,10
37,73,89
31,37,49
57,70,59
4,51,21
17,24,51
67,80,39
39,54,67
2,42,37
71,72,85
44,69,1
20,64,57
49,60,10
17,61,46
20,41,41
36,75,36
2,72,20
2,17,52
42,75,59
22,32,61
1,25,19
36,38,67
8,42,80
12,58,23
2,7,22
45,71,39
37,46,50
22,58,18
52,54,70
7,15,91
2,56,53
8,67,2
35,67,27
2,53,72
40,61,82
12,61,63
29,44,34
49,51,72
21,45,44
68,77,45
43,70,50
37,42,56
30,59,37
13,38,75
34,60,50
45,48,12
32,51,5
37,40,96
11,40,67
59,76,81
15,24,50
8,13,6
35,77,71
65,66,51
14,64,1
6,79,31
11,42,48
11,60,38
17,51,25
43,75,22
49,74,48
1,30,26
8,41,28
51,80,27
40,78,39
5,58,68
16,49,64
10,26,82
26,30,81
5,36,81
16,50,20
32,56,49
12,21,73
28,30,63
72,74,99
22,67,22
22,78,63
6,18,96
23,67,78
4,19,65
4,8,49
50,78,46
17,35,66
28,49,36
13,39,53
42,54,100
49,50,92
36,77,23
7,64,91
4,52,24
12,15,15
3,47,46
23,33,22
29,55,31
17,43,17
20,32,89
34,42,16
11,50,38
48,73,37
17,67,94
51,52,19
49,75,53
19,54,73
48,67,54
4,10,54
8,20,64
16,39,80
33,80,43
7,79,72
34,49,91
34,66,1
23,68,80
24,44,56
62,79,77
12,40,34
22,69,88
3,25,98
38,72,74
30,72,89
21,37,93
2,25,46
24,41,10
12,76,87
20,31,93
8,64,22
15,22,56
33,34,75
24,29,91
21,50,82
31,60,46
28,37,51
5,13,19
8,21,72
24,65,4
3,34,21
13,26,90
51,75,24
70,75,64
2,55,71
8,56,65
34,61,91
35,48,6
31,50,6
66,73,31
43,60,65
15,23,61
9,40,5
27,57,99
27,34,22
46,71,10
10,65,10
23,72,81
5,63,74
8,51,100
19,72,6
55,76,88
51,58,32
0,35,9
35,76,2
61,64,13
62,64,85
11,53,68
19,65,3
8,74,8
8,49,22
61,77,12
16,55,55
30,63,99
32,47,61
17,39,81
54,64,14
44,52,90
17,26,50
23,76,75
0,12,93
23,37,64
11,12,42
27,70,3
63,79,41
43,66,1
65,75,20
12,62,12
51,76,27
21,62,66
10,78,34
68,78,49
51,66,43
17,53,86
2,67,47
13,41,8
48,49,37
25,56,75
42,50,45
68,80,99
18,75,5
24,62,9
8,31,54
5,7,63
15,71,57
7,63,58
11,35,48
68,70,99
1,41,62
14,57,24
18,62,84
22,64,77
22,23,97
10,22,90
39,51,26
34,65,39
13,58,24
46,62,13
37,39,3
65,67,84
36,58,98
2,31,90
9,37,25
16,74,30
27,42,66
33,76,72
59,72,70
34,37,51
40,80,47
28,43,2
26,71,28
58,59,62
16,18,1
47,80,39
70,78,91
21,49,51
14,58,49
54,69,22
26,37,67
75,77,67
60,66,49
57,78,46
26,62,10
39,70,93
35,51,52
18,65,63
70,80,93
11,30,42
10,44,94
21,39,41
50,72,91
1,31,16
48,53,5
14,70,1
40,55,87
13,27,32
39,52,55
42,58,65
20,72,71
23,30,6
34,56,81
1,17,13
15,20,97
5,78,20
45,55,82
23,63,92
55,63,87
38,74,6
46,76,5
47,77,65
3,28,55
12,54,18
41,52,64
7,53,78
30,32,41
22,24,41
24,28,75
11,67,57
54,76,10
26,40,38
56,67,83
41,51,68
27,46,79
0,65,29
38,78,44
4,20,18
27,33,36
0,34,5
6,10,22
26,31,49
21,75,17
74,77,76
30,65,51
5,12,85
70,79,87
63,80,68
22,68,95
58,73,7
12,39,29
21,41,73
48,80,34
42,56,48
43,62,44
41,62,19
20,26,100
25,73,87
33,38,81
0,56,72
1,62,21
19,31,75
19,71,8
34,73,67
69,70,75
50,59,29
21,48,45
46,56,15
61,73,63
44,59,62
42,48,99
17,46,86
22,71,3
5,69,43
2,29,95
2,57,4
26,49,32
58,64,32
43,46,50
28,51,23
3,39,87
2,43,58
72,73,71
6,22,24
14,62,64
10,54,45
67,74,14
18,28,35
53,63,6
13,70,24
11,48,4
64,70,73
28,44,25
57,73,54
14,34,84
11,34,83
47,75,17
19,22,75
42,64,65
39,55,95
7,43,10
19,25,49
15,48,6
3,20,20
59,69,95
51,60,86
49,69,47
28,33,77
16,24,79
38,46,66
25,30,93
10,61,91
22,61,82
8,63,74
57,66,51
7,24,86
2,20,4
4,16,16
43,56,55
11,27,66
29,38,73
53,62,3
49,65,96
61,68,33
14,45,53
6,65,70
22,35,37
18,42,90
27,37,59
57,69,5
69,78,66
6,74,2
4,62,99
45,60,82
6,60,99
53,80,100
14,23,63
26,48,90
3,7,39
19,50,63
8,57,52
26,43,63
26,78,11
27,72,84
32,78,50
16,77,19
20,51,49
1,34,91
51,73,35
28,64,40
31,33,81
5,8,96
25,59,87
15,55,100
15,57,60
1,77,99
4,67,37
15,66,61
35,45,48
26,77,85
23,44,81
45,57,23
31,63,94
2,37,23
23,80,69
24,56,6
16,68,55
0,70,14
60,69,20
26,56,23
1,78,75
17,31,37
10,69,35
56,64,19
7,35,21
17,70,36
14,30,40
14,61,22
8,34,69
0,28,50
34,39,52
6,26,30
42,65,94
3,11,98
53,65,30
7,56,54
2,38,68
1,55,81
34,55,50
41,68,72
5,67,88
45,72,90
22,25,56
29,58,54
29,51,93
4,17,97
71,78,4
24,33,95
11,20,34
32,72,2
32,53,19
13,59,77
35,40,26
28,31,25
43,73,59
24,42,90
5,45,83
9,77,36
35,80,36
53,58,94
2,50,43
11,44,49
0,33,99
7,29,85
11,74,22
0,80,12
33,77,42
12,37,19
33,46,57
25,64,21
59,70,35
9,26,95
34,62,9
42,76,50
5,17,61
6,37,84
13,37,87
19,49,48
8,55,20
9,16,12
10,59,69
10,73,31
4,77,30
0,18,45
19,38,89
18,26,83
25,43,83
10,17,87
13,56,79
2,39,9
4,39,80
47,73,48
4,65,43
24,38,25
50,67,88
52,80,1
47,51,49
4,76,24
41,58,16
21,51,52
60,78,33
54,70,34
31,66,57
43,61,54
18,61,53
25,65,17
15,59,46
32,73,98
39,59,22
15,61,89
51,56,9
23,28,62
32,76,59
5,42,11
33,54,64
10,18,34
34,43,22
19,51,34
12,52,38
38,67,100
15,52,34
27,74,10
26,51,96
12,78,40
24,45,61
11,38,98
32,74,18
33,51,57
0,4,52
30,52,58
1,20,54
1,42,71
2,15,91
21,77,63
19,62,54
22,73,28
0,7,63
8,79,24
29,31,37
58,66,40
28,46,82
48,63,92
27,50,29
19,33,69
26,61,39
5,54,73
9,32,80
16,44,38
9,34,17
44,79,2
33,55,79
32,75,66
6,62,44
5,38,67
42,43,38
31,64,11
45,59,23
54,68,53
18,47,55
3,79,30
45,54,29
15,18,22
36,73,1
27,69,48
2,3,14
17,37,36
0,75,29
2,52,4
7,26,71
8,39,42
4,41,39
62,75,78
9,28,48
16,54,78
4,26,50
60,62,41
30,55,60
6,36,74
33,75,59
0,61,42
51,78,11
19,68,35
16,19,8
29,76,72
36,52,9
18,32,17
5,9,6
40,66,54
37,67,85
66,78,68
1,21,87
12,72,10
18,56,51
54,59,8
71,80,63
15,51,99
46,55,39
36,57,37
14,54,22
50,69,54
25,41,19
34,46,1
58,74,88
41,79,76
6,50,40
31,75,52
47,70,12
0,32,3
17,22,15
0,42,5
11,31,86
42,72,20
61,69,82
13,19,80
22,54,93
40,48,90
4,78,8
12,13,80
59,80,53
43,53,67
44,78,61
7,36,40
28,34,78
15,76,86
60,76,94
2,21,28
25,31,60
18,80,40
23,36,74
1,5,90
11,54,32
40,58,54
53,56,87
60,61,28
16,79,16
13,42,26
18,22,64
9,68,45
65,70,27
39,80,97
39,74,21
7,18,86
1,4,28
23,24,97
20,37,80
38,65,4
4,28,65
22,50,93
12,63,8
52,61,54
28,66,85
25,78,88
26,57,21
33,56,93
46,58,67
19,43,41
7,50,93
18,40,6
13,78,18
30,33,88
34,41,69
51,63,2
4,63,100
15,19,13
12,30,94
65,69,5
4,40,42
0,49,22
18,69,16
47,62,92
5,59,23
18,74,84
21,68,63
9,56,30
56,58,54
2,5,37
46,80,74
38,55,38
25,71,71
29,72,60
63,72,79
9,36,47
28,36,23
60,74,60
18,57,5
1,12,94
16,46,51
53,59,54
46,79,68
35,54,31
7,40,29
47,59,97
20,27,43
38,50,3
33,74,77
24,63,51
66,69,37
4,23,62
55,79,51
11,69,60
20,42,19
10,27,17
52,72,17
48,71,63
25,74,2
35,68,46
43,69,4
35,78,91
14,40,23
6,45,34
12,65,47
52,68,6
60,73,25
27,31,39
12,44,69
42,67,72
6,71,21
42,46,38
15,65,28
75,79,4
22,46,71
12,42,93
33,59,90
21,65,83
21,28,70
14,56,26
54,65,15
46,50,75
0,50,50
51,67,16
26,76,36
16,25,26
3,5,13
26,32,96
31,41,92
53,74,2
38,52,21
6,44,79
11,72,4
11,45,54
60,70,78
15,16,50
13,69,45
20,35,17
19,34,71
73,80,25
6,39,16
11,13,9
29,36,19
38,66,32
18,72,38
10,31,61
55,71,67
10,47,52
58,76,49
12,50,77
40,71,65
16,40,67
9,79,80
19,37,16
0,59,18
8,47,1
7,21,63
24,59,24
54,56,68
11,51,74
2,46,7
16,33,92
40,51,5
21,74,6
10,35,28
4,31,25
0,58,21
43,67,85
29,54,69
44,74,100
24,54,16
0,67,30
32,55,29
20,40,24
14,50,68
23,29,56
9,12,2
27,30,13
30,76,41
32,70,69
19,30,96
51,64,76
57,72,24
19,64,92
45,53,73
23,41,11
22,44,24
16,71,37
5,33,53
55,66,87
50,74,4
27,55,30
7,25,3
57,74,79
42,57,33
14,25,49
59,79,33
39,78,71
60,67,8
11,52,77
10,19,12
70,71,33
18,34,77
7,62,85
38,63,43
14,69,78
6,58,47
52,57,71
51,79,13
41,72,52
27,66,10
45,49,20
29,56,98
5,55,91
51,57,16
6,78,85
44,75,59
20,43,9
10,74,30
12,73,90
12,46,36
18,27,63
1,33,91
19,55,89
38,70,88
37,68,33
13,21,61
12,22,86
12,41,88
12,14,70
35,57,40
10,16,61
75,78,9
23,40,18
6,8,1
42,61,91
69,71,77
24,70,4
65,80,81
23,69,17
54,73,5
36,70,95
14,46,58
26,33,81
47,63,93
28,53,48
47,79,47
67,77,24
3,64,74
23,62,99
36,56,68
4,34,84
0,21,62
22,74,19
7,42,43
64,79,36
4,48,2
17,40,34
23,46,74
39,79,84
22,34,91
21,64,63
25,66,26
37,63,55
20,76,32
31,77,41
20,68,33
18,78,35
56,62,83
17,58,1
2,9,73
15,40,7
10,34,3
67,75,83
44,71,19
40,49,40
52,65,17
17,63,57
62,80,32
64,77,68
7,46,98
57,65,34
35,69,61
61,78,35
7,47,46
8,69,70
44,72,20
35,55,22
70,74,54
27,40,44
21,60,11
6,9,88
23,38,79
67,72,49
48,70,58
37,43,17
46,57,15
51,71,6
18,79,11
27,78,28
9,63,83
29,34,45
5,47,12
17,32,23
27,51,65
3,32,39
1,63,28
30,64,68
31,40,31
24,60,39
3,8,58
3,10,17
0,51,36
1,35,15
41,55,41
0,10,86
15,39,41
42,79,31
3,65,87
8,14,90
15,53,49
57,63,75
60,64,69
13,79,31
18,59,40
11,77,8
10,76,87
17,60,81
37,50,53
14,21,35
3,36,82
20,61,60
32,60,96
40,68,97
8,45,41
53,64,84
46,53,72
3,23,51
13,77,13
33,68,100
13,76,54
18,68,93
28,32,24
5,52,14
31,42,79
68,79,29
58,60,91
26,74,53
6,80,63
15,67,65
15,42,65
18,41,48
5,61,72
11,15,55
34,77,7
17,72,7
15,38,89
75,76,2
61,67,78
28,76,96
3,58,92
22,37,28
14,18,50
34,75,29
12,57,20
27,54,12
7,80,8
11,80,57
20,78,25
4,14,5
2,12,29
21,61,97
32,46,94
24,48,61
30,77,35
17,75,11
7,19,40
48,50,99
28,48,46
3,70,65
7,48,63
46,60,46
26,60,54
54,61,78
32,52,36
55,56,3
2,73,53
0,76,63
3,72,60
23,49,5
5,71,17
36,63,41
58,62,65
20,28,36
13,46,37
2,14,25
32,79,21
0,54,81
0,20,34
23,55,88
29,49,7
30,73,49
41,71,17
26,59,80
2,30,23
40,64,77
31,47,50
15,74,64
30,66,91
40,79,24
17,78,4
3,74,79
69,72,46
31,79,9
3,77,1
47,56,97
32,39,6
2,40,78
17,74,94
44,60,25
27,39,81
40,65,93
0,24,70
15,49,33
29,30,71
75,80,53
3,78,46
9,31,60
46,74,39
0,48,58
6,14,37
44,77,55
8,60,21
39,64,11
1,6,77
2,61,77
18,49,32
31,34,76
44,55,51
40,50,87
48,60,92
36,49,28
16,35,59
44,80,88
16,48,59
31,53,98
24,46,41
18,50,45
21,59,14
11,22,61
28,68,6
22,27,24
63,74,24
45,62,52
77,79,71
46,67,32
4,35,14
24,26,57
25,61,37
35,62,26
21,58,1
9,30,43
22,51,65
3,53,19
33,79,77
1,66,69
1,75,48
17,45,68
23,45,81
32,71,19
18,64,5
53,73,90
60,80,71
28,65,1
2,34,42
37,78,4
31,35,32
37,55,29
30,67,8
28,73,56
28,69,12
22,42,70
6,59,69
26,47,3
10,62,73
2,77,18
29,35,74
19,39,11
30,58,85
8,40,51
10,36,15
44,56,40
40,56,84
14,24,85
47,71,6
32,63,88
46,63,44
40,54,18
25,75,99
54,66,83
22,57,43
7,68,26
10,68,5
10,77,66
9,27,16
11,76,6
35,61,21
21,70,86
10,13,60
7,54,4
3,24,19
31,62,58
48,79,25
69,75,21
3,26,23
14,37,50
36,53,91
59,64,44
11,21,7
3,63,74
20,52,29
16,60,75
53,77,27
41,47,6
6,61,87
55,78,30
21,78,96
42,73,44
61,76,2
38,59,72
32,59,11
13,20,71
7,17,55
8,28,42
9,54,17
54,62,65
32,50,92
20,70,52
31,67,39
34,50,43
21,44,27
50,60,33
4,57,34
12,55,87
3,19,82
38,79,10
13,29,37
0,16,37
2,76,59
39,61,7
41,57,29
38,39,96
30,54,26
21,69,27
9,17,54
68,74,14
20,58,74
48,74,53
23,43,32
24,53,64
7,12,23
6,35,23
1,76,44
25,58,24
60,77,1
42,70,71
10,46,80
19,76,89
38,57,10
34,76,92
3,18,27
21,52,76
27,52,92
4,13,77
45,64,94
28,35,43
1,37,77
79,80,54
6,11,25
50,76,17
19,61,50
34,59,2
61,74,89
6,25,59
21,38,55
48,58,53
29,65,72
53,78,64
9,48,86
12,23,5
4,9,32
16,45,50
41,45,55
44,64,27
30,68,40
13,53,86
30,45,35
37,48,71
3,30,68
41,60,7
31,55,65
62,70,26
14,73,45
15,50,81
6,34,9
44,54,18
37,54,23
21,47,64
30,48,78
50,66,62
28,79,71
41,73,86
6,63,36
49,59,67
5,28,24
26,72,4
11,49,39
7,27,93
51,72,43
6,51,58
13,73,31
10,49,67
26,28,44
0,39,51
41,42,48
36,72,3
22,31,97
47,65,99
36,55,68
25,46,15
41,56,76
33,66,66
28,41,63
9,23,56
41,70,37
27,79,37
20,60,40
22,62,40
10,80,6
31,80,77
21,23,61
5,30,93
25,52,26
20,34,9
45,73,65
28,38,85
15,46,44
47,60,15
69,76,18
1,23,89
42,59,60
1,60,86
5,62,19
3,66,39
33,35,65
52,63,90
15,80,2
44,68,61
41,76,70
20,65,36
13,61,18
18,58,69
37,60,72
39,62,53
40,70,74
7,55,10
39,77,15
77,78,86
54,71,68
3,4,11
45,70,58
19,75,97
2,11,68
29,46,32
44,62,57
76,79,3
32,69,13
22,33,81
15,62,44
32,45,98
5,76,85
68,71,95
40,44,79
28,75,16
14,31,87
7,20,43
5,10,37
17,77,70
35,49,47
21,30,58
33,53,77
52,71,1
45,79,93
36,76,12
11,61,19
21,22,85
3,71,12
0,13,35
9,41,71
17,30,17
23,52,37
16,78,73
55,65,19
7,74,66
7,23,22
26,52,50
40,67,21
10,24,62
15,32,60
0,68,59
14,51,100
23,61,38
61,71,21
18,76,74
47,54,57
29,33,31
4,74,25
62,69,59
8,24,24
2,23,74
4,24,78
36,68,13
41,64,20
11,64,83
68,69,2
28,55,20
30,40,81
44,58,96
38,56,99
5,41,50
35,37,71
10,79,23
23,73,22
4,29,18
66,80,65
42,69,66
21,66,37
11,28,62
15,26,26
31,56,65
35,73,56
18,51,4
24,39,18
4,15,86
4,11,44
49,68,92
10,42,61
40,73,29
1,73,67
6,55,47
31,58,16
27,45,41
23,32,41
18,29,38
1,57,27
43,51,32
19,80,44
49,70,41
23,31,94
44,67,99
1,71,28
37,65,59
21,27,52
19,28,17
20,44,52
27,77,86
24,80,77
25,60,89
34,54,33
47,78,3
33,60,71
20,57,56
38,49,62
2,64,17
35,56,5
27,71,67
33,64,59
8,48,23
20,23,16
0,19,48
26,38,16
30,70,55
3,55,26
24,52,91
4,54,58
23,66,97
67,73,64
4,25,41
16,76,78
74,76,58
20,21,38
6,21,60
17,56,52
39,75,53
27,41,60
14,29,97
34,64,87
55,58,76
0,0,0
