0,11,80
17,19,19
9,18,48
0,2,24
0,20,48
4,10,22
4,23,73
2,8,61
2,15,16
5,10,87
8,22,22
13,16,13
21,22,10
4,6,28
12,13,71
4,17,29
4,16,60
5,11,87
17,21,88
4,11,97
6,14,71
15,24,71
1,14,88
16,24,99
7,8,58
9,10,9
16,21,95
11,16,65
8,11,39
18,20,85
1,20,88
2,4,96
9,23,71
6,22,44
7,17,69
17,20,19
5,15,73
10,17,91
6,19,98
1,4,14
8,21,52
2,13,43
6,15,3
4,7,14
20,21,2
4,14,61
17,22,40
4,22,31
1,2,81
22,24,20
12,23,20
9,11,77
0,9,79
10,16,46
17,23,79
12,19,62
1,15,33
7,19,38
15,19,58
0,10,29
13,14,8
9,21,49
0,24,12
6,12,91
5,16,16
2,17,92
15,21,28
15,23,61
0,3,11
9,19,100
5,22,2
1,19,16
7,24,43
5,6,13
6,9,34
0,19,38
6,10,89
13,24,35
2,5,34
18,24,2
14,22,88
1,6,36
6,16,82
13,20,53
1,5,25
12,14,19
7,12,14
10,18,22
11,23,78
21,24,2
0,18,5
5,21,71
1,17,28
19,24,87
11,19,86
4,5,19
1,12,42
3,5,70
11,22,88
2,22,14
8,24,21
7,21,78
10,14,71
3,14,100
11,18,66
1,7,41
4,9,68
13,22,69
14,23,71
7,23,30
1,9,13
3,10,51
4,12,10
6,8,11
3,6,5
10,23,40
8,17,58
14,15,98
5,18,19
3,12,43
14,17,34
3,18,6
6,11,34
11,15,19
0,5,64
16,23,90
9,17,68
1,13,7
2,23,38
9,13,87
10,15,41
12,22,100
2,14,2
11,21,78
3,22,67
7,20,6
3,15,47
0,0,0
